scripts/get_globular_clusters/output/NGC_6637_M_69.csv
# %ECSV 0.9
# ---
# datatype:
# - {name: x, unit: deg, datatype: float64}
# - {name: y, unit: deg, datatype: float64}
# - {name: pmx, unit: mas / yr, datatype: float64}
# - {name: pmy, unit: mas / yr, datatype: float64}
# - {name: pmx_e, unit: mas / yr, datatype: float64}
# - {name: pmy_e, unit: mas / yr, datatype: float64}
# - {name: pm_corr, datatype: float64}
# - {name: g_mag, unit: mag, datatype: float64}
# - {name: bp_rp, unit: mag, datatype: float64}
# - {name: filter, datatype: int64}
# - {name: memberprob, datatype: float64}
# meta: !!omap
# - comments: [deg deg mas/yr mas/yr mas/yr mas/yr dimless mag   mag   zeroone float]
# - __serialized_columns__:
#     bp_rp:
#       __class__: astropy.units.quantity.Quantity
#       unit: &id001 !astropy.units.Unit {unit: mag}
#       value: !astropy.table.SerializedColumn {name: bp_rp}
#     g_mag:
#       __class__: astropy.units.quantity.Quantity
#       unit: *id001
#       value: !astropy.table.SerializedColumn {name: g_mag}
#     pm_corr:
#       __class__: astropy.units.quantity.Quantity
#       unit: !astropy.units.Unit {unit: ''}
#       value: !astropy.table.SerializedColumn {name: pm_corr}
#     pmx:
#       __class__: astropy.units.quantity.Quantity
#       unit: !astropy.units.Unit {unit: mas / yr}
#       value: !astropy.table.SerializedColumn {name: pmx}
#     pmx_e:
#       __class__: astropy.units.quantity.Quantity
#       unit: !astropy.units.Unit {unit: mas / yr}
#       value: !astropy.table.SerializedColumn {name: pmx_e}
#     pmy:
#       __class__: astropy.units.quantity.Quantity
#       unit: !astropy.units.Unit {unit: mas / yr}
#       value: !astropy.table.SerializedColumn {name: pmy}
#     pmy_e:
#       __class__: astropy.units.quantity.Quantity
#       unit: !astropy.units.Unit {unit: mas / yr}
#       value: !astropy.table.SerializedColumn {name: pmy_e}
#     x:
#       __class__: astropy.units.quantity.Quantity
#       unit: &id002 !astropy.units.Unit {unit: deg}
#       value: !astropy.table.SerializedColumn {name: x}
#     y:
#       __class__: astropy.units.quantity.Quantity
#       unit: *id002
#       value: !astropy.table.SerializedColumn {name: y}
# schema: astropy-2.0
x y pmx pmy pmx_e pmy_e pm_corr g_mag bp_rp filter memberprob
[from data line 3002]
0.0733891 -0.02258947 -1.937681 -0.2847003 1.353041 1.393496 0.3262879 19.76131 1.200321 1 0.0005196688
-0.01009878 -0.005611556 -4.721706 -5.230695 0.1532668 0.1442386 0.329849 15.6558 1.080177 0 0.0
0.07507574 -0.009033414 -4.991078 -3.803448 1.37206 1.40747 0.4748445 19.77706 1.22975 0 0.0
0.02945595 -0.0598417 -0.5382406 0.5062894 0.7367489 0.7022067 0.4417569 18.97804 1.222025 0 0.0
0.04367919 -0.004095659 -5.442594 -4.602942 1.329589 1.417051 0.5848127 19.79808 0.9580173 0 0.0
0.009590571 -0.06802375 -1.271561 -5.362425 0.3875495 0.3817347 0.5356069 18.10337 0.9610653 1 0.0
0.02919274 0.002700338 -4.08909 -5.887307 1.034334 1.03727 0.3706238 19.30744 0.940834 0 0.0
0.03965936 -0.05841891 -7.057989 -3.30706 0.1585409 0.1503026 0.2465389 16.26766 1.320254 1 0.0
0.05528475 0.003000961 -4.935668 -6.332049 1.121291 1.183439 0.525488 19.54656 nan 0 0.0
0.07445188 0.01601823 -1.570226 -2.367133 0.4244772 0.434939 0.4309668 18.23199 1.136503 0 0.0
0.05545434 -0.0567373 0.0608899 -7.297231 3.305525 2.814064 -0.04135342 20.37789 1.132158 0 0.0
0.01535984 -0.07673349 -1.034224 -3.493971 1.016026 1.055675 0.5840485 19.53258 0.8907299 1 0.0005881038
0.004107038 0.01630054 -2.763045 -3.704334 0.09270028 0.08565153 0.2926328 14.81794 1.407947 1 0.0
0.07875397 -0.01842451 5.535357 -0.8221324 1.402722 1.496423 0.5782108 19.95174 0.884222 0 0.0
-0.009116193 -0.034771 -5.483085 -10.60733 0.4349575 0.4342851 0.5439175 18.25707 0.9364853 0 0.0
-0.04207307 -0.04594594 3.014745 -3.931444 2.499042 2.43125 0.5788757 20.25846 0.4806728 0 0.0
0.03173782 -0.01833858 -0.3835346 -5.007883 0.3573662 0.3585771 0.4829586 17.93448 1.109802 1 0.0
0.04004627 0.0007316149 -5.371214 -5.971247 0.1012117 0.09594886 0.3156986 15.33227 1.440669 1 0.9762339
0.03278171 -0.05398347 0.467981 -0.6259066 0.6981599 0.7002586 0.4158698 18.95926 nan 0 0.0
-0.04067909 -0.05144228 1.9984 -6.989198 1.037609 1.06582 0.5896906 19.30383 0.9174881 0 0.0
-0.008861815 -0.000690467 -5.478683 -5.90167 0.1082117 0.09578881 0.177031 13.09483 1.977027 0 0.0
0.05239043 -0.008525334 -0.6643903 -4.332216 0.6047621 0.6133777 0.5083895 18.79086 0.8857822 1 0.0
0.060538 -0.006546777 -2.12415 -1.052642 3.062873 2.756246 0.08218863 20.23096 1.380966 0 0.0
0.07115298 -0.01455393 -0.7219942 -7.559587 1.594874 1.649915 0.5013193 19.87153 1.09087 0 0.0
0.02388597 -0.07808956 -0.5985754 -9.377713 0.6125016 0.6236129 0.5908744 18.83631 0.9001007 1 0.0
-0.001410705 -0.01757008 -4.745175 -6.706204 0.8221119 0.8065793 0.4098927 18.92261 0.9540691 0 0.0
0.07940781 0.02168647 -4.004504 -4.978036 0.8135122 0.8536712 0.4991864 19.14849 1.16547 0 0.0
-0.004194981 -0.009048132 -14.22795 -15.63443 1.631413 1.40204 0.1284437 18.3331 nan 0 0.0
0.004466327 -0.0185353 3.668025 -7.822926 1.108283 1.093008 0.3760119 19.17405 nan 0 0.0
0.04078707 -0.01452751 -5.10509 -7.406072 0.8889175 0.9240155 0.5108696 19.24643 0.8504295 0 0.0
0.07519373 -0.02214844 -3.51221 -2.721593 1.247555 1.311701 0.5182991 19.75022 0.6692753 0 0.0
0.03199107 -0.03107975 -3.535735 -1.493112 1.857902 1.931216 0.4799178 20.10488 nan 0 0.0
-0.04114587 -0.04491936 1.790068 -5.008842 1.735256 1.732148 0.4192808 19.97623 nan 0 0.0
0.07538443 -0.009823313 -3.972296 -8.055471 1.260215 1.325404 0.562297 19.83379 1.048656 0 0.0
0.003668392 0.009422655 -5.052758 -5.551788 0.1549602 0.1622158 0.7558839 15.00697 1.425613 0 0.0
0.00320179 -0.06065712 0.429151 -4.040415 2.095051 2.123338 0.6376618 20.17864 0.9822865 0 0.0
-0.04045033 -0.04441169 -5.483558 -6.789719 0.3735349 0.3726429 0.5869296 18.01697 1.09201 1 0.5295746
0.01779465 -0.00873698 -5.974466 -3.363956 0.5452863 0.5298061 0.5594283 17.47865 1.161961 0 0.0
0.003410526 0.008831387 -5.365198 -6.053933 0.1234257 0.1159759 0.3465924 15.69672 1.10064 0 0.0
0.001992398 0.008930612 -1.855984 -4.411393 0.1384034 0.1314584 0.4872527 15.5248 1.336144 0 0.0
0.03281156 -0.04274158 -4.256655 -6.955963 0.7779502 0.7948486 0.395485 19.00727 1.233982 0 0.0
0.0338374 -0.05594462 -1.860089 -10.40392 0.7296346 0.7352459 0.4385877 18.99611 nan 0 0.0
0.002843274 0.008831407 -3.537753 -4.58706 0.2373687 0.2284421 0.4278471 15.5571 1.203358 0 0.0
-0.007827997 -0.03024664 0.5516746 -1.309906 0.3105648 0.3005389 0.1755165 17.41621 1.146313 0 0.0
0.05364353 -0.02551673 0.8337494 -5.921216 0.6402921 0.646434 0.4681855 18.83523 1.068089 0 0.0
0.01139831 -0.03334456 3.476004 0.5771014 0.7291511 0.7331684 0.520241 18.6423 1.463648 0 0.0
0.03627986 -0.00489729 -3.538271 -4.403896 0.6866388 0.6872318 0.5539223 18.59366 0.9278164 1 0.361951
0.0360284 -0.05362994 -2.092483 -5.323581 0.9806488 0.9865781 0.296548 19.3746 0.9754124 1 0.01377354
0.06754247 -0.0167675 -3.654345 -5.175265 0.8135057 0.843099 0.4512954 19.13308 1.209257 0 0.0
0.0181296 -0.009602983 -4.714391 -5.147204 0.4561979 0.4510773 0.5302921 18.192 1.027895 0 0.0
0.004648276 0.01094086 -5.332738 -4.372347 0.4220724 0.3997055 0.3856408 17.1727 nan 0 0.0
0.03333981 -0.007879252 -6.204823 -4.33585 1.195744 1.256247 0.546492 19.54219 nan 0 0.0
-0.008009383 -0.01924889 -5.310485 -5.859398 0.1143978 0.1087966 0.4774687 15.68497 1.222668 1 0.9959442
0.00686046 -0.05895597 0.1066226 -7.146164 0.9464087 0.997442 0.6288127 19.43534 0.9117088 0 0.0
0.0655544 -0.02124831 -9.335586 -10.44178 3.209733 2.906225 0.2618707 20.27231 nan 0 0.0
0.0276663 -0.01454162 -5.5616 -5.78309 0.3033581 0.2899295 0.3669352 17.17613 1.206299 0 0.0
0.0334468 -0.06703761 -3.472586 -1.446774 0.9103869 0.9568759 0.6317419 19.38322 1.159172 1 0.0001178669
0.02357042 -0.003992817 -6.965186 -8.195995 0.7535115 0.7529297 0.5323096 18.94973 0.9331093 0 0.0
-0.03802642 -0.04827874 -4.188141 -5.262093 3.688956 2.967792 0.2276233 20.42306 -0.3393688 0 0.0
0.05935612 -0.0004615502 -3.288556 -6.470375 1.035855 1.093115 0.5530296 19.5344 1.06971 1 0.07322693
0.01103523 -0.05193353 -4.712388 -6.476212 0.7435774 0.7450975 0.4141024 18.99119 0.9268398 0 0.0
-0.007726364 -0.01317205 -3.764092 -9.373892 1.037274 0.6795299 -0.6583689 17.6486 1.184093 0 0.0
0.03427564 -0.05533443 2.284722 -7.042315 1.097438 1.114655 0.2821766 19.2906 nan 0 0.0
-0.00246745 -0.02119025 -0.5276325 -4.428431 0.2223372 0.2106302 0.3662308 16.65884 1.193536 0 0.0
-0.005277898 -0.005698884 1.545389 -4.812322 1.181847 0.9824104 0.07684358 18.29212 nan 0 0.0
-0.0458851 -0.04931999 -2.005644 -3.649016 0.3409221 0.3395074 0.6253768 17.75135 0.8421059 0 0.0
0.03372733 -0.005663056 -1.835535 -2.928482 0.8443812 0.9052723 0.5850028 18.77877 0.9622917 0 0.0
0.03270066 -0.06434797 -1.513108 -0.7543462 0.3627723 0.3617085 0.5385426 18.03488 1.047054 1 0.0
0.03099983 0.00946701 -4.855202 -3.937342 1.070425 1.075711 0.4875638 19.4707 0.9315948 0 0.0
0.08210409 0.009076485 -3.135324 -4.501143 0.2397105 0.2420961 0.3230375 17.08823 0.8268948 1 0.0
0.05840153 -0.001498527 3.95595 -4.873355 1.111467 1.166987 0.5247653 19.65269 1.123922 1 0.0
0.02413245 -0.02324956 -2.701905 -1.29994 0.3627252 0.3711398 0.4011995 17.95149 1.154015 0 0.0
-0.02068119 -0.06322672 -9.153827 -6.706924 0.8677469 0.8917592 0.5828129 19.13106 0.6920204 0 0.0
-0.001230317 -0.01404148 -4.734113 -5.887015 0.1226085 0.1151999 0.3059098 15.6759 1.215603 0 0.0
-0.02990018 -0.07648918 0.68529 -9.000117 0.78938 0.8416847 0.8876066 18.15372 0.8921356 1 0.0
-0.04059425 -0.06819257 -1.621743 -3.562082 0.4099584 0.4104527 0.6870653 17.90117 0.993103 0 0.0
0.03113119 -0.05827824 -2.41921 -3.273544 1.333289 1.440719 0.6666273 19.87334 nan 0 0.0
0.05149132 -0.04821293 -2.537097 -8.004506 1.236964 1.181891 0.1781177 19.22664 1.027887 0 0.0
0.02705179 -0.0006483013 -9.597766 -5.973895 1.814307 1.635621 0.05334757 19.74916 nan 0 0.0
-0.01115641 -0.0003168805 -6.493954 -7.503823 0.1832732 0.1712973 0.355761 15.62323 1.14273 0 0.0
0.008614696 -0.03562162 1.665924 -6.370046 0.6293409 0.6511046 0.7921878 18.3618 0.8937416 0 0.0
0.06650351 0.007567232 0.8384921 0.1823374 1.179535 1.246793 0.5521084 19.72134 0.7162285 0 0.0
-0.01682369 -0.02543372 -3.673819 -5.84276 0.8510689 0.8457541 0.3231095 18.9106 nan 0 0.0
-0.05209315 -0.05268028 -5.23906 -3.429211 2.297691 2.205577 0.5690018 20.19525 1.071507 1 0.1217236
0.01057707 -0.003647042 -2.784957 -7.861853 0.3053514 0.2969682 0.5654076 15.17304 1.225168 0 0.0
0.07326902 -0.01173274 2.871794 -6.799077 2.271423 2.338179 0.6355778 20.1565 0.4806423 0 0.0
-0.0008439229 0.01504177 -6.14207 -5.05665 0.6045671 0.6206859 0.4673888 18.44871 nan 0 0.0
-0.008854394 -0.07636641 -3.280901 -6.515101 0.7841011 0.8018437 0.51698 19.10048 0.9400368 1 0.009585588
-0.001024269 0.001297419 -1.472774 -2.536776 0.2388916 0.235655 0.5423536 14.5343 1.241858 0 0.0
-0.03153936 -0.02980167 -5.491795 -2.407787 0.247204 0.2423431 0.5540654 17.27304 0.9092293 0 0.0
-0.04203527 -0.0717676 0.8221447 -6.654491 0.4807605 0.4779452 0.6759679 18.11044 0.8371372 1 0.0
0.05559869 -0.03153369 -0.9958828 -2.938902 1.469775 1.586363 0.6275701 19.9182 1.064329 0 0.0
0.06759301 -0.01812938 -1.336681 -6.24822 0.5874729 0.5931857 0.4926197 18.68917 0.9960995 1 0.0
0.03643672 -0.06339954 1.641162 -2.75639 0.5978979 0.6047652 0.5996416 18.75613 1.082277 0 0.0
0.03780201 -0.002235254 -6.317466 -3.770452 1.952513 2.06736 0.7078797 19.8637 nan 0 0.0
-0.007340719 -0.0005568164 -4.129157 -6.11368 0.2330118 0.2218867 0.5207254 15.39785 1.326938 0 0.0
0.07861172 -0.004153603 -4.47273 -5.900689 1.007286 1.043823 0.4638096 19.44592 1.073162 0 0.0
0.02537565 -0.001899036 -5.009417 -7.042221 0.7356817 0.7604673 0.5787504 18.9479 1.004347 0 0.0
0.07480853 -0.02041625 -0.7244755 -5.38541 0.8183427 0.8561499 0.4969675 19.219 0.8561172 1 0.0
0.005265362 -0.01909229 -6.065597 -5.190715 0.7879767 0.7595973 0.3507777 18.90064 1.111372 0 0.0
0.08243108 6.586881e-05 0.1504369 -2.427892 1.17827 1.211281 0.504029 19.5799 1.321363 0 0.0
-0.009401577 -0.01655585 2.484327 -3.766387 0.2268787 0.2152667 0.4842984 16.75572 1.060158 0 0.0
0.01134507 -0.04679517 -7.50454 -5.054113 0.4954896 0.4965216 0.5589448 18.42934 1.175426 1 0.0
-0.000457 -0.01138263 -2.994643 -1.999033 0.07871504 0.07051423 0.1200832 13.79561 1.515775 1 0.0
0.01913198 -0.02377479 1.330582 -3.353262 2.038525 2.072893 0.6198414 19.7222 nan 0 0.0
0.007845402 0.008777705 -4.484083 -5.658185 0.3125818 0.3021745 0.4341692 17.38937 1.103973 0 0.0
-0.01001805 -0.0361482 -3.488319 -4.293734 1.337542 1.356937 0.7023122 19.55966 0.9989605 0 0.0
0.01326082 0.01384299 -5.024445 -5.958894 0.08276618 0.07698437 0.3113602 14.40234 1.600804 1 0.9964092
-0.02164249 -0.02966143 -6.823281 -11.11889 1.667631 1.650517 0.2923798 19.67125 nan 0 0.0
0.02677195 0.01203947 -5.358558 -6.113928 1.260197 1.194968 0.1996754 19.22154 nan 0 0.0
0.02391518 -0.06504331 -5.563551 -6.27139 1.568146 1.652819 0.6909266 20.08474 nan 0 0.0
0.002376928 -0.07593495 -5.430691 -0.901263 0.4664337 0.4685497 0.5729203 18.41724 1.0198 1 0.0
0.00598929 0.0140345 0.4214879 -5.124353 0.3507953 0.3428403 0.4585429 17.7478 nan 0 0.0
0.01748821 0.006323505 -4.764646 -8.729984 1.053684 1.03554 0.427812 18.88909 0.4715767 0 0.0
0.06469648 -0.03148634 1.08009 0.740353 0.8172016 0.8457926 0.455178 19.19633 0.9364605 0 0.0
0.05478871 -0.0497026 -0.8897627 -6.612859 1.049032 1.100128 0.5299214 19.51457 0.9682465 0 0.0
0.05242771 -0.03314541 -6.913114 -6.508051 1.331315 1.412971 0.5700785 19.82956 nan 0 0.0
0.006479249 0.01447316 -3.703205 -1.5173 0.8847217 0.8366036 0.3925439 18.05606 nan 0 0.0
0.02596499 -0.01451059 1.179131 -5.745268 0.6097804 0.6449022 0.7404216 18.22853 1.181736 0 0.0
0.002042493 -0.056274 -4.283597 -4.853895 0.6723374 0.6817682 0.60637 18.94821 0.9089413 1 0.5980856
0.003925828 2.704494e-05 -5.78137 -6.065852 0.1395986 0.1304541 0.3603417 14.71864 1.243855 0 0.0
0.06175568 -0.03544394 -1.629399 -9.14726 1.32786 1.391242 0.5901867 19.82077 1.161842 1 3.671798e-06
0.0724352 -0.02285954 -0.2958231 -13.10022 0.9079751 0.9526417 0.5243523 19.29895 1.070532 1 0.0
0.05320143 -0.03220745 -2.418686 -2.412156 0.5715715 0.579426 0.5337591 18.65277 0.9217834 0 0.0
0.02537278 -0.01209954 -5.536461 -6.181805 0.4045389 0.43372 0.88243 16.64583 1.285543 1 0.9839437
0.0322502 -0.02715071 0.7321783 -2.788942 0.7974609 0.764044 0.3459551 18.94902 0.985239 0 0.0
0.01525718 -0.07450188 -0.7489605 0.5177743 1.557866 1.60932 0.6727793 19.95551 -0.4855843 0 0.0
-0.04089095 -0.03880429 -4.430418 -9.593629 1.355135 1.397673 0.6275436 19.80738 nan 0 0.0
0.04032916 -0.05862138 0.9860503 -3.069632 0.2934694 0.2836194 0.3597768 17.54889 1.176172 1 0.0
0.02412142 -0.06456653 -0.5200211 -2.926582 1.577293 1.657007 0.6161316 19.99453 0.9802246 0 0.0
0.05002946 -0.03573423 -8.17269 -3.265451 0.8748506 0.9230244 0.5517895 19.28067 1.19013 0 0.0
0.05827446 -0.03863834 -6.355358 -3.626712 1.314609 1.385734 0.5265734 19.74086 0.8746777 0 0.0
0.03354293 -0.01629073 -4.941318 -5.566218 0.2458535 0.2449754 0.4585779 17.26562 1.252594 1 0.9794511
0.07558978 -0.01088397 0.06925563 -3.0835 0.1022787 0.1006849 0.136987 15.18675 1.30332 1 0.0
-0.02916283 -0.04652069 -1.173081 -4.852091 0.757122 0.7365905 0.4829577 19.00054 1.004065 1 1.489499e-05
0.0003163464 -0.0132442 -7.46532 -7.244462 1.580128 1.390544 0.2191475 18.80799 nan 0 0.0
-0.0009468304 -0.007537419 -4.532191 -5.959 0.1445439 0.1330631 0.2803998 15.23208 1.312427 0 0.0
-0.0176251 -0.01311622 -5.365445 -5.968593 0.6952924 0.6387551 0.3889115 18.67233 1.237513 0 0.0
0.008025403 0.003265452 -6.729665 -5.275088 0.4014162 0.3856124 0.4616647 14.47601 1.378896 0 0.0
0.06211751 -0.03396027 -0.04821244 -8.358033 1.069903 1.137404 0.5081214 19.51681 0.8036594 0 0.0
0.00593774 0.01436257 -5.926755 -5.167411 1.662833 1.541543 0.1209923 18.6632 nan 0 0.0
0.01323713 0.02815574 -5.226601 -6.116623 0.1233117 0.1176281 0.3917527 15.72941 1.2111 1 0.9819132
0.001630016 -0.06880908 -0.3382936 -2.951436 0.5589374 0.5493657 0.5181047 18.37022 1.018805 0 0.0
0.05830559 -0.0303414 -1.55699 -4.74442 0.8758606 0.9190828 0.523862 19.28197 0.9762611 0 0.0
0.02643209 -0.00390587 -3.060317 -5.550299 0.5189917 0.5223766 0.5231142 18.36523 1.001097 0 0.0
0.00537042 0.01380947 -5.1582 -5.752434 0.07610367 0.07019172 0.2788417 14.11533 1.542621 1 0.9984267
-0.0001218726 -0.01715808 -4.984753 -5.816823 0.08549348 0.07948584 0.2717184 14.60215 1.523202 1 0.9976687
0.05113966 0.0134366 0.1345462 -5.12184 0.9839404 1.041616 0.5855317 19.43838 0.9489422 0 0.0
0.07524551 0.009116781 -3.385032 -10.5206 0.7809316 0.7650513 0.1359574 18.83797 0.9831448 0 0.0
0.06037158 -0.02413242 -1.109676 -2.230381 0.3085602 0.3011385 0.3895875 17.55194 1.188677 0 0.0
0.02411823 -0.07648363 -4.333419 -0.5310866 0.4490797 0.4509048 0.5562291 18.33024 1.327864 0 0.0
0.06641458 -0.04326737 -3.543351 -3.232719 0.6105069 0.6227826 0.5120591 18.82069 0.8412743 0 0.0
0.0003163282 -0.01843219 -4.660514 -5.954278 0.1566171 0.1473802 0.3206509 15.66651 1.17184 0 0.0
0.006014289 0.002208937 -5.203052 -7.261461 0.3821208 0.3591818 0.3948791 16.33349 1.036417 0 0.0
0.01139748 -0.03993635 -1.479798 -7.441575 0.7339824 0.7923754 0.8788227 18.15912 1.033007 1 0.0
-0.003319158 0.009125122 -5.152214 -5.587609 0.08710762 0.08184252 0.3326525 14.73327 1.40942 1 0.9953724
0.08051078 -0.0139209 -4.153554 -5.852228 1.30645 1.357033 0.4834132 19.78347 1.032129 0 0.0
0.00531804 3.841791e-05 -6.147891 -5.834288 0.2291971 0.2196275 0.4403577 15.52922 1.166768 0 0.0
-0.0006633509 0.005451627 -4.940303 -5.897991 0.08001417 0.07399671 0.2917864 14.34265 1.433414 0 0.0
-0.02297357 -0.06555042 -2.47604 -6.573142 1.917164 2.047678 0.774889 20.08907 0.615696 0 0.0
0.06799961 0.008412983 -1.73034 -1.480349 0.8632099 0.9011785 0.476111 19.26498 1.079365 1 2.260325e-05
-0.04513042 -0.06416259 5.634907 -21.42028 1.800598 1.601516 0.3151654 19.7968 0.8495274 0 0.0
0.006787706 0.001510793 -4.25747 -4.651836 0.1686488 0.1620575 0.4246856 15.51668 1.193596 0 0.0
0.01579742 -0.07865999 -3.243951 -6.823273 0.7950105 0.8290399 0.5779024 19.22451 1.14086 0 0.0
0.07856059 -0.003661463 -1.761208 -0.5728522 1.658297 1.741883 0.5377359 20.00679 nan 0 0.0
