scripts/get_globular_clusters/output/NGC_6293.csv
# %ECSV 0.9
# ---
# datatype:
# - {name: x, unit: deg, datatype: float64}
# - {name: y, unit: deg, datatype: float64}
# - {name: pmx, unit: mas / yr, datatype: float64}
# - {name: pmy, unit: mas / yr, datatype: float64}
# - {name: pmx_e, unit: mas / yr, datatype: float64}
# - {name: pmy_e, unit: mas / yr, datatype: float64}
# - {name: pm_corr, datatype: float64}
# - {name: g_mag, unit: mag, datatype: float64}
# - {name: bp_rp, unit: mag, datatype: float64}
# - {name: filter, datatype: int64}
# - {name: memberprob, datatype: float64}
# meta: !!omap
# - comments: [deg deg mas/yr mas/yr mas/yr mas/yr dimless mag   mag   zeroone float]
# - __serialized_columns__:
#     bp_rp:
#       __class__: astropy.units.quantity.Quantity
#       unit: &id001 !astropy.units.Unit {unit: mag}
#       value: !astropy.table.SerializedColumn {name: bp_rp}
#     g_mag:
#       __class__: astropy.units.quantity.Quantity
#       unit: *id001
#       value: !astropy.table.SerializedColumn {name: g_mag}
#     pm_corr:
#       __class__: astropy.units.quantity.Quantity
#       unit: !astropy.units.Unit {unit: ''}
#       value: !astropy.table.SerializedColumn {name: pm_corr}
#     pmx:
#       __class__: astropy.units.quantity.Quantity
#       unit: !astropy.units.Unit {unit: mas / yr}
#       value: !astropy.table.SerializedColumn {name: pmx}
#     pmx_e:
#       __class__: astropy.units.quantity.Quantity
#       unit: !astropy.units.Unit {unit: mas / yr}
#       value: !astropy.table.SerializedColumn {name: pmx_e}
#     pmy:
#       __class__: astropy.units.quantity.Quantity
#       unit: !astropy.units.Unit {unit: mas / yr}
#       value: !astropy.table.SerializedColumn {name: pmy}
#     pmy_e:
#       __class__: astropy.units.quantity.Quantity
#       unit: !astropy.units.Unit {unit: mas / yr}
#       value: !astropy.table.SerializedColumn {name: pmy_e}
#     x:
#       __class__: astropy.units.quantity.Quantity
#       unit: &id002 !astropy.units.Unit {unit: deg}
#       value: !astropy.table.SerializedColumn {name: x}
#     y:
#       __class__: astropy.units.quantity.Quantity
#       unit: *id002
#       value: !astropy.table.SerializedColumn {name: y}
# schema: astropy-2.0
x y pmx pmy pmx_e pmy_e pm_corr g_mag bp_rp filter memberprob
[from data line 1012]
0.0122746 0.002974074 -0.4102895 -5.089735 0.156771 0.1098123 0.1518506 16.36758 0.8550863 0 0.0
-0.0146839 -0.04697776 3.855746 -3.098567 1.759179 1.143683 0.4507835 20.29381 1.345066 0 0.0
-0.08081497 -0.003912613 -4.49651 -3.917887 0.1041722 0.06684964 0.2142426 15.76434 1.681364 1 0.0
-0.05779684 0.02636713 -2.1246 -3.435721 0.4589658 0.3046304 0.369262 18.38787 1.43804 1 0.0
0.008644458 -0.0003806211 -1.250161 -5.831135 0.3047268 0.1976642 0.274334 15.45197 1.431325 0 0.0
0.01153764 0.002262709 1.406098 3.495855 1.098063 1.168391 -0.178719 19.13628 nan 0 0.0
0.02906505 0.02508294 -1.99201 -5.799664 0.3539776 0.2317706 0.3231852 17.63343 1.63711 0 0.0
0.03088391 -0.01231111 -4.259793 -3.881846 0.2619578 0.1798424 0.3526851 17.4966 1.351118 0 0.0
0.06434483 -0.003625608 0.39561 -2.007443 1.498371 1.161753 0.3073804 20.1568 1.056837 0 0.0
-0.004786422 0.0811759 -4.4641 -6.014075 1.12512 0.7536841 0.4702561 19.61758 1.067314 0 0.0
-0.07072237 0.004152615 -18.72534 7.861021 1.520652 1.011036 -0.213593 19.56385 1.24592 0 0.0
-0.006825642 -0.07154366 -6.226961 0.8482934 2.489643 1.855012 0.06310658 20.57157 1.980806 0 0.0
-0.036546 0.07127867 -1.686281 -5.491351 1.396035 1.045913 0.2295857 19.5149 0.9448586 0 0.0
0.04644974 -0.05183472 -2.950882 -7.273266 1.04554 0.6338158 0.6460451 19.25192 1.347403 0 0.0
0.02062558 0.0001709787 2.78134 -2.313957 0.5139894 0.3509077 0.3920543 18.78196 nan 0 0.0
0.0001295446 0.0644066 -7.946997 -6.087626 1.090083 0.7215478 0.4489262 19.93357 nan 0 0.0
-0.008358615 0.004990494 2.151585 -3.964573 0.2241183 0.1507405 0.2993918 16.51736 1.30563 0 0.0
-0.0272043 0.06226142 -3.046283 -7.522311 0.651009 0.4336177 0.4257143 19.19526 0.8823071 1 0.0
-0.04084691 0.03233871 -6.383523 -10.83236 2.016315 1.292987 0.5306322 20.49167 0.9435673 0 0.0
0.01640049 0.03604126 -6.541492 -4.598832 1.214282 0.7612456 0.5509398 19.77634 1.386736 0 0.0
-0.002054983 0.06239243 2.681441 -5.401114 0.5785744 0.390436 0.423078 18.81324 1.503513 0 0.0
-0.07620524 -0.0003007483 0.1817186 -1.325939 0.2992436 0.2093369 0.2449415 17.86806 1.528353 1 0.0
-0.05570887 -0.001027086 1.423279 -5.0514 0.5134234 0.3816192 0.2959966 18.62683 1.346125 0 0.0
-0.05489173 -0.05452973 -0.05656356 -5.331371 1.047426 0.6896055 0.5199562 19.62699 1.609756 0 0.0
-0.06506453 -0.01036277 -4.777753 -11.79652 1.189475 0.8312716 0.3466146 19.52303 nan 0 0.0
0.01058895 0.07310934 -4.241289 -4.382911 0.4414943 0.3095066 0.3642616 18.48851 1.217289 0 0.0
0.05195955 0.006873008 -1.709782 -10.25004 0.4110796 0.2622835 0.3870812 18.30604 1.296087 0 0.0
0.06670221 0.01418005 4.96555 4.754406 2.092363 1.36245 0.5036699 20.52733 0.7625179 0 0.0
0.04030435 0.0042036 -2.961727 -1.245459 0.8449202 0.5625264 0.3523272 19.57825 1.266333 0 0.0
-0.05590286 -0.05082233 -1.373718 -5.345783 0.671845 0.4898157 0.2353831 19.26327 1.675684 1 0.004325076
-0.01468131 -0.06709265 -4.248364 -1.891952 0.9535369 0.689032 0.3050698 19.61334 1.32766 0 0.0
-0.02574073 -0.01042538 -3.411272 -3.892931 1.314127 0.9291362 -0.251446 19.53161 1.459826 0 0.0
-0.02080852 0.02891278 -3.003979 -4.933616 3.242341 2.496396 -0.07871053 20.63087 nan 0 0.0
0.001329684 -0.05359532 -5.947586 -1.337947 1.316064 0.8927457 0.3476229 19.83492 nan 0 0.0
0.02984813 -0.007740829 2.225239 -0.9140901 0.4389432 0.3004606 0.4404228 18.53191 1.253483 0 0.0
0.0002659428 0.005315048 -0.2343164 1.892922 0.9088019 0.6551722 0.4293358 17.6087 nan 0 0.0
0.07630463 0.006006789 -3.72492 -13.11015 2.575006 1.758064 0.4262821 20.17286 1.076292 0 0.0
-0.05860306 -0.05176019 -6.002729 -3.350722 0.6692118 0.4637078 0.3100709 19.23199 1.756742 0 0.0
-0.05359183 -0.03431313 -1.942573 -9.008047 0.6188501 0.4643195 0.2018463 19.06419 1.365686 0 0.0
-0.0005528478 0.005570632 3.063133 -5.431169 0.6217789 0.4157325 0.2571361 18.3442 nan 0 0.0
-0.06351072 -0.007340658 -3.821261 -7.536231 1.422591 0.9639474 0.3969271 20.13528 nan 0 0.0
-0.06597686 -0.03724737 -4.621503 -3.951747 1.369531 0.9119744 0.4429717 19.77723 1.414497 0 0.0
0.05179007 0.05465407 1.626992 -2.465246 0.9274041 0.6022279 0.3611833 19.73502 1.558807 0 0.0
-0.05985648 -0.05447309 -4.984958 -6.8007 0.7163993 0.4986703 0.3358707 19.35154 1.499142 0 0.0
0.01789422 -0.01380371 -16.00111 -6.294447 2.500144 2.050532 -0.04327005 19.80515 nan 0 0.0
-0.01111309 -0.01674398 0.06839708 -6.267181 1.050348 0.6996724 0.2619839 19.33075 nan 0 0.0
-0.03047992 0.0578737 -10.32403 -0.7548576 2.037778 1.377129 0.5068965 19.72455 1.051043 0 0.0
-0.004155289 -0.001057479 1.185996 -4.337763 0.06296739 0.04138968 0.1237942 14.29132 1.594913 1 0.9914312
-0.01704155 0.03047361 3.210316 -6.344241 0.9204431 0.6478899 0.565876 19.02542 1.134583 0 0.0
0.04804876 0.05329004 -4.933148 -6.182699 1.064337 0.6597296 0.2460968 19.92514 1.31118 0 0.0
-0.05514147 0.01085597 1.944586 0.9535693 0.4890488 0.3544174 0.3962298 17.54058 1.416031 0 0.0
-0.06570059 -0.04323247 -1.329035 -13.11251 1.970666 1.422462 0.4364852 20.35645 0.9178448 0 0.0
-0.007649183 0.007737125 2.66288 -5.697014 1.193754 0.6748554 0.7461811 18.62221 nan 0 0.0
0.07422467 -0.002771372 -0.1155537 -0.7561111 0.7149953 0.4798052 0.340043 19.37713 nan 0 0.0
0.03624113 -0.07118489 -16.88444 -13.93861 1.456153 0.9890466 0.3602643 20.17561 0.9512081 0 0.0
0.02977401 0.02209012 -2.113423 -6.370397 0.3219049 0.2046751 0.3577076 17.59565 1.583872 1 0.0
0.03241915 0.01267283 1.282854 -4.404904 0.2219586 0.1738185 0.1604695 17.27937 1.431898 1 0.9659571
0.006595717 -0.03279587 -3.036061 1.394031 0.9953281 0.6741258 0.5714294 19.65581 1.278364 0 0.0
0.07025957 -0.01563394 2.440249 -3.099569 2.005578 1.478756 0.2480548 20.45479 nan 0 0.0
0.0350088 0.001697178 -2.58173 -8.471564 0.8780721 0.6140571 0.2381383 19.62665 1.351379 0 0.0
0.01743029 -0.01400581 -11.03493 -1.748135 0.2447254 0.1667448 0.4506856 17.45873 1.313112 0 0.0
-0.02722909 0.05164703 5.947484 2.375388 1.857661 1.29103 0.4883307 20.38971 0.9574528 0 0.0
0.0716373 0.005676018 -2.338825 -7.73037 0.8492996 0.5628785 0.333124 19.65065 1.163502 0 0.0
-0.0635382 -0.007012609 -5.409867 -6.65374 1.2792 0.9419207 0.3861698 20.06991 0.8171482 0 0.0
0.01731335 -0.06535733 -7.867932 -1.0763 1.085404 0.7331681 0.2610026 19.94582 0.8953495 0 0.0
-0.01466903 0.0499823 -4.687702 -7.531024 0.5925107 0.401592 0.3037501 18.71692 1.400269 0 0.0
0.04639872 0.0241884 -6.274311 -3.480064 0.263985 0.1890034 0.07442622 13.80905 5.105228 1 0.0
-0.0004164441 0.02249263 10.2319 8.565217 1.46358 0.9423027 0.3540888 19.2509 nan 0 0.0
0.0002112924 -0.02956654 1.919765 -4.753263 1.113118 0.7787709 0.2336609 19.94885 0.9437542 0 0.0
0.0005659198 -0.04436757 0.09716169 -6.982325 2.019206 1.224256 0.5716774 20.21368 0.9701138 0 0.0
-0.06683494 -0.01618311 1.157711 -1.78196 0.986714 0.7000238 0.277087 19.69233 1.441238 0 0.0
0.01031005 0.008551355 -6.851563 -1.066432 1.294607 0.974642 -0.1515251 19.47689 nan 0 0.0
-0.004236902 -0.008122301 0.8322999 -4.955591 0.1584791 0.1025264 0.3645141 16.02436 1.415469 0 0.0
-0.01288213 -0.05806305 -2.569422 -3.069633 3.310014 1.789844 0.6202619 20.31906 1.233585 0 0.0
-0.01528928 -0.007959212 2.559798 -6.178246 1.834495 1.232008 -0.2719402 19.88275 nan 0 0.0
0.04077788 -0.0455612 3.376443 -1.898883 1.923692 1.23691 0.7212889 19.88001 nan 0 0.0
0.001247851 -0.05328442 -2.932137 -5.891089 0.4019272 0.2694486 0.3607534 18.50377 1.727163 0 0.0
0.0174848 -0.01441972 -4.161328 -4.186866 1.403517 0.8924469 0.7123469 19.58477 nan 0 0.0
-0.01959843 -0.02339795 -3.434952 -8.089709 1.342381 0.7681709 0.4831796 19.4074 1.365416 0 0.0
0.03091126 -0.01208796 -2.120583 -3.158253 2.466994 1.604285 0.6304571 19.91324 nan 0 0.0
-0.008036266 0.07875148 -6.833038 -8.078234 0.6317414 0.4242735 0.4350382 19.01578 1.204916 0 0.0
-0.01258402 -0.04045247 -4.846091 -7.958337 0.8918026 0.5996007 0.3942357 19.71483 1.29117 0 0.0
0.04573091 0.06088033 -2.541327 -1.107769 0.8237217 0.5426283 0.3459923 19.51633 1.043753 0 0.0
-0.004482562 -0.006785259 -1.031184 -5.514175 0.2340093 0.1521295 0.4253103 16.46838 0.8711405 0 0.0
0.05554283 -0.03317537 -10.62097 3.195906 1.453414 1.270381 0.01935386 19.61375 1.119564 0 0.0
0.02396444 0.0444952 2.879449 -3.395378 1.656255 0.9372022 0.4881768 19.95939 0.5598106 0 0.0
0.04192004 -0.05547028 -4.688639 -4.33509 0.4515902 0.3378137 -0.009473018 18.61064 1.770235 0 0.0
-0.003611364 0.05942455 -2.037235 1.792506 0.4977386 0.3329954 0.4238388 18.74533 1.272697 0 0.0
-0.01506702 -0.03792553 -5.585144 -1.309002 0.7810758 0.5262064 0.4488206 19.4484 1.460409 0 0.0
-0.004891917 -0.006710889 9.718229 2.927307 0.6877982 0.479385 0.5110704 16.8565 nan 0 0.0
0.05540681 -0.03236277 -3.91975 -1.736583 0.8884115 0.592496 0.4230878 19.17775 1.27931 0 0.0
0.0002659826 0.02248309 -10.14608 -7.622149 1.294623 0.804051 0.5591439 19.64245 nan 0 0.0
-0.003609841 0.01104085 1.121975 -2.51422 1.083702 0.6139003 0.1624865 19.29856 nan 0 0.0
-0.0812274 0.0003996111 -1.677708 -1.912439 0.421237 0.3020278 0.4594012 18.35318 1.291594 1 0.0
0.04575808 0.06055607 -6.9258 -4.523002 1.996874 1.335916 0.4411472 20.45749 nan 0 0.0
-0.06580547 -0.05059871 -3.339635 0.6994547 1.160637 0.8633369 0.2386635 19.78723 0.986372 0 0.0
0.05281921 0.03632017 -5.375324 -2.517931 0.8503251 0.5487793 0.2712884 19.51633 1.474705 0 0.0
0.06074488 -0.05039755 0.01830285 -0.2154847 1.463085 0.8517692 0.5707156 19.88804 nan 0 0.0
-0.0118176 -0.0647768 -4.791693 -6.92951 1.023517 0.7135135 0.3070674 19.76757 1.319765 0 0.0
-0.0306 -0.003714614 6.19332 -2.652694 0.7248966 0.4608958 0.5533096 18.51073 1.443047 0 0.0
0.01465827 0.07522605 -0.5637034 -3.806575 0.2376297 0.160227 0.3905506 17.48829 1.300762 1 0.0
-0.01587098 0.05427558 -4.83621 -2.26465 1.9755 1.357703 0.6087907 20.08539 0.499548 0 0.0
-0.016083 0.008508728 -0.286089 -0.4977839 0.4827166 0.3050754 0.5187962 18.31253 1.286741 0 0.0
-0.02565352 -0.03421762 -3.317739 -2.791179 0.7231402 0.4850816 0.3659577 19.2141 1.077484 0 0.0
0.01208345 0.001946033 -2.989751 -5.983684 0.2284624 0.1634458 0.1348805 16.24121 1.559257 0 0.0
-0.05300346 0.05031239 0.9777695 -4.459893 0.2483052 0.1712336 0.3461717 17.72436 1.434668 0 0.0
-0.005626957 -0.04314319 -6.807531 -4.050959 1.013976 0.6765105 0.375654 19.91822 1.425772 0 0.0
0.02656777 -0.0317421 -5.154359 -1.407459 0.1578068 0.09844449 0.06358443 16.80709 1.656578 1 0.0
-0.04641497 0.02980172 -3.747378 -4.341143 0.8684494 0.5767528 0.4263504 19.61719 0.6355877 0 0.0
0.01372209 0.01123464 2.293848 -3.637983 0.8194163 0.548302 0.06437862 18.89911 0.8998547 0 0.0
0.002149236 0.009463511 -7.148292 -5.545162 0.3264448 0.214765 0.1881891 18.02043 nan 0 0.0
-0.07975012 -0.004646196 -0.2694128 -5.078449 0.2253423 0.1563342 0.3570533 17.31897 1.913044 1 8.384715e-06
0.05195824 0.003983375 -4.713398 -1.981064 2.197945 1.687449 -0.02208525 20.44 nan 0 0.0
-0.01679942 0.05481713 -0.9027431 -2.882255 0.6653009 0.4462054 0.3548402 19.20183 1.050642 0 0.0
0.07644135 0.006382445 -9.523541 -4.88356 1.655659 1.095716 0.4645239 20.30961 nan 0 0.0
-0.03210549 0.01229907 0.2539385 -5.536071 3.43804 1.993758 0.6978438 20.55695 0.7310925 0 0.0
0.01230184 0.00241331 0.2263341 -3.459753 0.4703751 0.3531497 0.2261701 18.443 nan 0 0.0
0.05448704 -0.01579319 -5.846474 -6.556865 1.631352 1.106771 0.5319156 20.29466 0.8358459 0 0.0
0.005558173 -0.04834071 -5.480895 -4.359763 1.795084 1.207651 0.4067282 20.35391 1.117317 0 0.0
0.04859683 -0.006419737 -0.3930265 -5.552304 1.075503 0.7594703 0.3043898 19.87365 0.7499905 0 0.0
0.06009154 0.05623693 -4.365548 -5.494421 0.7619403 0.494518 0.323177 19.19268 1.052177 0 0.0
0.061958 -0.02675662 -1.033895 -2.89409 0.704785 0.4396319 0.4612225 19.01446 nan 0 0.0
-0.02532331 0.07657649 -2.510438 -0.567027 0.9819342 0.6570959 0.364503 19.56693 1.178663 0 0.0
-0.01351643 0.0004257159 -3.524052 -6.063771 0.5350633 0.3683495 0.3079532 18.0633 1.449465 0 0.0
-0.05653862 0.02128467 -11.52305 -7.515178 0.9591146 0.6483107 0.5576131 19.54255 1.045696 1 0.0
-0.05729366 -0.05173092 -2.519611 -4.376657 0.9364174 0.6554761 0.3216241 19.59583 1.529646 0 0.0
0.01031576 0.07206604 -3.319999 -6.43608 1.044298 0.7100418 0.2531865 19.85041 2.089069 1 0.0001233651
-0.01928577 0.06442596 -0.7007535 -0.8396487 1.669489 1.033455 0.2340477 20.19195 0.910614 0 0.0
0.0704147 -0.02959583 -5.062554 -8.201035 1.064582 0.7608358 0.4626031 19.20788 1.30995 0 0.0
-0.01296461 -0.05240586 -10.30518 -10.02452 2.584348 1.582523 0.71454 20.43456 1.093838 0 0.0
0.05577281 0.04692363 0.587011 -3.712033 1.044066 0.7086945 0.3108056 19.03106 1.352678 0 0.0
0.002914425 0.04715461 -4.596242 0.5700324 0.8514238 0.5680659 0.4315261 19.58432 nan 0 0.0
-0.04280413 0.009997219 -4.790404 -3.231598 0.9522754 0.653791 0.5758706 19.50775 0.9175568 0 0.0
-0.02006968 0.01877154 7.059347 -5.264171 1.048493 0.6954978 0.3457009 18.73993 1.535391 0 0.0
-0.02362528 -0.07900171 -0.5922582 -3.420495 1.365534 0.9776886 0.3948473 20.06596 2.503935 1 0.05132827
-0.008084338 -0.01410395 0.7690523 -4.230704 0.2040227 0.130871 0.271779 16.7997 1.319571 0 0.0
0.03855384 -0.007005285 -2.670859 -6.394101 0.9034363 0.5969895 0.2742527 19.67241 nan 0 0.0
-0.03971146 0.06447983 -6.091618 -5.102419 0.7937876 0.5382434 0.3844841 19.48494 1.031563 0 0.0
-0.02510042 0.05643114 0.1443211 -2.867163 2.005536 1.334675 0.5192285 20.25919 0.9190941 0 0.0
0.03403371 0.02671044 -4.893005 -4.93917 1.527504 0.9052292 0.162499 19.6881 1.522192 0 0.0
-0.01335264 6.906095e-05 0.599776 -5.315398 1.199484 0.78784 0.8882442 18.41318 nan 0 0.0
-0.06184874 -0.05279377 -2.827416 -6.514312 0.855908 0.5946583 0.2973252 19.46753 1.352741 0 0.0
0.05009338 -0.01647592 -1.469782 -5.862724 1.352783 0.9151075 0.4781018 20.11907 nan 0 0.0
-0.0335551 0.02252395 -3.142664 -1.626527 0.1471208 0.09699174 0.3031101 16.60092 1.609917 1 0.0
0.05141235 0.003907328 -5.57939 -9.735784 1.446337 0.9675123 0.3221797 19.91272 0.9076042 0 0.0
0.02754406 -0.05640243 -2.222841 -6.624899 0.3387646 0.2151534 0.02145248 18.08951 1.476765 0 0.0
-0.02169728 -0.03490917 0.8160458 -4.307333 0.179171 0.1218162 0.3388322 17.04119 0.7435436 1 0.9888132
-0.02403332 0.04590281 -7.234581 -6.604582 2.553039 1.678899 0.8158395 20.03913 0.8945866 0 0.0
-0.009675056 0.08067968 -2.633436 -3.147122 0.8353118 0.5674898 0.3153044 19.7039 1.335436 0 0.0
-0.02069328 -0.004585961 -3.459348 -5.706359 1.577574 1.393475 -0.06667454 19.96176 1.568764 0 0.0
-0.03566716 0.0553011 -0.8635477 -7.817437 1.126267 0.744488 0.4468462 19.97232 0.8924866 0 0.0
-0.07626126 0.001862148 -2.94021 -2.075987 0.1802212 0.1228875 0.1767819 16.96336 1.626829 1 0.0
0.06642206 0.04887107 1.495411 -3.543852 0.3488507 0.2245292 0.265209 18.30759 1.28479 1 0.04538329
-0.0217751 -0.05602353 -5.221896 -7.354933 1.637597 1.186364 0.3594847 19.75529 1.068001 0 0.0
0.04638352 0.05410135 1.219491 -0.6283542 2.426168 1.710988 0.2654013 20.63943 2.012283 0 0.0
-0.03101566 0.0195225 -1.997832 0.2664763 0.08200632 0.05235529 0.2473368 15.19452 1.886393 1 0.0
0.01192783 0.08024268 -1.037941 -6.528141 0.8926702 0.5865742 0.3638848 19.66587 1.405096 0 0.0
0.0290082 0.01617945 -6.340705 -4.061961 1.224332 0.8505368 0.3587346 19.13068 1.209002 0 0.0
-0.06722681 -0.04585787 -4.526132 -7.925435 1.270556 0.8944103 0.04929722 19.91153 nan 0 0.0
0.01316813 -0.05889468 -9.295658 -4.766183 1.989609 1.267341 0.5571637 20.28032 nan 0 0.0
0.001276572 0.0762455 -8.425296 -4.178768 1.8215 1.266852 0.5056925 20.27285 0.7310181 0 0.0
0.03381096 0.01191902 -3.690328 -2.231423 0.4129531 0.2762156 0.2133145 18.11824 nan 0 0.0
0.0293503 0.07308127 -3.304763 -6.830221 2.693825 2.00308 0.1677494 20.42659 0.8325176 0 0.0
0.02949472 -0.002482177 0.4782249 -1.846246 2.80256 1.849829 0.863093 19.96261 1.562048 0 0.0
0.06177277 0.03453041 1.688991 0.8633339 2.025418 1.326771 0.5331179 20.44276 nan 0 0.0
-0.02938622 -0.05424568 -3.440089 -10.40159 0.7897445 0.557382 0.3361729 19.54745 1.303972 0 0.0
0.05176356 0.05641457 -4.689049 -4.494716 1.746119 1.03585 0.5434226 20.17533 1.391169 0 0.0
