scripts/get_globular_clusters/output/NGC_6362.csv
# %ECSV 0.9
# ---
# datatype:
# - {name: x, unit: deg, datatype: float64}
# - {name: y, unit: deg, datatype: float64}
# - {name: pmx, unit: mas / yr, datatype: float64}
# - {name: pmy, unit: mas / yr, datatype: float64}
# - {name: pmx_e, unit: mas / yr, datatype: float64}
# - {name: pmy_e, unit: mas / yr, datatype: float64}
# - {name: pm_corr, datatype: float64}
# - {name: g_mag, unit: mag, datatype: float64}
# - {name: bp_rp, unit: mag, datatype: float64}
# - {name: filter, datatype: int64}
# - {name: memberprob, datatype: float64}
# meta: !!omap
# - comments: [deg deg mas/yr mas/yr mas/yr mas/yr dimless mag   mag   zeroone float]
# - __serialized_columns__:
#     bp_rp:
#       __class__: astropy.units.quantity.Quantity
#       unit: &id001 !astropy.units.Unit {unit: mag}
#       value: !astropy.table.SerializedColumn {name: bp_rp}
#     g_mag:
#       __class__: astropy.units.quantity.Quantity
#       unit: *id001
#       value: !astropy.table.SerializedColumn {name: g_mag}
#     pm_corr:
#       __class__: astropy.units.quantity.Quantity
#       unit: !astropy.units.Unit {unit: ''}
#       value: !astropy.table.SerializedColumn {name: pm_corr}
#     pmx:
#       __class__: astropy.units.quantity.Quantity
#       unit: !astropy.units.Unit {unit: mas / yr}
#       value: !astropy.table.SerializedColumn {name: pmx}
#     pmx_e:
#       __class__: astropy.units.quantity.Quantity
#       unit: !astropy.units.Unit {unit: mas / yr}
#       value: !astropy.table.SerializedColumn {name: pmx_e}
#     pmy:
#       __class__: astropy.units.quantity.Quantity
#       unit: !astropy.units.Unit {unit: mas / yr}
#       value: !astropy.table.SerializedColumn {name: pmy}
#     pmy_e:
#       __class__: astropy.units.quantity.Quantity
#       unit: !astropy.units.Unit {unit: mas / yr}
#       value: !astropy.table.SerializedColumn {name: pmy_e}
#     x:
#       __class__: astropy.units.quantity.Quantity
#       unit: &id002 !astropy.units.Unit {unit: deg}
#       value: !astropy.table.SerializedColumn {name: x}
#     y:
#       __class__: astropy.units.quantity.Quantity
#       unit: *id002
#       value: !astropy.table.SerializedColumn {name: y}
# schema: astropy-2.0
x y pmx pmy pmx_e pmy_e pm_corr g_mag bp_rp filter memberprob
[from data line 9402]
0.1177229 0.06385895 -5.670478 -4.902045 0.1506517 0.1941053 -0.006081293 18.19111 0.9026489 1 0.9957462
-0.04129714 0.00901681 -5.028394 -4.225529 0.2260233 0.3556508 -0.01186164 18.71054 0.7497883 0 0.0
0.04235982 0.06377884 -5.512351 -4.665796 0.1668797 0.2226403 -0.004606225 18.38344 0.770689 1 0.9988604
0.03410482 -0.05346444 -6.094749 -5.170433 0.3183862 0.4213631 0.1429968 19.18186 0.7418575 1 0.9893268
0.02249199 -0.001860889 -5.407243 -4.717099 0.03235555 0.04662419 -0.05425521 15.31018 0.67138 1 0.9997854
-0.007880813 0.01268988 -5.218856 -5.041521 0.2391244 0.294181 0.1056712 17.80462 0.9431362 0 0.0
-0.01015708 -0.01082476 -5.350343 -4.737094 0.2918838 0.3886332 0.0922687 19.02728 1.032621 0 0.0
0.01568105 0.009901368 -4.972855 -4.819905 0.5229064 0.4367688 -0.004296782 19.11748 nan 0 0.0
0.02428648 -0.05167495 -5.776662 -3.907823 0.2451628 0.3268167 -0.04635522 18.89452 0.7954082 0 0.0
-0.06063796 0.007030697 -5.267972 -4.574318 0.5248302 0.7687097 0.2486851 19.58695 nan 0 0.0
0.00620735 0.06861382 -5.247545 -8.14844 2.010104 1.843792 0.5401263 20.68723 0.7145138 0 0.0
-0.02152299 -0.01760709 -5.487401 -4.76338 0.01889139 0.02824851 -0.04256237 13.17892 1.438145 1 0.9998802
0.0509857 -0.02177102 -4.279499 -4.941199 0.944508 1.103784 0.157141 20.3747 nan 0 0.0
-0.02066187 0.06064075 -5.027952 -3.887525 0.471473 0.5851308 0.03310013 19.74027 0.8007488 0 0.0
-0.05338827 0.03951851 -5.312242 -4.745352 0.5580926 0.6882278 0.338005 19.60825 0.7924385 0 0.0
0.07811954 0.03395077 -5.727387 -4.959389 0.7629486 0.7813331 0.1382477 19.92953 0.8581238 0 0.0
-0.0141056 -0.05290284 -7.770252 -4.842954 3.776439 3.37199 0.1551302 20.7508 0.8635674 0 0.0
0.0002386838 -0.08628494 -5.404997 -4.688719 0.3136206 0.4170171 0.1283253 19.19953 0.7384148 1 0.9956355
-0.007964294 0.01309421 -9.889774 -0.4506207 3.516444 2.865556 0.2913797 19.75476 nan 0 0.0
0.03440079 0.01293382 -5.474495 -3.930222 0.1590664 0.2146009 -0.03761494 18.2462 0.8441277 0 0.0
-0.05182144 -0.04651497 -5.212932 -4.955675 0.5575982 0.825227 -0.006767862 19.95489 0.9171391 0 0.0
0.01503902 -0.007897606 -5.516775 -4.703524 0.0296342 0.04209544 -0.06309647 15.16198 0.9770346 1 0.9998623
0.01228846 -0.01264917 -4.982698 -10.82607 0.6143232 0.8447387 -0.03636542 18.238 0.8769913 0 0.0
-0.002098785 0.06722597 -6.971791 -6.02127 0.7822498 0.9701019 0.2149921 20.11344 0.9211063 0 0.0
-0.02155225 -0.02482452 -4.79919 -5.709317 0.4366473 0.578496 0.1097898 19.27174 0.792345 0 0.0
-0.02133587 0.04017813 -5.989722 -8.733108 0.7740838 0.9270689 0.2024188 19.98028 0.929224 0 0.0
-0.03002793 0.03224963 -4.725662 -2.179734 1.666662 1.682246 0.3861619 20.48291 0.7923069 0 0.0
0.004562339 -0.04790191 -4.006402 -5.691428 0.598873 0.6971303 0.1854724 19.68529 0.7169037 0 0.0
-0.04318283 0.05189079 -3.231241 -7.032505 0.2287855 0.323805 -0.03587116 18.84843 0.6280899 0 0.0
-0.0640078 -0.1539433 1.112686 -5.485296 0.1902914 0.2689279 -0.111817 18.47539 1.317579 1 0.0
-0.02502862 0.04927648 -5.420346 -5.108919 0.1614664 0.2230006 -0.06382926 18.26976 0.6879444 1 0.9979495
0.03812294 0.01749827 -5.603483 -6.560938 0.4167051 0.566217 -0.006224794 19.23902 nan 0 0.0
-0.01268266 0.01917284 -6.199967 -5.177899 0.3323674 0.3943033 0.1789237 19.0152 0.7882004 0 0.0
-0.0125489 0.03690362 -6.048722 -5.03322 0.5561901 0.5991235 0.5108093 19.26781 0.827858 0 0.0
-0.02878801 0.03173233 -5.279395 -5.285459 0.1944771 0.2915461 -0.120012 18.44312 0.8597889 0 0.0
0.0510935 -0.02139741 -7.041687 -4.103122 0.4066515 0.510694 0.2023452 19.50559 0.7313309 0 0.0
-0.01765816 0.08088389 -4.746551 -3.73663 0.7223493 0.9086357 0.1123472 20.11778 0.9060135 0 0.0
0.02836492 0.0239661 -5.626744 -4.453724 0.1219756 0.1603029 -0.001388624 17.83605 0.9254093 0 0.0
0.03857886 0.004634375 -5.289086 -4.900481 0.1771954 0.2333705 0.005109465 18.41468 0.7792282 1 0.9984741
-0.1708741 -0.09872987 -1.785079 -8.993001 0.1439191 0.2241235 -0.1931057 17.9488 1.538708 1 0.0
-0.01467312 0.08093165 -5.538255 -1.207242 1.065966 1.393818 0.2548525 20.40601 0.8635826 0 0.0
-0.03436178 -0.01244915 -6.601256 -7.573964 1.817205 2.257813 0.1595119 20.52696 nan 0 0.0
-0.01600476 -0.03612699 -5.40763 -4.889433 0.1514154 0.2225147 -0.0734839 18.13968 0.9253902 0 0.0
-0.03050777 0.006339591 -6.99851 -6.773918 0.7533835 1.002363 0.2539397 19.88234 0.9594727 0 0.0
-0.04293997 -0.05142619 -5.507202 -4.333751 0.4145061 0.5573618 0.03565339 19.56706 0.8727493 0 0.0
-0.007080398 0.04445893 -4.418679 -5.880457 2.400936 2.160894 0.424198 20.77512 1.210091 0 0.0
-0.01232585 0.02013432 -7.189701 -6.011475 1.205615 1.106378 0.2054043 19.66521 0.8196259 0 0.0
-0.01934324 -0.02200741 -6.199065 -3.366821 0.4058395 0.6427464 -0.09856841 19.41265 0.7882271 0 0.0
0.03177781 0.028509 -6.480647 -5.680893 0.5625266 1.049294 -0.4153626 19.68116 nan 0 0.0
0.04704685 0.04412451 -5.657187 -4.779152 0.1169613 0.1648288 -0.01430184 17.79302 1.030041 1 0.999206
0.009175354 0.1862578 0.9914362 -7.584178 0.3002233 0.3908638 0.001136243 19.22429 1.617556 1 0.0
-0.03544482 0.1767506 -6.631113 -19.27189 1.622302 1.900097 0.3407672 20.76937 1.126442 0 0.0
0.03454072 -0.005865228 -5.890358 -4.454985 0.3117001 0.398433 0.1279294 19.11252 nan 0 0.0
0.04263381 -0.03143661 -5.646885 -4.516438 0.5329411 0.6380114 0.2872044 19.8177 0.684515 0 0.0
-0.04405324 0.005777096 -5.804725 -4.885739 0.7687255 1.037553 0.3365106 19.93758 0.6296005 0 0.0
0.008790979 -0.07951164 -5.499916 -4.802005 0.1683111 0.234977 0.0458578 18.33121 0.8315487 1 0.9987545
-0.02768454 0.05684196 -6.123543 -3.210083 0.6380805 0.797015 0.0630045 20.07452 0.8762894 0 0.0
-0.0135951 -0.05270419 -10.19502 -12.88699 3.120092 3.121303 0.4624257 20.21596 nan 0 0.0
-0.03446842 -0.01273922 -5.067017 -5.230472 0.321 0.4752667 -0.1569358 18.78364 0.7585087 0 0.0
0.02760059 -0.06129154 -5.789445 -6.168121 0.4149855 0.5830017 -0.003678158 17.93163 0.9603767 0 0.0
-0.009611067 -0.00787196 -8.344951 -4.914357 0.7057454 0.6652693 0.4702813 19.07083 nan 0 0.0
0.01340578 0.00751473 -5.338732 -4.922869 0.1306612 0.1810958 -0.01640392 17.87864 0.9759674 0 0.0
-0.00419545 0.04608465 -5.686455 -4.030406 1.773141 1.765002 0.5032237 20.57444 0.6508121 0 0.0
-0.02808613 -0.1310171 -5.462506 -4.574219 0.1522378 0.2045089 0.01489135 18.10785 0.9430885 1 0.9964516
-0.05843549 0.006944547 -6.502774 -3.670621 0.8002675 1.333386 -0.03618858 20.39744 0.5218925 0 0.0
-0.01236142 0.01982913 -6.640977 -5.720983 1.010234 1.008136 0.3777455 19.56075 0.7984028 0 0.0
0.00423998 0.01049353 -11.67971 -7.649711 2.215122 2.03544 0.4719473 20.08167 nan 0 0.0
0.03762703 -0.04871654 -6.023605 -5.541885 0.9121913 1.747854 0.2528678 20.42929 nan 0 0.0
-0.01427428 -0.06889415 -7.244432 -4.054054 1.27424 1.627546 0.1939793 20.67264 0.8763561 0 0.0
-0.02606653 0.1390733 -6.647626 -6.550105 1.463126 1.686212 0.3081809 20.75108 0.7813244 0 0.0
-0.02905118 0.03258651 -5.533236 -4.603349 0.4078807 0.5131947 0.2164399 19.36936 0.9594765 1 0.9967221
0.03314945 -0.01400386 -3.16128 -0.5636883 2.569154 3.774144 0.6749037 20.81683 0.6218853 0 0.0
0.02351136 0.03088352 -5.926342 -11.59482 1.034397 1.439184 -0.5411044 20.00541 nan 0 0.0
0.03517121 -0.005927169 -6.912648 4.297248 1.316207 2.859457 -0.205627 20.67265 nan 0 0.0
0.05081699 0.1198311 -11.22808 -17.98902 0.8552727 1.088391 0.1480059 20.2907 1.96991 0 0.0
0.01657999 -0.05083685 -5.326861 -5.045385 0.2366669 0.3136269 0.003693316 18.87208 0.7469654 0 0.0
-0.02660396 -0.03645674 -5.704514 -5.636575 0.3285946 0.4188038 -0.09545446 19.13065 nan 0 0.0
0.09760721 0.09114696 -3.762281 -5.909801 0.4421627 0.547499 0.1019256 19.59573 0.7565498 0 0.0
0.007628995 -0.00264512 -4.777661 -5.431495 0.6287087 0.7637751 0.4804778 19.32006 nan 0 0.0
-0.06006786 0.002744382 -0.6783218 -4.88229 0.2246992 0.322868 -0.02175032 18.72674 0.847805 1 0.0
-0.01102827 0.02159979 -1.275204 -5.541655 0.7202016 0.9884975 -0.07293508 19.57291 0.8732224 0 0.0
0.01398984 0.008811398 -6.787413 -4.50948 1.189527 1.110521 -0.3196812 18.63445 0.820673 0 0.0
0.0160344 0.02215395 -2.971701 -12.38552 0.4670544 0.6179914 -0.2078389 19.22598 nan 0 0.0
0.04827068 0.03002297 -5.484889 -4.762748 0.03788545 0.05118165 -0.03725046 15.63896 1.158792 1 0.9998292
-0.0135816 0.05068175 -4.395846 -5.545274 0.4727077 0.5283447 0.05074451 19.26549 0.7886486 0 0.0
-0.01302816 0.1309508 -6.140561 -1.653095 0.2333264 0.3026509 0.07765781 18.79163 1.394522 0 0.0
0.08999353 -0.05147144 -5.982965 -4.595639 1.359981 1.748174 0.2153178 20.77737 nan 0 0.0
-0.006801414 -0.09953051 -5.517963 -4.69721 0.4462978 0.5953987 0.07501789 19.60795 0.8120308 1 0.9898275
-0.05557618 0.03716374 -5.467306 -4.826641 0.2136927 0.3029372 -0.122642 18.71168 0.745533 1 0.9984317
-0.03316282 -0.01070035 -10.86239 -19.35398 1.225353 1.302004 0.6406489 19.71938 nan 0 0.0
0.02691228 0.02457048 -5.128047 -4.937198 0.2333046 0.2884545 0.09878478 18.71311 0.7123413 0 0.0
0.03439469 0.008630843 -3.394585 -4.433988 0.6592478 0.8597597 -0.08932263 19.42192 nan 0 0.0
0.08261917 -0.165589 -2.742217 -2.927906 0.3277372 0.4040744 -0.02503531 19.31498 0.903017 1 0.0
-0.009592438 0.06559148 -4.142737 -7.584043 1.567825 2.337536 0.1858524 20.72027 nan 0 0.0
-0.009130309 0.04246697 -3.978884 -5.725733 1.498823 1.510033 0.4017403 20.40437 0.7853775 0 0.0
0.03717937 0.01570682 -5.085748 -3.414412 0.3441875 0.4309473 0.06509534 19.32069 0.7696342 0 0.0
-0.008801694 -0.106863 -5.45679 -4.994215 0.3368096 0.4369023 0.1080745 19.23489 0.7833691 1 0.9922052
-0.02146431 0.0101716 -5.688369 -5.170979 0.6659021 0.8342523 0.3718756 18.31528 nan 0 0.0
-0.001453133 0.04651222 -7.825756 -5.467662 1.736325 1.585459 0.4607474 20.48307 0.7180748 0 0.0
0.008177648 -0.06924227 -5.523611 -3.641475 0.6154125 0.8577695 0.105942 20.1267 0.5850658 0 0.0
-0.01693125 0.03153749 -5.900251 -5.528581 0.7403533 0.7320849 0.5486197 19.54017 nan 0 0.0
-0.01344716 0.1313702 -6.832195 -11.94993 0.4722759 0.6139766 -0.01182238 19.23254 nan 0 0.0
0.03545664 -0.006011508 -5.032671 -4.667405 0.5295574 0.6044205 0.2680898 19.67102 0.5271816 0 0.0
0.02314911 -0.04888911 -4.994736 -4.337114 0.3244284 0.4467285 0.1282003 18.81973 0.7813282 0 0.0
-0.0373587 -0.05900056 -5.376466 -5.197956 0.5636113 0.7148035 0.1054432 19.91402 0.8485737 0 0.0
-0.05792085 -0.08858211 -5.418016 -4.292105 0.2868313 0.3982005 0.01559635 19.04585 0.7734852 1 0.9908928
-0.00595234 0.01447571 -5.633473 -4.835541 0.197385 0.3372995 -0.2330947 18.29789 0.7091522 0 0.0
-0.06166868 0.07086343 -6.346452 -6.207251 0.6985606 1.071439 0.01366377 20.08355 0.8569412 0 0.0
-0.05108503 -0.001385445 -5.928678 -5.413207 0.619154 0.8666755 0.1431217 20.01463 1.172344 0 0.0
0.02691242 -0.0289345 -4.857358 -3.872229 0.3274988 0.3081686 0.1737617 18.13003 0.7082787 0 0.0
-0.03310289 -0.01102833 -2.605723 -0.7577556 0.6681145 1.016225 0.03909924 19.57727 0.7152901 0 0.0
0.02710207 0.02384547 -6.193757 -6.943652 1.088699 1.407761 0.3840773 20.30579 nan 0 0.0
-0.008481026 -0.007436663 -9.050518 -8.705727 0.8219365 0.9732998 0.4047479 19.29142 nan 0 0.0
0.02408241 -0.06579676 -5.482153 -4.628097 0.02854828 0.03948256 -0.02066624 14.91624 1.235091 1 0.9996059
-0.01048955 0.07058073 -6.131058 -6.591712 1.306787 1.404663 0.3277587 20.54195 0.5673752 0 0.0
0.008414105 -0.003354914 -0.8953108 -4.482486 0.3917446 0.4336111 0.09777579 17.88363 0.8457146 0 0.0
-0.01574403 0.0383132 -7.93725 -4.860602 1.824611 1.914091 0.4698948 20.62541 0.98246 0 0.0
0.016344 0.02201641 -4.406945 -4.460599 0.3411114 0.4354016 0.08152851 19.15186 0.6390247 0 0.0
0.008085586 -0.02507569 -5.429743 -4.474639 0.3620766 0.3946131 0.4337231 18.72012 0.7731552 0 0.0
0.03531024 -0.130401 -3.710412 -8.39843 0.08715273 0.115229 0.05278065 17.00962 0.9877281 1 0.0
-0.05332905 -0.03612699 -5.367902 -4.136967 0.453402 0.6659914 -0.02745873 19.63658 0.7702942 0 0.0
-0.03055679 0.1693796 -8.105358 -10.09829 2.454995 3.484139 0.664228 20.77271 0.8181229 0 0.0
0.04475126 -0.03041809 -5.664872 -5.106555 0.1603143 0.2093861 0.07047843 18.23783 0.8510761 1 0.9974985
0.07125631 0.0018825 -6.113707 -4.270197 0.5270197 0.6466722 0.08755277 19.73475 0.7633686 0 0.0
-0.007701762 0.0112785 -3.812933 -5.803824 0.2225325 0.2530279 0.08450613 17.9823 0.7734241 0 0.0
-0.007073437 0.06152588 -5.556141 -4.691403 0.02843079 0.03878253 -0.008551215 14.92507 1.245225 1 0.9997802
-0.05300906 -0.03573719 -5.178136 2.094805 2.031491 3.186794 0.1203501 20.79918 nan 0 0.0
-0.0007691252 -0.09087784 -5.568322 -4.783474 0.03182637 0.04469513 -0.02689476 15.20735 1.198121 1 0.9997108
-0.03944861 0.007020981 -5.568131 -4.849821 0.2196764 0.300305 0.05288347 18.72196 0.7226276 0 0.0
-0.01229929 0.1328891 -5.364032 -5.277695 0.3156128 0.4151567 0.0456189 19.30232 0.8831253 0 0.0
0.04095545 -0.03996339 -5.682434 -4.752668 0.1130094 0.1505795 0.1130765 17.66204 0.6143017 1 0.9992315
0.07197384 0.003040056 -5.063691 -5.574715 0.7283006 0.8924446 -0.007326403 20.14584 nan 0 0.0
-0.006285609 0.01390342 -5.984178 0.1944855 1.031177 1.544476 0.2970783 18.7978 nan 0 0.0
-0.01145178 0.06097489 -5.252266 -3.068857 1.122541 1.271643 0.3518855 20.36886 0.6233711 0 0.0
-0.01226348 -0.05594597 -7.016528 2.427644 1.280103 1.651779 -0.01817936 20.47889 1.324276 0 0.0
0.08438608 0.04023936 -5.185873 -4.680491 0.4692151 0.5397539 0.185755 19.65254 0.8824997 1 0.9882549
-0.006639139 0.04398603 -5.099597 -13.2472 2.728518 2.772997 0.6435691 20.48118 nan 0 0.0
0.008866244 -0.00341611 -5.827612 -4.407211 0.2190657 0.2874014 -0.005930515 18.4319 nan 0 0.0
0.0380008 0.01555296 -5.29191 -4.310214 1.131214 1.837429 0.2364125 20.3862 0.6745033 0 0.0
-0.01651261 0.04676605 -6.107214 -6.56632 0.6620236 0.7317671 0.3611579 19.75228 0.7498379 0 0.0
0.04406231 -0.03018794 -5.640937 -5.108175 1.700168 1.567487 0.5876398 20.37735 nan 0 0.0
-0.05470383 -0.03773986 -5.714195 -4.660734 0.4373859 0.6081159 0.02874032 19.65299 0.7875175 0 0.0
0.001633851 0.02886542 -10.12596 -5.651341 1.690354 2.234627 0.2437954 20.21994 nan 0 0.0
-0.02001291 0.04041577 -3.800806 -6.251152 0.01984959 0.02804897 -0.0573337 14.02076 1.370895 1 0.0
0.01980724 -0.03990635 -5.656467 -4.311876 0.6420155 0.9330369 0.09676025 20.00731 0.7643013 0 0.0
-0.004376412 0.05783389 -6.858323 -5.135108 2.418746 1.918333 0.3752219 20.6745 0.7887363 0 0.0
-0.006989113 0.05871066 -2.241664 -3.539223 0.5005609 0.6086818 0.126406 19.72799 1.370884 0 0.0
-0.03645132 -0.01503857 -5.471784 -5.62995 0.3599783 0.5756623 -0.07256392 19.34604 0.7807598 0 0.0
0.03631048 0.01599043 -5.620728 -4.640173 0.3475101 0.4238441 0.0523919 18.99677 0.7238827 0 0.0
0.07345508 0.07978765 0.370932 -5.737801 0.2090984 0.2590731 0.06393195 18.635 0.9146347 1 0.0
-0.01996143 0.02128129 -5.525861 -4.66253 0.02749657 0.03844297 -0.07746994 14.90535 0.9465427 1 0.9998091
-0.02377874 0.03935952 -5.385229 -4.71834 0.0323649 0.04487941 0.05080977 15.20778 1.193566 1 0.9997014
0.07016904 0.06232597 -6.909778 -6.32175 1.426617 1.551946 0.4972449 20.59232 0.9240704 0 0.0
0.04300587 0.02430317 -4.990655 -6.160171 0.5934583 0.8250168 -0.1855369 19.8787 0.8474121 0 0.0
7.281852e-05 -0.03610644 -5.531231 -4.28625 0.2073973 0.2534099 0.04480981 18.37122 0.7561131 0 0.0
0.1529697 -0.09467306 -3.588992 -4.233378 0.8337842 1.05495 -0.05828803 20.51043 0.7066498 0 0.0
0.006503269 0.1042201 -3.853713 -4.757482 1.415851 1.678425 0.3506829 20.79076 nan 0 0.0
0.01594325 -0.04392419 -5.295717 -4.345232 0.3526381 0.4553829 0.2234529 19.1421 0.6622276 0 0.0
0.06343048 -0.08674199 -5.704808 -4.548274 0.1579309 0.2009263 0.1271293 18.16321 0.8777447 1 0.9961912
0.01368579 -0.0866474 -5.677848 -4.332827 0.1988107 0.2684706 0.04326737 18.6067 0.7803764 1 0.9942334
-0.01399992 -0.03029689 -4.921465 -2.125442 1.885871 3.17306 0.2173342 20.50244 0.6021938 0 0.0
-0.01178846 -0.08047422 -6.006774 -2.872037 0.7922792 1.114419 0.05907736 20.27957 0.8424301 0 0.0
-0.02355668 0.007056867 -6.550403 -3.822436 0.2172982 0.2979326 -0.03086097 18.16767 0.9275513 0 0.0
