scripts/get_globular_clusters/output/NGC_5634.csv
# %ECSV 0.9
# ---
# datatype:
# - {name: x, unit: deg, datatype: float64}
# - {name: y, unit: deg, datatype: float64}
# - {name: pmx, unit: mas / yr, datatype: float64}
# - {name: pmy, unit: mas / yr, datatype: float64}
# - {name: pmx_e, unit: mas / yr, datatype: float64}
# - {name: pmy_e, unit: mas / yr, datatype: float64}
# - {name: pm_corr, datatype: float64}
# - {name: g_mag, unit: mag, datatype: float64}
# - {name: bp_rp, unit: mag, datatype: float64}
# - {name: filter, datatype: int64}
# - {name: memberprob, datatype: float64}
# meta: !!omap
# - comments: [deg deg mas/yr mas/yr mas/yr mas/yr dimless mag   mag   zeroone float]
# - __serialized_columns__:
#     bp_rp:
#       __class__: astropy.units.quantity.Quantity
#       unit: &id001 !astropy.units.Unit {unit: mag}
#       value: !astropy.table.SerializedColumn {name: bp_rp}
#     g_mag:
#       __class__: astropy.units.quantity.Quantity
#       unit: *id001
#       value: !astropy.table.SerializedColumn {name: g_mag}
#     pm_corr:
#       __class__: astropy.units.quantity.Quantity
#       unit: !astropy.units.Unit {unit: ''}
#       value: !astropy.table.SerializedColumn {name: pm_corr}
#     pmx:
#       __class__: astropy.units.quantity.Quantity
#       unit: !astropy.units.Unit {unit: mas / yr}
#       value: !astropy.table.SerializedColumn {name: pmx}
#     pmx_e:
#       __class__: astropy.units.quantity.Quantity
#       unit: !astropy.units.Unit {unit: mas / yr}
#       value: !astropy.table.SerializedColumn {name: pmx_e}
#     pmy:
#       __class__: astropy.units.quantity.Quantity
#       unit: !astropy.units.Unit {unit: mas / yr}
#       value: !astropy.table.SerializedColumn {name: pmy}
#     pmy_e:
#       __class__: astropy.units.quantity.Quantity
#       unit: !astropy.units.Unit {unit: mas / yr}
#       value: !astropy.table.SerializedColumn {name: pmy_e}
#     x:
#       __class__: astropy.units.quantity.Quantity
#       unit: &id002 !astropy.units.Unit {unit: deg}
#       value: !astropy.table.SerializedColumn {name: x}
#     y:
#       __class__: astropy.units.quantity.Quantity
#       unit: *id002
#       value: !astropy.table.SerializedColumn {name: y}
# schema: astropy-2.0
x y pmx pmy pmx_e pmy_e pm_corr g_mag bp_rp filter memberprob
[from data line 985]
-0.02595106 -0.01819996 -2.421234 -1.619407 2.560655 2.067829 0.05203857 20.71957 nan 0 0.0
-0.004235159 -0.01530925 2.583172 1.480187 1.547858 1.291689 0.02261153 20.40385 0.6833572 0 0.0
0.005947687 -0.003183773 -1.209084 -1.416689 0.1723973 0.1341779 0.06641092 17.10386 0.9781055 0 0.0
0.005537957 -0.001626895 -1.817728 -1.554568 0.08362197 0.06862467 0.02058623 15.65619 1.23446 0 0.0
0.008482242 0.009883439 -0.3645253 -1.565582 0.8238353 0.5999501 0.1355481 19.17924 0.5887699 0 0.0
0.007571499 -0.002775143 -1.646261 -1.514133 0.1403447 0.1135508 0.01456468 16.59846 0.9901772 0 0.0
-0.008408459 -0.01165243 -1.30653 0.0916971 2.155928 1.909612 -0.05449956 20.67021 nan 0 0.0
0.01086468 -0.0007953707 -1.587524 -1.07391 0.3792147 0.2926857 0.06173828 18.31873 0.8733959 0 0.0
-0.003158244 0.07883031 -9.230094 -22.82549 0.5880037 0.4832618 -0.06175198 19.21755 1.524397 1 0.0
-0.01534308 -0.03289997 -4.981333 -2.121942 2.332606 1.798016 0.1016573 20.60227 1.064581 0 0.0
0.004126607 -0.001519117 -4.174265 2.012498 0.5482944 0.4624273 -0.08637701 17.43224 nan 0 0.0
-0.004751299 0.004860005 -2.258682 -1.534375 0.2460429 0.2096364 -0.01753409 17.29439 0.882349 0 0.0
0.0565003 0.01756434 -1.719038 -1.002812 0.5501465 0.4375054 0.0195418 18.96082 0.9758053 1 0.9968329
0.007495522 -0.009954402 -0.4858559 -0.9467676 0.2687913 0.2279579 -0.07167086 17.39868 0.4497032 0 0.0
0.0005451323 0.01562367 -3.107256 3.651428 2.079399 1.637473 0.0714648 20.49434 0.5069618 0 0.0
-0.01534659 0.0930036 -0.4598883 -1.015996 0.5533489 0.4369982 -0.02243338 19.04615 1.054443 1 0.9017205
-0.01485845 0.002588172 -1.667386 -1.360325 0.1776238 0.1552618 -0.06274363 17.11966 1.158693 0 0.0
0.001121806 0.003460508 -2.918317 -2.244495 0.2430876 0.1904322 0.07058303 14.74693 1.306844 0 0.0
-0.01485844 0.002212901 -1.37333 -1.262046 0.1846731 0.1599626 -0.05140751 17.14664 1.292987 0 0.0
-0.0004716585 -0.008268255 -2.446182 -1.475422 0.3902212 0.3673305 -0.180782 18.07904 nan 0 0.0
-0.01349212 -0.0172363 -3.482799 -2.277842 1.062967 0.8721162 0.02038055 19.91901 nan 0 0.0
-0.0005778999 0.003103834 0.747049 -1.260619 0.9529904 0.5895165 0.276319 18.08142 nan 0 0.0
-0.01775626 -0.02160377 -1.948191 0.08282298 1.209835 0.9639407 0.1151871 19.98203 0.9364166 0 0.0
-0.008210738 -0.04079767 -11.33487 0.1758894 1.38473 1.227082 -0.07353742 20.13577 1.944773 0 0.0
-0.0212618 -0.02017768 -1.958834 -3.600499 1.799169 1.582334 -0.08562343 20.39791 0.9392815 0 0.0
-0.0002743833 0.007554632 -2.060244 -1.332107 0.2816391 0.2329581 -0.03617136 17.86738 0.4015884 0 0.0
-0.01183801 -0.01731637 -3.087167 -0.1177103 0.9844361 0.7384138 0.1517456 19.60293 0.7654915 0 0.0
0.001910954 0.002848723 7.78047 4.134256 1.441911 1.23556 0.001187775 18.745 nan 0 0.0
0.003762316 -0.01197806 -1.569784 0.1922644 0.5792353 0.4378648 0.09815845 18.91008 0.7714138 0 0.0
0.009817555 -0.0005049571 -1.176966 0.8474751 2.655318 2.010135 0.2677691 20.41798 nan 0 0.0
0.0235084 0.05168683 -0.4384101 -2.368173 1.281091 0.9356021 0.2399594 19.9189 1.185156 1 0.9794637
-0.04153852 0.01304765 -2.450354 -2.928816 3.655258 2.670623 0.3191959 20.80927 0.6905136 0 0.0
0.002897378 0.0006104454 4.475568 -3.713317 1.79289 1.016801 0.3951748 18.93563 nan 0 0.0
-0.002808751 0.0007511128 -1.098972 -1.580024 0.1598885 0.1403192 -0.0728548 16.49069 0.9313421 0 0.0
0.07813111 -0.05666755 -1.465875 -1.77232 0.2967767 0.2681464 -0.1790903 17.97168 1.057158 1 0.9945197
0.00233587 0.0004673969 -1.963408 -1.738187 0.0906994 0.08098652 -0.1230706 15.13308 1.128242 0 0.0
-0.003127423 -0.002940562 -1.184653 8.786837 2.665853 2.064064 -0.008987452 19.29569 nan 0 0.0
0.008739924 -0.009703604 -0.9998991 -1.525852 0.537042 0.3972449 0.1226646 18.98687 nan 0 0.0
-0.0185758 -0.01942942 -1.86484 -1.354515 0.3684987 0.3126128 -0.0187613 18.30881 nan 0 0.0
-0.03171717 -0.0272883 -0.6425516 1.224877 2.416492 1.630624 0.4302825 20.72674 0.4896336 0 0.0
0.002244827 0.003485776 -1.683926 -0.7236537 0.270108 0.2098722 0.06535656 17.70343 0.4908447 0 0.0
0.04938251 0.01658942 -4.283182 -3.151238 0.7530978 0.5967172 0.02779011 19.37742 1.650557 1 0.1202751
-0.005039648 0.005468924 -2.330579 -1.640958 0.38972 0.3455175 -0.06731477 18.43764 nan 0 0.0
-0.003476401 -0.0132145 -0.458479 -0.6881875 1.033697 0.864659 9.397028e-06 19.91441 0.6210499 0 0.0
-0.002338275 -0.004787825 -1.925458 -1.783248 0.1957045 0.1685653 -0.04963446 16.50911 0.7482376 0 0.0
-0.006799997 -1.710691e-05 0.01954151 0.5061104 0.7542246 0.6597142 -0.0683718 18.84902 0.791851 0 0.0
-0.002368628 -0.004481696 -2.994104 1.761512 0.6058295 0.4272719 0.2020511 18.05453 nan 0 0.0
-0.005510103 0.005300596 -1.577823 -1.482761 0.2401265 0.2018903 -0.006897421 17.60628 nan 0 0.0
-0.003081919 0.001107309 -6.805271 -3.440372 0.4730167 0.332833 0.1925797 17.60925 nan 0 0.0
0.003109887 0.008948419 -1.121456 -2.578352 0.347306 0.2652609 0.08219305 18.17439 nan 0 0.0
-0.001336695 0.002379994 -1.196152 -0.8415998 0.2200314 0.1849497 -0.05859397 16.76459 0.9962702 0 0.0
-0.02523662 -0.04399681 -2.013721 -0.9899253 2.109253 1.790989 0.03434443 20.69893 0.3857994 0 0.0
0.0003174797 0.00130139 -2.049311 -1.499093 0.1074061 0.1001956 -0.162603 14.13278 1.330968 0 0.0
-0.001716073 -0.004052063 -5.275271 0.2579646 0.9165605 0.7538486 -0.002265635 18.50458 nan 0 0.0
-0.00554026 -0.01395075 -2.011509 -1.960779 0.2935261 0.2371442 0.0422071 17.84695 0.2502022 0 0.0
-0.0005930894 0.01564227 -3.882752 1.662749 1.664812 1.196516 0.1531876 19.84672 0.78549 0 0.0
-0.05571406 0.02247966 -3.633988 -1.900457 3.068263 2.45506 0.03269843 20.86776 0.3026657 0 0.0
-0.03023054 -0.01769235 -1.390453 -1.755605 0.2735103 0.2298366 0.006886483 17.85874 0.2203693 1 0.9995359
-0.02965395 -0.01633571 -1.536939 -1.466469 0.1680511 0.1445461 -0.04197578 16.81297 1.132589 1 0.9998993
0.01333761 -0.03095204 -6.822146 1.324726 3.595735 2.634271 0.1576397 20.84953 0.6448383 0 0.0
-0.008363099 -0.0007686239 -5.427574 -3.789254 1.95559 1.566134 0.08887272 19.94342 nan 0 0.0
-0.02537073 -0.09653326 0.4931648 0.2199193 1.396139 1.136188 0.04026808 20.26784 0.3547497 0 0.0
0.004824618 -0.01016561 -2.026021 -1.986357 0.6604923 0.5446802 0.01923416 18.92112 0.8118896 0 0.0
0.03574302 0.07856737 -2.187012 -2.283015 0.7528317 0.5832777 0.007182349 19.36101 0.8443432 1 0.9708081
-0.002899779 -0.004452612 2.770869 0.2733335 0.5490641 0.4429601 0.09671766 17.37169 nan 0 0.0
-0.02510131 -0.01666832 -1.600513 -1.529303 0.3752662 0.321441 -0.03243964 18.29751 1.061926 1 0.9997616
0.004490343 -0.06012049 -0.03991799 -0.02377237 1.870058 1.551517 0.03781124 20.63932 0.2206192 0 0.0
0.006463663 -0.00319856 -17.78827 7.093271 2.128471 1.651846 0.07987536 19.05865 nan 0 0.0
0.06763788 0.002561783 3.253578 -0.8662894 3.343514 2.248529 0.3008531 20.78413 0.6825314 0 0.0
-0.007953227 -0.009337382 -1.98719 -1.632747 1.05138 0.8714434 0.02247183 19.88014 nan 0 0.0
-0.02305308 -0.006177333 -1.287689 -0.8897503 0.9332346 0.7459124 0.07899592 19.60297 0.8522415 0 0.0
-0.001276002 0.006859879 -24.28968 -7.161604 1.896009 1.332315 0.04957749 19.89107 nan 0 0.0
-0.02672467 -0.0250984 -1.729727 -1.427653 0.1383743 0.1192509 -0.03946873 16.68159 1.060926 1 0.9999457
-0.0008207217 0.007657629 -0.7284385 -4.836468 2.177507 2.179974 -0.2758139 19.80968 nan 0 0.0
-0.01338624 -0.003023687 -2.370012 -1.121155 0.3894397 0.3322313 -0.02861987 18.3518 0.9298401 0 0.0
-0.003627958 -0.04297247 -0.7097413 -6.378046 2.25856 1.722139 0.1518501 20.76799 1.269339 0 0.0
-0.01672488 -0.004152452 -1.657616 -1.714876 0.3022449 0.2519225 0.00663981 17.96022 0.173418 0 0.0
0.008208985 0.004057447 -5.13857 10.97809 1.634669 1.300737 -0.09647936 19.92207 nan 0 0.0
-0.03305421 -0.0002393153 -1.797573 -1.433823 0.08165652 0.07200191 -0.07377992 15.60122 1.317488 1 0.9999735
-0.01331016 -0.01166111 -0.2162433 -2.63746 1.545929 1.247735 0.04493435 20.20061 0.7162666 0 0.0
-0.009303752 -0.01536319 -4.326038 -1.667509 1.166878 0.9204471 0.08695679 20.01835 0.8564205 0 0.0
-0.008666619 -0.0005178123 -1.437324 -1.099949 0.7882347 0.651902 0.01539279 19.49177 0.7077751 0 0.0
0.03485783 0.001682703 -1.357278 -0.5545173 2.022008 1.638463 0.08335057 20.47596 0.6494808 0 0.0
0.001015539 -0.01600828 -1.59882 -2.090023 0.4250269 0.4986956 -0.6557663 17.91187 0.2562428 0 0.0
0.003140129 -0.0102171 2.158366 0.2975415 2.130558 1.443935 0.3265049 20.38818 nan 0 0.0
0.004156855 -0.01510182 -4.699442 -3.173188 2.986744 1.911694 0.4269251 20.47456 nan 0 0.0
0.001440537 0.01705323 -1.636527 -0.9304144 1.076199 0.7560725 0.309814 19.74929 1.06617 0 0.0
0.006038816 0.003589221 -2.32507 -1.447904 0.3762951 0.2894747 0.08220519 18.05332 0.9190807 0 0.0
0.09043188 0.001260064 -1.959577 -3.020073 0.3722309 0.2817942 0.02384653 18.058 0.7064152 1 0.001805962
-0.01651218 -0.01222625 -1.890459 -0.973765 1.619087 1.358526 0.03096938 20.26787 0.7838039 0 0.0
-0.008635385 -0.05616231 -1.554387 -1.687097 0.5585413 0.4560346 0.04127178 18.98705 1.173033 1 0.9979558
-0.0006841224 -0.004135031 -4.571703 -1.883383 0.5818514 0.5043621 -0.03016225 17.59388 nan 0 0.0
0.004248033 0.0009733096 -2.21661 -1.229904 0.3585268 0.2775927 0.06375736 17.73763 0.4582367 0 0.0
-0.03892757 0.00410953 -1.270973 -1.890479 1.193814 0.9208545 0.1420191 19.97209 0.7254086 0 0.0
-0.02410148 0.02291827 -1.873077 -1.558926 0.299344 0.2651775 -0.1310243 17.92096 0.2106628 1 0.999799
-0.005905432 0.075563 -5.198603 -1.690188 1.487321 1.490226 -0.2829058 20.37538 0.09662247 0 0.0
-0.003385144 -0.04602327 -1.696087 -1.819999 0.2207709 0.1972962 -0.09007411 17.51864 0.5118637 1 0.9994683
-0.02381193 -0.004582822 -1.996392 -2.020892 0.5950113 0.4900621 0.02272947 18.89342 0.9508362 0 0.0
-0.008074575 -0.01315351 -5.679653 1.217461 1.91799 1.29928 0.3497007 20.14194 nan 0 0.0
0.03795393 0.004778124 -2.354974 -1.550486 0.5338498 0.4149416 0.1614767 18.75572 0.9873085 1 0.9988418
0.003959459 -0.03103724 -1.688802 -1.584565 0.06548199 0.05802175 -0.07970741 15.05044 1.435731 1 0.9999812
-0.003188141 -0.0005492242 -4.196931 -5.522747 1.401305 1.415883 -0.4721898 18.91378 nan 0 0.0
0.005446819 -0.009896681 -2.691747 -1.269637 0.326369 0.2769693 -0.06968978 17.82088 0.3314342 0 0.0
0.0130955 -0.002050455 -1.539669 -1.563519 0.2024121 0.1589518 0.05171123 17.38903 0.7827911 0 0.0
-0.003521948 -0.009965806 -2.876706 -1.254468 1.018459 0.9356169 -0.1327039 19.65034 nan 0 0.0
0.006448475 -0.004174169 -1.145288 0.5888916 0.6340258 0.4844154 0.0871192 18.56703 0.764946 0 0.0
0.006038677 -0.009035519 -0.7951848 -2.466899 0.3987531 0.3922423 -0.305738 18.28518 0.8674355 0 0.0
0.01658626 0.008831828 0.7296552 -1.696034 0.6847418 0.5523353 -0.0122492 18.93414 0.8726196 0 0.0
0.002882159 -0.007413293 -4.228042 0.8348794 0.9319623 0.7146146 0.06698412 18.99016 nan 0 0.0
-0.02453794 -0.05838963 -3.642296 -2.144345 1.694744 1.43203 0.01206883 20.5695 0.9482098 0 0.0
0.005765521 -0.008507657 -0.633461 -3.78358 0.772371 0.5460093 0.1446634 18.82377 0.7533607 0 0.0
0.005401439 0.004897192 -1.450446 -2.046458 0.2299832 0.1780545 0.1196567 17.43373 0.6039753 0 0.0
-0.02232608 0.0291363 -1.04391 -0.9164953 1.172503 0.9435785 0.04235793 20.08398 0.7033558 0 0.0
0.006615356 -0.00848907 -3.460916 -0.4028326 2.222408 1.757087 0.09748696 19.89039 nan 0 0.0
-0.01100369 -0.001105318 -0.0983613 -3.737754 1.250315 1.060508 -0.02670249 19.75473 nan 0 0.0
-0.005525193 -0.003196643 1.99391 -0.5521888 0.864193 0.6502388 0.1998279 18.51435 0.6716995 0 0.0
0.05115696 0.003997421 -1.774157 -3.62447 1.61994 1.484885 -0.1472429 20.23774 0.7147083 1 0.9677297
-0.01255086 -0.03399901 -1.811138 -1.541602 0.2636161 0.2227143 -0.01618313 17.79172 1.051888 1 0.9998378
0.009438028 -0.008106212 -3.185622 -1.84213 0.324372 0.263251 -0.02093009 18.09315 nan 0 0.0
0.01110764 0.006446827 -1.662145 -1.681746 0.5221591 0.4129737 0.01875685 18.89154 0.9082222 0 0.0
0.02309575 -0.01615134 -2.058399 -1.55965 0.2526332 0.2143427 -0.09326897 17.58463 1.04241 0 0.0
0.01154778 0.007986048 -7.315923 -4.563588 1.433863 1.219729 -0.07666052 19.85496 nan 0 0.0
-0.08748559 -0.02742455 0.4200057 -8.939575 1.366749 1.136775 -0.06721662 20.18131 0.8423862 1 0.0
0.009225576 -0.007734275 3.719826 3.095361 2.337571 1.074 0.7776522 19.51815 nan 0 0.0
2.913741e-05 -0.004317182 -1.168004 -1.63055 0.2837972 0.2120753 0.1150693 17.33476 nan 0 0.0
0.009862943 -0.008269297 -2.367943 -1.847655 0.2268905 0.1836141 0.01123427 17.59517 0.9316502 0 0.0
-0.02534506 0.003541461 -2.265871 -0.7653137 0.5690084 0.4659121 0.02879399 18.90579 0.8794746 0 0.0
0.06633289 0.00374879 -2.226644 0.1162142 3.203546 2.369931 0.305903 20.77504 0.6169338 0 0.0
-0.007224927 0.0004401745 -1.618537 -1.481452 0.6966187 0.5784835 0.006527388 18.83191 0.6964874 0 0.0
-0.08246183 -0.03282061 -16.00298 -9.097928 3.095345 2.513136 0.1456963 20.80824 1.224562 0 0.0
0.003185668 -0.008252052 -2.204564 -0.4821683 0.4340291 0.3284886 0.08037853 18.55721 0.7945366 0 0.0
-0.01359873 -0.002011367 -2.791168 -2.21331 0.7141546 0.5927589 0.008210246 19.16887 0.7252808 0 0.0
-0.003203311 -0.001519588 -1.504304 2.091675 1.00167 0.9059188 -0.150195 18.49121 nan 0 0.0
-0.01780226 -0.007175634 -1.718814 -1.386333 0.1606464 0.1369378 -0.02803038 16.91896 1.135418 1 0.9999642
-0.0181821 0.006413736 -2.287415 -1.845256 0.7304965 0.3562069 0.7046956 17.8208 1.033396 1 0.9996642
0.04358439 0.006915843 -0.07189267 -2.740806 1.882116 1.446241 0.1600029 20.15581 0.6868916 0 0.0
0.01132013 0.007484897 5.029843 2.435656 1.513259 1.226503 -0.05593471 20.11805 nan 0 0.0
-0.01798396 -0.01961203 -1.646361 -1.41791 0.1780575 0.1526331 -0.03632394 17.08614 1.057716 1 0.9999439
-0.0394546 -0.05302084 -3.188435 -1.467125 1.514499 1.229753 0.07500278 20.36283 1.141594 1 0.9688222
-0.001928558 0.002799609 -3.167732 -2.12624 0.3270859 0.269983 -0.03362904 17.71338 nan 0 0.0
-0.01375054 0.0001248601 -1.931548 -1.937227 0.2959583 0.2528942 -0.03396482 17.97562 0.9467983 0 0.0
0.01177504 -0.009929205 -2.030676 -1.730756 0.4512382 0.4024643 -0.05076365 18.63549 1.002079 0 0.0
-0.01484317 -0.001145463 -0.5782871 0.3484374 1.303121 1.11441 0.03878613 19.49429 0.7529526 0 0.0
-0.01419078 0.00560943 -1.661966 -1.375867 0.1487355 0.1302474 -0.06002472 16.80325 1.151945 1 0.9999669
-0.05370602 -0.02586237 -1.73419 -2.776707 2.249639 1.993292 -0.1127853 20.66842 0.8100567 0 0.0
0.03888445 0.07265247 -0.869915 -0.4679035 1.407977 0.9856586 0.1088146 20.22837 0.8489952 0 0.0
-0.0317799 0.00770439 -2.269693 -2.944969 1.478595 1.334481 -0.08005242 20.00158 0.5023289 0 0.0
-0.05453874 -0.04488348 8.980805 -28.48885 0.5498665 0.434534 0.0201651 17.45959 2.012573 0 0.0
-0.01446428 0.01805583 -1.694422 -1.404604 0.1597739 0.1365209 -0.03196659 16.89588 1.133356 1 0.9999606
-0.01431257 0.02016822 -1.808678 -1.415118 0.1666385 0.1444573 -0.02949677 16.65781 1.171969 1 0.9999534
-0.0008662076 -0.01905956 -1.87182 -2.139698 0.7892801 0.6467982 0.04401668 19.33635 0.9473286 0 0.0
-0.08840097 0.002685185 -1.413457 -0.5320136 2.279064 1.728577 0.1909001 20.72815 0.7043324 1 0.9089635
0.06102171 0.007379093 -2.356692 -1.253143 0.7412921 0.5927203 0.07650696 18.96691 1.243971 1 0.9940845
0.004065869 -0.006235513 -1.52583 -1.115546 0.5105178 0.4167523 0.04320778 17.78637 0.5148697 0 0.0
-0.003006057 0.004341696 -1.900228 -1.486755 0.2896103 0.232321 0.02222131 17.26977 0.7380962 0 0.0
0.01493208 0.009246724 -1.654496 -1.85029 0.986335 0.7234945 0.09687262 19.62072 nan 0 0.0
0.006934393 0.01906019 -5.083146 -2.343021 2.060356 1.932545 -0.1374961 20.724 0.6444454 0 0.0
-0.002065121 -0.002537153 11.95736 5.17232 0.9378291 0.7596342 0.1089545 17.65287 nan 0 0.0
-0.05067306 -0.003584245 -2.933827 -5.283244 0.4768626 0.3818057 0.02733674 18.76601 1.345627 1 0.0
-0.0362415 0.005229805 -1.49775 -1.334135 0.3731819 0.3084617 0.03344722 18.33177 0.03953362 1 0.9996136
-0.01901647 -0.002748241 -1.84684 -1.307069 0.2400824 0.2049649 -0.02357309 17.65801 1.054495 1 0.9999088
