scripts/get_globular_clusters/output/NGC_6569.csv
# %ECSV 0.9
# ---
# datatype:
# - {name: x, unit: deg, datatype: float64}
# - {name: y, unit: deg, datatype: float64}
# - {name: pmx, unit: mas / yr, datatype: float64}
# - {name: pmy, unit: mas / yr, datatype: float64}
# - {name: pmx_e, unit: mas / yr, datatype: float64}
# - {name: pmy_e, unit: mas / yr, datatype: float64}
# - {name: pm_corr, datatype: float64}
# - {name: g_mag, unit: mag, datatype: float64}
# - {name: bp_rp, unit: mag, datatype: float64}
# - {name: filter, datatype: int64}
# - {name: memberprob, datatype: float64}
# meta: !!omap
# - comments: [deg deg mas/yr mas/yr mas/yr mas/yr dimless mag   mag   zeroone float]
# - __serialized_columns__:
#     bp_rp:
#       __class__: astropy.units.quantity.Quantity
#       unit: &id001 !astropy.units.Unit {unit: mag}
#       value: !astropy.table.SerializedColumn {name: bp_rp}
#     g_mag:
#       __class__: astropy.units.quantity.Quantity
#       unit: *id001
#       value: !astropy.table.SerializedColumn {name: g_mag}
#     pm_corr:
#       __class__: astropy.units.quantity.Quantity
#       unit: !astropy.units.Unit {unit: ''}
#       value: !astropy.table.SerializedColumn {name: pm_corr}
#     pmx:
#       __class__: astropy.units.quantity.Quantity
#       unit: !astropy.units.Unit {unit: mas / yr}
#       value: !astropy.table.SerializedColumn {name: pmx}
#     pmx_e:
#       __class__: astropy.units.quantity.Quantity
#       unit: !astropy.units.Unit {unit: mas / yr}
#       value: !astropy.table.SerializedColumn {name: pmx_e}
#     pmy:
#       __class__: astropy.units.quantity.Quantity
#       unit: !astropy.units.Unit {unit: mas / yr}
#       value: !astropy.table.SerializedColumn {name: pmy}
#     pmy_e:
#       __class__: astropy.units.quantity.Quantity
#       unit: !astropy.units.Unit {unit: mas / yr}
#       value: !astropy.table.SerializedColumn {name: pmy_e}
#     x:
#       __class__: astropy.units.quantity.Quantity
#       unit: &id002 !astropy.units.Unit {unit: deg}
#       value: !astropy.table.SerializedColumn {name: x}
#     y:
#       __class__: astropy.units.quantity.Quantity
#       unit: *id002
#       value: !astropy.table.SerializedColumn {name: y}
# schema: astropy-2.0
x y pmx pmy pmx_e pmy_e pm_corr g_mag bp_rp filter memberprob
[from data line 9257]
0.02184835 0.02832324 -5.092987 -5.326189 0.8858265 0.7194476 -0.2307576 19.16492 nan 0 0.0
-0.00453229 0.07709468 0.8518877 -7.640863 1.946118 1.593371 0.02134918 19.30777 nan 0 0.0
0.02410611 0.03296897 -7.102319 -7.558088 0.1883117 0.1610284 0.4227616 17.01758 1.742367 1 0.0
-0.07295108 -0.00635953 0.3575488 0.3292153 0.4786564 0.4035549 0.2650213 18.96861 1.182623 1 0.0
-0.06314219 -0.01844108 -7.5992 -5.333561 1.850259 1.461161 -0.3139372 19.88365 nan 0 0.0
-0.0565888 0.03274307 -2.689915 -9.020163 1.364085 1.223823 0.6544658 19.77903 1.077684 0 0.0
0.009424726 0.03175284 -3.927259 -7.214563 0.189708 0.1567528 0.1712418 17.17623 1.457985 0 0.0
0.02284006 0.05296784 -6.297524 -6.813165 0.2446842 0.2055338 0.1291415 17.23781 1.612432 0 0.0
-0.06377941 0.003321337 0.9347721 -2.33393 0.2743892 0.2316148 0.08812866 18.04349 1.44305 0 0.0
0.00789641 0.05567113 -4.983738 -1.890736 0.8493718 0.7221674 0.2572194 19.65022 1.254482 0 0.0
-0.002816714 -0.01505877 2.297565 -2.907083 1.891293 1.676904 0.1610315 19.32966 nan 0 0.0
-0.04312726 0.03396341 0.3657877 -2.713287 0.3580248 0.2978584 0.07264051 18.42107 1.648434 0 0.0
0.02203577 0.05288411 2.463543 -6.539421 0.1422111 0.1048747 -0.4344053 15.88272 1.776033 0 0.0
-0.07549962 0.03471128 -5.837592 -3.972852 0.4752174 0.3971827 0.05912657 18.39747 1.640774 0 0.0
-0.05008987 0.006391075 -1.80367 -6.936989 0.2858392 0.2424132 0.08483175 18.07895 1.544172 0 0.0
0.03993955 0.05816337 -3.157617 -7.26588 0.6177936 0.5175572 0.2837345 19.05527 1.267595 0 0.0
0.01583672 0.06234011 -1.992742 -3.870911 1.77269 1.545579 0.7307372 19.99683 nan 0 0.0
0.02920388 0.07668964 0.6813801 -0.1206256 0.7144602 0.6059425 0.1902604 19.48002 0.9426727 0 0.0
0.04917252 0.05121807 -1.887737 -11.50038 1.086245 0.88869 -0.385991 19.48131 1.089294 0 0.0
-0.07800637 0.02364657 -5.769345 0.8907591 0.1207365 0.1023888 0.1538194 16.09698 1.628326 1 0.0
0.01770228 0.04866408 -4.142992 -5.905484 0.4824533 0.3662477 -0.1789551 18.5738 1.427698 0 0.0
0.05353313 0.05478048 -3.394125 -4.113439 0.934948 0.7948742 0.1272578 19.75367 1.127834 0 0.0
-0.03338376 -0.01142936 -4.281408 -8.806846 1.530134 1.318855 0.2023282 19.32075 1.205408 0 0.0
-0.06602187 0.02075675 -0.9360565 -5.226742 0.8869119 0.7951257 0.6107008 19.2847 1.444172 0 0.0
-0.004921442 0.07497751 -2.115616 -5.815262 0.3972125 0.3325941 0.15677 18.70247 1.100805 0 0.0
-0.004895506 0.07525026 -9.206601 -3.216689 1.006677 0.8326379 0.05353409 19.69211 nan 0 0.0
-0.008392472 0.005328537 -3.495499 -8.286737 0.8072776 0.6567973 0.2123582 17.7667 1.535231 0 0.0
-0.06662453 0.02928407 2.172097 -3.232047 1.236262 1.062239 -0.00745193 19.87601 1.089558 0 0.0
-0.0009510428 0.07618499 -3.543641 -5.129771 1.572164 1.379279 0.5054615 19.92105 1.013853 0 0.0
-0.08092879 0.01411685 -6.788317 -11.4148 0.7003005 0.5992379 0.2295883 19.41574 1.333471 0 0.0
-0.008551435 0.04183136 -2.414212 -3.543682 0.6246681 0.5245322 0.1525328 19.25676 nan 0 0.0
-0.07097284 -0.0164307 -4.264658 -2.604408 0.7518859 0.6272781 0.1970037 19.28492 nan 0 0.0
-0.04383501 -0.005087984 1.079349 -1.943835 0.7414525 0.629255 0.188297 19.39604 nan 0 0.0
0.02330998 0.06457393 -7.281743 -4.505157 0.7256734 0.6157581 0.1873967 19.43259 0.6983433 0 0.0
-0.07155202 -0.005027105 -0.4188288 -4.701818 0.2491808 0.2152925 0.2448681 17.78352 1.679432 0 0.0
-0.02627344 0.05671868 0.9621855 -4.409467 0.1719678 0.1408433 -0.003991279 15.9305 1.721641 0 0.0
-0.02344713 -0.03862509 -4.406751 -8.11002 0.315345 0.2673374 0.381963 17.98025 1.759893 0 0.0
-0.03759676 0.02041793 -1.536466 -6.340487 1.431831 1.20272 0.2691077 19.28115 1.202936 0 0.0
-0.03868607 0.02049949 -1.841774 -0.745069 0.8477516 0.7221809 0.5587328 19.10674 nan 0 0.0
-0.0208771 0.05794648 -1.413236 -7.903596 0.4205191 0.3508012 0.1694762 18.80629 1.494478 0 0.0
-0.03439205 0.05063158 -0.9751642 -3.981657 0.9253209 0.769634 -0.06549225 19.62867 0.6008835 0 0.0
-0.004115651 0.04510658 -5.626503 -10.2202 0.7399538 0.6076171 0.03092498 19.38 1.16087 0 0.0
-0.003880634 0.008474055 -4.129212 -6.896006 0.2300437 0.1973725 0.2013444 17.00734 1.511976 0 0.0
0.00646744 0.02715067 -2.631268 -3.856929 0.5501016 0.4586889 0.154499 18.35023 1.68836 0 0.0
-0.004347408 0.008529347 -3.985973 -6.675822 0.4059414 0.3465171 0.1927021 18.15401 nan 0 0.0
-0.02230726 -0.03637605 -6.40853 -5.470502 1.062683 0.9259113 0.5744359 19.06769 nan 0 0.0
0.03847884 0.03953873 0.2259381 -2.825192 0.5933033 0.5007959 0.03327949 18.99682 1.559702 0 0.0
-0.07859683 0.01651449 -0.2016045 -2.93625 0.6651155 0.5626323 0.1528766 19.12314 1.197962 0 0.0
0.02979986 0.07391998 -0.3031599 -3.421065 1.013778 0.8268809 -0.02456895 19.77024 1.131258 0 0.0
0.04509852 0.04951498 -2.767002 -7.336053 0.3829735 0.3147635 0.06591997 18.45907 1.601366 0 0.0
-0.08079965 -0.01490145 -4.407851 -6.757011 1.769214 1.548048 0.6376123 19.92424 nan 0 0.0
0.02211372 0.05337428 1.356873 -8.738374 1.242143 1.028229 0.02292798 18.23733 nan 0 0.0
-0.04331656 -0.004870301 0.07138915 -7.751977 0.6595821 0.5602042 0.1482091 19.17491 1.189936 0 0.0
-0.06284795 0.0444406 -6.354404 1.55815 0.2233233 0.1910645 0.4277642 17.37285 1.551889 0 0.0
-0.01940499 -0.03317677 -2.504419 -1.060007 0.9493807 0.8156928 0.08483696 19.59177 1.412596 0 0.0
0.03210898 0.07265845 0.8921904 -6.798255 0.9344681 0.7827457 0.08918547 19.61922 nan 0 0.0
-0.007306311 0.04245517 -0.9896111 -7.749657 0.7544117 0.6305966 0.1418453 19.17864 1.445854 0 0.0
-0.0471385 0.01575199 3.029805 -3.746562 2.245387 2.059656 0.4855019 19.64969 nan 0 0.0
-0.05165993 -0.01460017 -5.578592 -6.24158 0.5660009 0.4807414 0.1787128 19.13707 1.254564 0 0.0
-0.05382686 -0.03307408 -1.825634 -7.544398 0.8729789 0.7079707 -0.02337128 19.50176 nan 0 0.0
0.01422835 0.0645548 2.309936 -0.1549673 0.4404271 0.3610901 -0.01872035 18.68014 1.396511 0 0.0
-0.04273425 0.02546635 1.035482 -4.588455 0.3995233 0.3364451 0.1924777 18.71602 0.9522381 0 0.0
-0.06471542 0.006925575 -0.5427359 -10.12703 0.239117 0.2075488 0.2831981 17.62001 1.502048 1 0.0
-0.02582444 0.02831458 -5.656791 -3.172419 0.856358 0.6729638 -0.03385671 19.14586 1.016205 0 0.0
0.01346764 0.008026834 -1.486445 -6.163374 0.5541075 0.4494857 -0.1321248 18.88535 1.711445 0 0.0
0.002447361 0.03298735 0.9611741 -6.867878 0.1058377 0.08757591 0.1002199 16.26 1.669573 0 0.0
0.01009783 0.0199768 -4.581943 -7.320313 0.09122962 0.07617296 0.1436024 13.77671 2.575167 1 0.7546462
-0.06396577 0.01032881 0.9663717 -5.878658 0.1767289 0.1505994 0.3005396 17.22738 1.721767 0 0.0
-0.01129677 0.005656291 5.009309 -13.32973 0.6955289 0.5783633 0.01533414 18.05266 1.659668 0 0.0
0.01954663 0.06000862 -1.928113 -4.470811 1.566315 1.422268 0.6709323 19.97603 1.557388 0 0.0
0.0159408 0.06403763 -0.9361339 -7.875506 1.661035 1.344422 -0.07832996 19.70557 nan 0 0.0
-0.07535773 0.01975968 -3.580547 -5.976443 1.057255 0.9055861 0.2191516 19.56253 0.8487854 0 0.0
-0.05223225 0.03473309 -1.318843 -6.930714 0.8381385 0.7439797 0.5328089 19.2056 0.8143368 0 0.0
-0.06095486 0.006134678 1.939263 -2.433748 1.234236 1.077621 -0.05979624 19.40257 nan 0 0.0
-0.02147169 0.04863467 3.242603 -6.916324 0.1289155 0.1065547 0.1099334 16.69526 1.847888 1 0.0
0.01825045 0.06575191 -7.466248 -2.083983 0.9015286 0.7431764 -0.008267532 19.52755 nan 0 0.0
-0.06108955 0.0137411 -2.683231 -9.059571 0.09629742 0.08096122 0.10464 15.99516 1.702741 1 0.0
-0.06741508 -0.02473644 -3.095859 -4.017548 0.3038256 0.2543607 0.2395903 18.09078 1.674231 0 0.0
-0.06689718 0.04763257 -3.155143 -7.406805 0.7665325 0.6502195 -0.05188745 19.19872 1.112322 0 0.0
-0.0526963 -0.01570892 -1.204103 0.1049779 0.7270046 0.6139606 0.1524569 19.36583 1.394058 0 0.0
-0.05936673 0.03663041 2.170717 -8.947985 2.125464 1.83459 0.2555162 19.91855 0.4347706 0 0.0
-0.06860136 0.001862572 -5.491839 -6.488289 0.3626007 0.3124641 0.2186818 17.95675 1.672838 0 0.0
0.02715165 0.0694824 -1.07784 -6.652779 0.4891073 0.411973 0.09145483 18.83064 1.405935 0 0.0
0.01965192 0.06711537 -2.455198 -7.036593 0.738212 0.6256954 0.1793268 19.48668 nan 0 0.0
-0.01963802 -0.03436509 2.655547 -0.8332744 0.975934 0.8388754 0.1557958 19.5597 nan 0 0.0
-0.0560576 0.01226037 5.973697 -4.459555 1.566773 1.353309 0.2775252 19.22676 0.979126 0 0.0
-0.02314926 0.01382135 -6.684133 -8.427381 1.480967 1.415714 0.5306189 19.5087 nan 0 0.0
-0.01676398 -0.01756079 -3.829225 -7.280933 0.2995595 0.2601082 0.6371622 16.94168 nan 0 0.0
-0.01194725 0.02271554 -1.160155 -8.065173 1.1795 0.9136323 0.00099983 19.51668 nan 0 0.0
-0.005881592 0.07474094 -1.121389 -5.826835 0.4378498 0.3673599 0.174189 18.84865 1.069769 0 0.0
-0.003568538 -0.01519994 -4.427651 -7.397835 0.2142464 0.1872619 0.1812155 17.36228 1.739037 0 0.0
0.01692699 0.06509603 -4.196559 -5.572757 0.09855592 0.08113688 -0.05997394 15.87361 1.790022 0 0.0
-0.0005875794 0.05209138 -0.4618039 -1.991187 0.3608698 0.2996144 0.07245955 18.33163 1.614347 0 0.0
-0.007853774 0.0742239 -7.365866 -5.446428 0.2140057 0.180311 0.2758509 17.51754 1.627979 0 0.0
-0.07165629 -0.004306208 1.462321 -3.175393 0.3724446 0.3170941 -0.04962249 18.41734 nan 0 0.0
-0.06917328 0.03845273 -0.8794182 -0.3352175 1.037989 0.8624678 0.1311004 18.47922 0.975668 0 0.0
-0.0684084 -0.01357918 -3.817385 -2.850939 0.4010629 0.3387531 0.1765133 18.70559 1.374199 0 0.0
-0.02344618 0.05977501 -3.956992 -6.268766 0.7497772 0.622412 0.08223893 19.4448 1.129459 0 0.0
-0.06745013 0.02325625 -2.456521 -6.541411 0.5635044 0.4808721 0.2602846 19.05967 1.283825 0 0.0
-0.06193992 0.04434776 -3.819196 -3.694091 0.6403958 0.5464634 0.2441702 19.2106 1.079098 0 0.0
-0.04168363 -0.003673642 -3.953472 -10.93737 0.5370927 0.4534211 0.1549832 18.86597 nan 0 0.0
-0.07090437 -0.004318979 -0.1149627 -1.99758 1.164487 1.016793 0.125356 19.15696 0.2455597 0 0.0
0.007245089 0.02127598 -4.312167 -7.341713 0.1918024 0.1614375 0.2200194 16.93672 1.638274 0 0.0
-0.009404007 0.007603906 -5.084501 -7.183846 0.259517 0.2157485 -0.2033128 17.08447 1.466058 0 0.0
-0.04134657 -0.003663953 -4.724067 0.6644288 0.9091653 0.7272872 -0.1728785 18.70721 1.330944 0 0.0
0.01280257 0.0741833 -1.245937 -8.057401 0.6625358 0.558808 0.1897323 19.07492 1.277996 0 0.0
-0.01003229 0.06221313 4.148009 -7.742217 0.1087238 0.089819 0.02123469 16.26763 1.818902 1 0.0
-0.02927393 0.02776996 -0.4599253 -4.583508 2.218917 1.512977 0.2702923 19.88603 1.410683 0 0.0
-0.06147862 -0.02506799 -0.1381943 -8.704515 0.7452259 0.631161 0.4442648 19.07549 1.147066 0 0.0
-0.0423265 0.04126511 0.004092486 -3.614695 0.4576438 0.3706819 -0.2497528 18.25314 1.30492 0 0.0
-0.06326167 0.04247957 -5.580333 -9.397404 0.2378616 0.2038446 0.4348293 17.51953 1.462927 0 0.0
-0.0432213 0.01318661 -0.7835591 -2.564719 0.84124 0.7108949 0.377463 19.43134 nan 0 0.0
0.05169295 0.05817852 -2.113316 -7.567458 0.1268717 0.1057922 0.144281 16.61265 1.767337 1 0.0
-0.02107798 0.02862287 -3.807023 -5.136398 0.9047564 0.7479348 0.2678718 19.46692 nan 0 0.0
-0.05424262 -0.03131002 -3.528225 -10.88718 0.3345368 0.2757986 0.101505 18.31467 1.343815 0 0.0
0.01306295 0.08041265 -0.1632304 -3.713813 0.2367904 0.2009168 0.2877214 17.63161 1.798946 0 0.0
-0.06168335 -0.02902778 -10.95805 -10.96455 2.320643 1.98774 0.5573253 20.37062 nan 0 0.0
-0.05463148 -0.03122061 -2.287341 -6.422457 1.121151 0.9214727 -0.04888156 19.79018 nan 0 0.0
-0.01743786 -0.01839824 -3.924925 -6.823021 0.1072141 0.09046081 0.1528312 15.81503 2.078904 1 0.6496202
-0.05520207 -0.03066019 -5.463781 -5.333547 0.7141794 0.5845504 0.04699291 19.23443 1.062359 0 0.0
-0.008162436 0.04316844 -2.88264 -5.663345 0.7713764 0.6509323 0.2110672 19.54344 1.56744 0 0.0
-0.08085221 -0.01410041 -3.067816 0.8628392 0.9132974 0.7764828 0.1551031 18.78151 1.635584 0 0.0
-0.07523132 0.02376522 -4.323319 -11.1722 0.2548357 0.2178373 0.3345311 17.45367 1.528961 0 0.0
0.000164697 -0.003559326 -4.362983 -7.270497 0.09489052 0.07896668 0.1322338 15.23148 1.674086 0 0.0
-0.0605667 0.007361359 -1.567011 -5.26817 0.9484425 0.7687377 -0.1322519 19.63083 0.8682823 0 0.0
-0.04699587 -0.009705323 3.466677 -3.616578 0.3855135 0.3283407 0.2499884 17.9255 1.271702 0 0.0
-0.02767542 -0.02673013 5.150109 -5.149875 1.108536 0.9278123 -0.09750015 19.52675 nan 0 0.0
-0.0453226 0.01466762 -4.737876 -4.799525 0.06119175 0.05091595 0.05526847 14.90293 1.80785 1 0.0
0.001591702 0.05132461 -4.318717 -5.483578 1.657182 1.422918 0.5515778 19.84124 nan 0 0.0
-0.00862799 0.02824722 -4.619941 -7.919224 0.2685107 0.2240291 0.2061294 17.47351 1.725592 0 0.0
0.05615323 0.05424487 -1.851055 -0.570756 1.149756 0.9808539 0.2765347 19.79856 nan 0 0.0
-0.06590793 -0.02984324 0.7500028 -10.80705 1.276666 1.075786 0.08670389 19.84726 nan 0 0.0
-0.01264076 -0.02658761 -5.424139 -5.080579 0.4897864 0.4164226 0.1945088 18.55494 1.583679 0 0.0
0.005614854 0.08210522 -0.6416329 -2.290947 0.2696112 0.2274125 0.2956793 17.93443 1.424961 1 0.0
0.05612712 0.05397786 -2.850949 -0.3009205 0.8349857 0.7036828 0.236925 19.49397 1.214569 0 0.0
-0.04764341 0.03935136 -3.082367 -4.474818 0.3709705 0.2861699 -0.2091484 17.33837 nan 0 0.0
0.00991853 0.04085275 -1.951844 -3.7715 0.6688595 0.56045 0.1920785 19.0352 1.573416 0 0.0
0.01800937 0.02698701 -2.677102 -7.256861 0.1676889 0.1441527 0.3304347 16.91164 1.632127 1 0.0
0.05361405 0.06009431 -2.123296 -6.633963 0.5531088 0.4657141 0.2384152 18.88781 1.293024 0 0.0
-0.01804409 0.03264039 -7.523415 -1.652763 0.6051955 0.5066984 -0.02558588 18.7122 nan 0 0.0
-0.06611194 0.03790375 -0.02621451 -6.61077 0.8834076 0.7572019 0.2980318 19.66254 1.137201 0 0.0
0.0005018634 0.01440599 -0.3131954 -5.362326 0.07700239 0.06354328 0.07822869 15.16206 2.231021 1 0.0
-0.002948295 0.04622051 3.724655 -5.397325 1.76145 1.473779 0.1428816 19.24566 1.546936 0 0.0
0.02765871 0.02965301 -1.715446 -3.402552 1.058609 0.9472081 0.3616949 19.49174 nan 0 0.0
-0.01067148 -0.01981055 -3.452631 -6.577819 0.2500929 0.2192147 0.4464363 17.16586 1.549877 0 0.0
-0.005492337 0.07473524 -2.065779 -2.052776 0.5924075 0.4990373 0.1814937 19.04912 nan 0 0.0
-0.006061306 0.04515988 -9.047377 -4.932404 1.791275 1.36311 -0.2686144 19.81414 nan 0 0.0
0.003718039 0.0251462 -4.394475 -7.814574 0.2254159 0.190761 0.2492367 17.33681 1.06249 0 0.0
-0.06171949 0.02503409 -4.719448 -0.3489061 1.064424 0.9109611 0.3067546 19.62116 1.468134 0 0.0
-0.02915293 0.0553369 -1.953601 -0.8841421 0.8990535 0.7345279 0.00546965 19.68187 0.957119 0 0.0
0.01012211 0.004868693 -3.560389 -7.099348 0.3355527 0.277929 0.1167806 16.9936 1.615767 0 0.0
-0.04590747 -0.008663363 -3.788076 -8.801495 1.977244 1.772058 0.7823112 20.04829 1.034988 0 0.0
-0.06161594 0.02532598 -2.575499 -11.15862 1.308232 1.160053 0.4665459 19.72472 nan 0 0.0
0.03525691 0.02561065 0.8818568 -4.170086 0.89623 0.7530321 0.08286737 19.65196 nan 0 0.0
-0.004501776 -0.0165275 -5.313564 -6.244474 0.9695348 0.8216019 -0.005893868 19.50501 nan 0 0.0
0.02995635 0.07636896 -2.749889 -9.939762 1.184292 0.9879709 -0.08362626 19.41577 1.401203 0 0.0
0.02886583 0.07447531 1.778487 -3.606707 1.227928 0.9575772 -0.3167356 19.73516 1.093176 0 0.0
0.009216232 0.02184419 -4.479218 -7.194455 0.1485938 0.1254086 0.251067 16.82648 nan 0 0.0
-0.04087324 0.0399783 -1.559029 -4.886305 0.7266645 0.5936105 -0.4616165 18.94001 1.333031 0 0.0
-0.03770415 0.02934618 -4.641309 -6.682524 0.1350786 0.1117304 0.1159017 16.78519 1.698326 1 0.0001505257
0.01542245 0.06762544 -1.22379 -4.08595 0.1053709 0.08622071 -0.02785836 15.89683 1.937921 1 0.0
0.02374129 0.02644021 -1.777006 -5.030351 1.494644 1.251649 -0.2688001 19.80776 0.8471165 0 0.0
-0.07238145 -0.005365353 0.4884404 -3.801086 1.04907 0.8528517 0.1412076 19.58638 0.6288681 0 0.0
0.002679531 -0.01105715 -4.238683 -7.425048 0.1009091 0.07973995 -0.09999269 13.81772 2.688344 1 0.9948536
-0.05227493 0.06435228 -8.075625 -3.943152 1.08647 0.9756547 0.2179364 19.70202 nan 0 0.0
0.01399649 0.07554115 0.1897304 -11.55954 0.6764686 0.5695134 0.1470118 19.27667 1.410391 0 0.0
