scripts/get_globular_clusters/output/NGC_6626_M_28.csv
# %ECSV 0.9
# ---
# datatype:
# - {name: x, unit: deg, datatype: float64}
# - {name: y, unit: deg, datatype: float64}
# - {name: pmx, unit: mas / yr, datatype: float64}
# - {name: pmy, unit: mas / yr, datatype: float64}
# - {name: pmx_e, unit: mas / yr, datatype: float64}
# - {name: pmy_e, unit: mas / yr, datatype: float64}
# - {name: pm_corr, datatype: float64}
# - {name: g_mag, unit: mag, datatype: float64}
# - {name: bp_rp, unit: mag, datatype: float64}
# - {name: filter, datatype: int64}
# - {name: memberprob, datatype: float64}
# meta: !!omap
# - comments: [deg deg mas/yr mas/yr mas/yr mas/yr dimless mag   mag   zeroone float]
# - __serialized_columns__:
#     bp_rp:
#       __class__: astropy.units.quantity.Quantity
#       unit: &id001 !astropy.units.Unit {unit: mag}
#       value: !astropy.table.SerializedColumn {name: bp_rp}
#     g_mag:
#       __class__: astropy.units.quantity.Quantity
#       unit: *id001
#       value: !astropy.table.SerializedColumn {name: g_mag}
#     pm_corr:
#       __class__: astropy.units.quantity.Quantity
#       unit: !astropy.units.Unit {unit: ''}
#       value: !astropy.table.SerializedColumn {name: pm_corr}
#     pmx:
#       __class__: astropy.units.quantity.Quantity
#       unit: !astropy.units.Unit {unit: mas / yr}
#       value: !astropy.table.SerializedColumn {name: pmx}
#     pmx_e:
#       __class__: astropy.units.quantity.Quantity
#       unit: !astropy.units.Unit {unit: mas / yr}
#       value: !astropy.table.SerializedColumn {name: pmx_e}
#     pmy:
#       __class__: astropy.units.quantity.Quantity
#       unit: !astropy.units.Unit {unit: mas / yr}
#       value: !astropy.table.SerializedColumn {name: pmy}
#     pmy_e:
#       __class__: astropy.units.quantity.Quantity
#       unit: !astropy.units.Unit {unit: mas / yr}
#       value: !astropy.table.SerializedColumn {name: pmy_e}
#     x:
#       __class__: astropy.units.quantity.Quantity
#       unit: &id002 !astropy.units.Unit {unit: deg}
#       value: !astropy.table.SerializedColumn {name: x}
#     y:
#       __class__: astropy.units.quantity.Quantity
#       unit: *id002
#       value: !astropy.table.SerializedColumn {name: y}
# schema: astropy-2.0
x y pmx pmy pmx_e pmy_e pm_corr g_mag bp_rp filter memberprob
[from data line 8469]
0.02005695 -0.02617375 0.004741639 -8.690324 0.6176628 0.4783666 -0.4583608 18.21995 1.182259 0 0.0
0.06051132 -0.003376949 -3.169613 -11.65486 1.183852 1.371411 0.6385842 19.12381 1.484402 0 0.0
-0.03364049 -0.0459044 0.6260007 -2.352514 0.1291841 0.1076588 -0.1910962 16.12353 1.737247 1 0.0
0.05063076 0.005620643 -2.78637 -3.755918 0.3118506 0.2725198 0.3259122 17.28418 1.373415 0 0.0
-0.00795513 -0.05669376 -0.1440501 -7.913834 0.691609 0.5472983 -0.3002535 18.53401 1.25412 0 0.0
0.04563118 -0.03649739 0.2446104 -9.395 1.124621 0.8744409 -0.05802136 18.72791 1.117098 0 0.0
0.009342561 -0.04610045 -1.012422 -7.422912 0.6117734 0.4995961 0.1686684 18.16251 1.458202 0 0.0
0.03789241 0.0009979762 1.375272 -1.97208 1.000614 0.9650265 0.3586719 18.64133 0.7565365 0 0.0
0.04115535 -0.01171745 -3.22382 -8.654419 0.3080794 0.2745939 0.1127702 16.88193 1.527144 0 0.0
-0.08009353 -0.03003757 2.750662 -3.484185 0.506907 0.4606221 0.2263778 17.59182 nan 0 0.0
0.02417847 -0.04189866 -1.506224 0.326615 1.215946 1.719395 0.545167 19.05475 1.24465 0 0.0
0.0469137 -0.01213531 1.148109 -9.282123 0.9073372 0.6941216 -0.3914198 18.9448 nan 0 0.0
-0.07405659 -0.03417656 -5.757618 -7.144436 0.2222421 0.1753088 -0.4347503 16.5412 1.653083 1 0.0
-0.05876769 -0.05412874 2.614186 -2.564357 1.006065 0.8334733 -0.2584651 18.96392 1.207464 0 0.0
0.03649752 -0.03448401 1.996102 -14.70595 0.9998845 0.9292961 -0.03024024 18.42259 1.266981 0 0.0
0.002617498 -0.02043675 4.562507 -10.90022 1.339078 1.020232 0.06603716 18.3313 nan 0 0.0
0.001648159 -0.052484 0.6372157 -4.295548 0.4461634 0.3542369 0.1327427 17.79184 nan 0 0.0
0.04493329 -0.05269815 -2.142058 -10.93718 0.7198064 0.6982866 0.01721922 18.43799 1.307056 0 0.0
0.05214822 -0.007260314 -6.427774 -2.719212 0.375022 0.3215131 0.007194644 16.25781 1.759346 0 0.0
-0.004744954 -0.05338816 -2.272962 -3.71992 0.79884 0.6464777 -0.3166595 18.91511 1.526299 0 0.0
0.07023845 0.01246035 -0.1336068 -9.423133 0.7330386 0.6436111 0.08384763 18.99886 1.296837 0 0.0
0.04810469 -0.01075294 -0.7789499 -5.389541 0.6071993 0.5270995 0.04027891 18.49627 1.328964 0 0.0
-0.02899109 -0.04416181 -0.3914715 -9.568854 1.19462 1.035659 -0.1889628 18.96639 nan 0 0.0
-0.06913867 -0.01785825 -0.6200955 -8.589389 0.5228903 0.4312195 -0.244893 18.50796 1.305786 0 0.0
0.02271114 -0.04396786 -5.395596 -9.330419 0.6449391 0.6372707 0.04618066 18.50171 1.323412 0 0.0
0.02924233 -0.04726513 -0.1211136 -9.569279 0.3407997 0.2735368 0.15867 17.35071 1.418783 0 0.0
0.02246446 -0.03067169 1.153298 -6.321981 0.5893408 0.4917397 0.07043972 17.76879 1.309795 0 0.0
-0.04531846 -0.05110756 -5.660785 -4.338586 0.3593648 0.279839 -0.4038884 16.34536 1.922489 0 0.0
-0.06257186 -0.02925116 -1.907267 -5.91282 0.1506089 0.1196074 -0.4853149 15.86028 1.172263 1 0.0
-0.06882782 -0.02921443 -1.805985 -6.454077 0.2607998 0.2294014 -0.01908636 16.86054 1.278839 0 0.0
0.07152475 -0.01372066 -0.6989445 1.593415 0.2031197 0.1734969 -0.01458041 16.99508 1.593798 1 0.0
-0.06157024 -0.03947405 -3.053789 0.9823642 0.6234423 0.5297761 -0.1466962 18.46286 1.194199 0 0.0
-0.07152123 -0.01481739 -1.786719 -7.193477 0.3762479 0.313264 -0.2286652 18.10495 1.388237 0 0.0
-0.005410342 -0.02671774 -0.2266895 -9.162404 0.09987612 0.07732004 -0.4119345 13.53734 1.714506 1 0.9954873
-0.05351749 -0.03531418 -0.4146652 0.4457654 0.5576076 0.4613185 -0.2791311 18.58154 nan 0 0.0
0.06780471 0.01799492 -0.7437528 -2.463924 0.4585956 0.3891391 -0.0688257 18.40177 1.51042 0 0.0
0.05342637 0.003349721 -3.497049 -1.963271 0.3507285 0.3055936 0.3313672 17.63553 1.426928 0 0.0
-0.01116741 -0.034811 -0.2022343 -8.07488 0.8312109 0.6652585 -0.1223585 18.55367 nan 0 0.0
0.00162035 -0.06261964 -6.479601 -8.073477 1.120521 0.9223817 0.1436925 18.51596 1.302418 0 0.0
0.07213426 -0.01295998 -2.193365 -0.4786602 0.1637093 0.1402865 -0.02049917 16.59769 1.733237 0 0.0
0.03614492 -0.009760854 -3.927283 -7.070196 0.1688323 0.143442 0.01857562 16.3019 1.884573 1 0.0
0.04389255 -0.02193797 -3.969128 -8.77655 0.6537058 0.6432761 0.2345976 18.75641 nan 0 0.0
0.06989738 -0.003071002 -0.722977 -2.597027 1.25348 1.465109 0.6654096 19.21239 1.348372 0 0.0
-0.05626379 -0.02213372 0.4612913 4.999736 0.8958135 0.8951802 0.435251 18.73431 nan 0 0.0
0.01008977 -0.04713047 -2.153217 -5.000169 0.8064539 0.7927562 0.3535376 18.61311 nan 0 0.0
-0.09184387 -0.04893994 0.39213 -6.142777 0.2632444 0.2251555 -0.07510039 15.62612 1.714608 0 0.0
0.03164787 -0.05651636 1.360545 -4.327419 0.4264157 0.3397585 0.1338203 17.74964 1.283812 0 0.0
0.05167658 -0.009594711 -0.5751041 -2.713521 0.4677029 0.3996115 -0.02168454 18.17365 1.408848 0 0.0
-0.07256482 -0.02915554 -4.192822 -2.466717 0.1831136 0.1612177 -0.06281206 16.78285 1.35331 1 0.0
0.0698516 0.01391778 -4.017717 0.4723416 1.648038 1.999471 0.6545605 19.58889 nan 0 0.0
0.01161393 -0.026701 -1.808797 -7.580661 0.8499838 0.9283623 0.1444795 18.75158 nan 0 0.0
0.001454551 -0.04202219 -1.147745 -8.831857 0.5574967 0.4378334 -0.3108048 18.32679 nan 0 0.0
0.03077996 0.01447918 0.4188381 -6.609735 0.5436686 0.421352 -0.0698469 18.3755 1.120882 0 0.0
0.06137105 -0.0004896463 -0.2438553 -1.557507 1.221201 1.430824 0.6136656 19.22145 1.217052 0 0.0
-0.02984893 -0.04486774 1.364839 -5.662405 0.2535263 0.216159 0.09284529 17.37051 1.264023 1 0.0
0.03140247 -0.04207004 -1.062818 1.75636 0.38128 0.3064728 0.1512718 17.55385 1.422661 0 0.0
0.07981969 0.01296379 -0.712542 -2.414696 0.537799 0.4622125 -0.007071677 18.292 1.436653 0 0.0
0.06921616 0.01651213 -0.03380945 -8.533471 0.3705345 0.3239004 0.3688089 17.61231 1.488441 1 0.9480571
-0.07204836 -0.01290271 -0.2734311 -7.118639 0.799526 0.7021944 -0.05081563 18.95492 nan 0 0.0
0.02689824 -0.008406186 -0.4080302 -9.986575 0.2348189 0.1959484 -0.03581252 16.45616 nan 0 0.0
0.02780819 -0.02479814 -0.3786885 -7.671693 0.6028236 0.6127063 0.03206329 18.45773 1.063433 0 0.0
0.01493203 -0.05737342 -2.236566 -7.011044 0.7566772 0.6287229 -0.25641 18.79336 1.390083 0 0.0
0.01103105 -0.04426381 -6.006719 -8.133749 0.8530276 0.6847866 0.1177125 18.56252 1.424677 0 0.0
0.06149928 -0.02100515 -3.837035 -5.026004 0.4502468 0.3856805 -0.02688788 18.25059 1.502155 0 0.0
0.03540567 0.01909564 0.6421732 -11.44957 0.9741082 0.7486859 -0.2762109 18.89449 nan 0 0.0
-0.05411824 -0.05401409 -0.6314846 -1.771467 0.5304947 0.4397011 -0.1924371 17.87758 1.388515 0 0.0
0.03389817 -0.02512773 -1.697327 -8.251814 1.205186 0.9303571 -0.0871875 19.05743 1.131382 0 0.0
-0.04767909 -0.03003416 4.036764 -8.103562 1.190758 0.9636009 0.06539893 18.92937 0.6647778 0 0.0
-0.08847863 -0.0331618 0.1963785 -3.330781 0.2714102 0.2341412 0.01443486 17.44666 1.534006 0 0.0
0.03041424 -0.008843784 3.620023 -10.55188 1.103983 0.9941795 0.2905735 18.19243 1.208529 0 0.0
-0.0751732 -0.01872199 -4.821036 -4.937184 0.351602 0.2949451 -0.1958522 18.02034 1.343269 0 0.0
-0.05415411 -0.03534498 5.170952 -5.562207 0.9684095 0.8736781 0.1093568 17.98775 1.329857 0 0.0
0.02548955 0.007512844 -0.8930344 -9.41965 0.8416164 0.6462467 -0.1998788 18.39914 nan 0 0.0
0.01044897 -0.05415908 -0.3645057 -8.337709 0.1592492 0.1329881 -0.2561202 16.14829 1.444686 1 0.8929854
0.01967273 -0.005324457 0.120474 -8.569126 0.2476868 0.1761585 -0.8042762 15.55784 0.8372631 0 0.0
0.03315053 -0.02598201 -0.1042855 -8.476929 0.8550287 0.8831199 0.06308604 18.93017 1.221588 0 0.0
0.05941549 0.02085454 -0.6908314 -9.385886 0.5230185 0.4510159 -0.003285927 18.40469 1.127518 0 0.0
0.04783997 0.02062114 0.7081897 -4.240691 0.163485 0.1331285 -0.2839171 15.79136 1.716003 0 0.0
0.03383561 -0.05138045 -0.3118576 -9.391454 0.3705599 0.2951164 0.183808 17.37677 1.412182 0 0.0
-0.05204921 -0.03826995 -0.2766238 -8.981447 0.6197734 0.4854448 -0.03979141 18.19782 nan 0 0.0
0.01496285 -0.03141823 -1.150675 -7.279846 0.9945573 0.7479127 0.2164976 18.70864 nan 0 0.0
-0.09619588 -0.04027053 4.137675 -4.566209 0.2161153 0.1914456 -0.04341625 16.90133 1.245464 0 0.0
0.06746342 0.00151371 0.4347018 -6.890196 0.3685559 0.3244417 0.3350538 17.65379 1.350578 0 0.0
0.05595269 0.01809241 -4.223743 -7.371553 0.7394973 0.7177353 0.2503254 18.83674 1.062941 0 0.0
0.006464105 -0.04623378 -0.08967446 -8.705155 0.1195919 0.0981098 -0.3315808 15.2473 1.606391 1 0.9889483
0.05763801 0.009783224 -2.306118 -4.710397 0.1701909 0.1634537 -0.06090424 16.22797 2.024187 0 0.0
-0.05859233 -0.01542856 -1.00134 -4.030109 0.2697174 0.232265 0.04111262 17.2341 1.776407 0 0.0
0.03672447 -0.01596182 -0.8451222 -3.91419 0.9257918 0.8928138 0.3196267 18.67511 nan 0 0.0
-0.07791729 -0.0571415 4.412591 -1.620731 0.6045756 0.5245103 -0.2184785 18.61255 1.261421 0 0.0
-0.0469199 -0.06103591 2.869947 -5.896151 0.4902492 0.5438761 0.2692947 18.19224 1.158148 0 0.0
0.01974855 -0.05052863 -0.6887441 -9.022695 0.4363137 0.3639802 -0.228553 18.11516 nan 0 0.0
0.06937604 0.005329256 -4.160046 -2.009067 0.3532542 0.3059422 0.1787273 17.83836 1.476311 0 0.0
-0.0131331 -0.03092021 1.136117 -10.25153 0.543882 0.4391872 -0.3360287 18.19998 nan 0 0.0
0.04047396 0.02106628 -2.21533 -4.817882 0.7697532 0.6180203 -0.1802932 18.56475 1.285868 0 0.0
-0.07775646 -0.0488597 -0.3272503 -2.367291 0.1722711 0.1383281 -0.4120745 15.74721 1.724017 0 0.0
-0.0444645 -0.04000267 -0.454551 -9.523714 1.021277 0.8432719 -0.38619 18.89062 1.106337 0 0.0
-0.079656 -0.02171171 4.716542 -14.51681 1.861793 1.723321 0.06225934 19.62479 nan 0 0.0
-0.06737636 -0.05126067 0.9282518 -1.775534 0.3077795 0.2607067 -0.02030644 17.50287 1.223265 0 0.0
0.07144903 -0.001027211 -0.6145957 -9.046205 0.3998791 0.3486012 0.3172846 17.74138 0.4175224 0 0.0
-0.07673193 -0.0496506 -4.709835 -5.510724 0.3855148 0.3319895 -0.420989 17.5566 1.483904 1 0.0
0.01603952 -0.05355696 4.843213 -9.347008 0.7835371 0.6861982 -0.08370641 18.22997 1.335354 0 0.0
0.06929838 0.01498239 -4.130255 2.943898 1.057214 0.9977116 0.2584874 18.94805 1.602152 0 0.0
0.01595943 -0.03090337 1.672095 -6.902078 0.9943456 0.8523519 0.06231529 18.15939 1.196741 0 0.0
0.006187114 -0.05055963 -0.7870889 -4.499591 1.005583 0.7911786 -0.0006673277 19.07987 1.169754 0 0.0
-0.007705957 -0.05825014 1.126829 -5.530883 0.6820047 0.5654509 -0.2997227 18.71936 1.293381 0 0.0
-0.07072006 -0.01189868 -4.680392 -6.362564 1.247124 1.007897 0.3101857 19.01806 1.279135 0 0.0
-0.03939997 -0.03785137 -3.122528 -8.722704 1.074635 0.8197732 -0.4466911 18.81365 0.5917435 0 0.0
0.04783822 0.0160931 -1.916428 -4.386286 0.4210695 0.3614367 -0.006849102 18.16481 1.335014 0 0.0
0.04667843 -0.04859418 -1.988149 -7.797634 0.1540691 0.1317298 -0.2186717 16.01048 1.141133 0 0.0
-0.01351919 -0.04407523 -4.122515 -3.194626 0.690366 0.5325042 -0.291033 18.39255 1.173138 0 0.0
0.03849491 -0.02028631 -0.09289763 -9.377837 0.4979347 0.4724708 0.376083 17.85202 nan 0 0.0
0.02766637 -0.04000921 0.02980422 -4.782063 0.1515175 0.1268718 -0.2426445 16.03095 1.881001 1 0.0
-0.06478852 -0.02511908 0.5305974 -6.013531 0.8725607 0.7242234 -0.3567918 18.56871 1.364841 0 0.0
0.06701071 -0.01637316 -5.261686 -7.042737 0.3938036 0.3488667 0.4004713 17.53076 1.28916 0 0.0
0.0155139 -0.0518193 -2.297567 -8.236074 1.188445 1.731874 0.5613848 19.01243 1.170588 0 0.0
0.06878706 -0.008163001 -5.467359 -7.58094 1.179673 1.354851 0.6562387 19.07408 1.289089 0 0.0
0.0597869 -0.01279699 2.467878 -5.072831 0.3990672 0.3405067 0.07771088 17.92821 1.009312 0 0.0
0.01592999 -0.04446843 -0.4305377 -8.75151 0.5648705 0.4879899 -0.1606265 18.38225 1.241419 0 0.0
0.02892173 0.001925465 -2.759253 -6.213409 0.2817952 0.2618788 0.2852779 17.00918 1.392982 0 0.0
-0.07440704 -0.04974837 -3.706734 -3.584212 0.359884 0.2969654 -0.2791154 17.98113 1.587395 0 0.0
-0.05819851 -0.02866919 3.790017 -2.737193 0.3118527 0.2674992 -0.03685713 17.57515 1.289351 0 0.0
0.01985625 -0.06919776 0.1173279 -3.567253 0.9256955 0.7392131 -0.385345 18.94569 0.7039719 0 0.0
-0.0138804 -0.03166225 -5.592114 -3.305162 0.1245732 0.09959366 -0.427884 15.58306 1.694749 1 0.0
-0.04615069 -0.04590844 -3.606086 -6.119816 0.2457486 0.1917486 -0.414304 16.95996 1.003492 0 0.0
-0.002143251 -0.06384226 -1.971264 -2.650269 0.2889738 0.2333485 0.2124195 16.80835 1.294119 0 0.0
0.04477865 -0.02123638 -0.03518754 -9.527296 0.5166803 0.4527706 0.2860757 18.15694 nan 0 0.0
-0.04792674 -0.0338356 -0.3807692 -7.325596 0.1450568 0.1204385 -0.2307371 16.08846 1.854249 1 0.0
-0.001894747 -0.02761027 4.643227 -7.782308 1.21154 0.9491851 0.1945163 17.44232 1.313952 0 0.0
-0.01257798 -0.04574215 -1.237912 -9.089729 0.5882403 0.4649202 -0.2416146 18.09489 1.289726 0 0.0
-0.009034597 -0.05475788 0.1368749 -10.18952 0.7233238 0.6020288 -0.2818098 18.84478 1.157438 0 0.0
0.07350321 0.007884626 2.350484 -0.6285478 0.4827266 0.4315459 0.4069407 17.5718 1.350372 0 0.0
0.02839399 -0.005316616 -0.08191342 -8.78622 1.085752 1.230547 0.695175 18.61179 0.6439037 0 0.0
-0.01767204 -0.03590849 -1.055739 -8.446485 0.7669438 0.6112559 -0.7571237 17.73422 1.222656 0 0.0
0.02185572 -0.02928684 -1.56464 0.5312292 0.3033986 0.2759464 0.2734884 16.43797 1.445913 0 0.0
0.0008180237 -0.03083559 -0.962127 -8.771137 0.270624 0.2434221 0.05064659 15.50651 1.471839 0 0.0
0.07973143 0.004916745 -1.903043 -6.00284 1.083327 1.25556 0.6433312 19.02302 1.4641 0 0.0
-0.08169361 -0.03821732 -0.1524059 -9.276678 0.8638957 0.7366551 -0.4521293 18.84299 nan 0 0.0
0.0009287737 -0.02728792 -2.817518 -8.94487 0.8184469 0.6839057 -0.09380826 18.36206 nan 0 0.0
-0.007347249 -0.04040688 1.226836 -9.343415 0.716146 0.6112219 -0.2290963 18.72702 0.9411392 0 0.0
0.04363304 0.02714393 -4.229888 -7.133828 0.2545498 0.1961386 -0.2935465 13.94998 3.952562 1 0.0
0.04918334 -0.0134637 1.846055 -3.822898 0.431736 0.3790358 0.08821983 17.77856 1.062994 0 0.0
-0.05031212 -0.02183742 -0.6994981 -9.2333 0.4276116 0.3392991 -0.4483334 18.00653 1.381676 0 0.0
-0.09298754 -0.03709997 3.645794 -0.9749975 0.7394455 0.5716332 -0.4657749 18.57459 1.277168 0 0.0
-0.06594975 -0.02778235 0.004091997 -5.123236 0.153831 0.1248927 -0.2748516 16.22345 1.842392 1 0.0
-0.01288209 -0.04897704 0.5596324 -9.473002 0.6466089 0.5129552 -0.3167243 18.53426 1.123337 0 0.0
-0.09663533 -0.04462154 0.6241738 -2.476114 0.6016395 0.5132135 -0.03559624 18.64869 0.9625263 0 0.0
0.07363873 0.002976936 -6.66731 -0.451908 0.4423079 0.3805152 0.0132369 18.2176 1.073061 0 0.0
-0.04167171 -0.03180201 -4.983223 -9.082847 0.506001 0.4147596 -0.2909079 18.18667 1.245354 0 0.0
0.06985991 -0.02036873 -4.345442 -5.418061 0.8426385 0.7140351 -0.05478689 18.66454 1.08445 0 0.0
0.02437619 -0.02177236 -0.4012045 -8.864871 0.1863334 0.1434616 0.08194244 15.74054 1.543113 1 0.9943598
0.04522873 -0.001686223 -6.290349 -6.736587 0.6859782 0.5223571 -0.3115096 18.51932 1.051142 0 0.0
0.009231355 -0.0527361 -2.790648 -0.5035535 0.4478323 0.3639507 0.2588332 17.22051 1.33255 0 0.0
-0.06574152 -0.002929485 -0.02606158 -5.53704 0.6052259 0.4882479 -0.3844225 18.18672 1.294621 0 0.0
-0.06290283 -0.03160881 -0.7088469 -3.676599 0.7635171 0.6689072 0.190139 18.51501 nan 0 0.0
0.06640804 -0.004512941 -1.746816 -12.18527 1.273969 1.481207 0.6480993 19.25184 1.115547 0 0.0
-0.02858338 -0.01194088 -1.062092 -2.113445 0.1115003 0.08690964 -0.531342 14.65701 1.791492 1 0.0
0.01693612 0.02649625 9.239096 -14.80726 1.214116 1.00093 -0.04488701 18.07495 nan 0 0.0
0.03380104 0.02459497 0.324996 -9.625429 0.4310153 0.3516681 -0.1282103 18.35352 1.362425 0 0.0
0.01599909 0.06174988 0.0759286 -8.850188 0.1894168 0.1548037 -0.2072015 16.92785 1.479357 0 0.0
-0.0005663152 0.03417257 -2.022944 -4.249925 0.1219983 0.1000289 -0.1959234 15.91169 1.817229 0 0.0
-0.05505724 0.003646552 -0.1002762 -8.801674 0.5152375 0.4094734 -0.483452 18.20538 1.186897 0 0.0
-0.03088095 -0.0131259 -1.308389 -8.51416 0.2198421 0.1891447 -0.3277287 16.1099 1.506576 0 0.0
0.03474293 0.02574675 -4.760011 -2.806666 0.2413317 0.2019493 -0.01018935 14.06827 4.549533 1 0.0
0.009042407 0.01260204 -0.02119122 -9.474226 0.3177158 0.2825288 -0.002800843 17.0681 1.281747 0 0.0
