scripts/get_globular_clusters/output/NGC_6760.csv
# %ECSV 0.9
# ---
# datatype:
# - {name: x, unit: deg, datatype: float64}
# - {name: y, unit: deg, datatype: float64}
# - {name: pmx, unit: mas / yr, datatype: float64}
# - {name: pmy, unit: mas / yr, datatype: float64}
# - {name: pmx_e, unit: mas / yr, datatype: float64}
# - {name: pmy_e, unit: mas / yr, datatype: float64}
# - {name: pm_corr, datatype: float64}
# - {name: g_mag, unit: mag, datatype: float64}
# - {name: bp_rp, unit: mag, datatype: float64}
# - {name: filter, datatype: int64}
# - {name: memberprob, datatype: float64}
# meta: !!omap
# - comments: [deg deg mas/yr mas/yr mas/yr mas/yr dimless mag   mag   zeroone float]
# - __serialized_columns__:
#     bp_rp:
#       __class__: astropy.units.quantity.Quantity
#       unit: &id001 !astropy.units.Unit {unit: mag}
#       value: !astropy.table.SerializedColumn {name: bp_rp}
#     g_mag:
#       __class__: astropy.units.quantity.Quantity
#       unit: *id001
#       value: !astropy.table.SerializedColumn {name: g_mag}
#     pm_corr:
#       __class__: astropy.units.quantity.Quantity
#       unit: !astropy.units.Unit {unit: ''}
#       value: !astropy.table.SerializedColumn {name: pm_corr}
#     pmx:
#       __class__: astropy.units.quantity.Quantity
#       unit: !astropy.units.Unit {unit: mas / yr}
#       value: !astropy.table.SerializedColumn {name: pmx}
#     pmx_e:
#       __class__: astropy.units.quantity.Quantity
#       unit: !astropy.units.Unit {unit: mas / yr}
#       value: !astropy.table.SerializedColumn {name: pmx_e}
#     pmy:
#       __class__: astropy.units.quantity.Quantity
#       unit: !astropy.units.Unit {unit: mas / yr}
#       value: !astropy.table.SerializedColumn {name: pmy}
#     pmy_e:
#       __class__: astropy.units.quantity.Quantity
#       unit: !astropy.units.Unit {unit: mas / yr}
#       value: !astropy.table.SerializedColumn {name: pmy_e}
#     x:
#       __class__: astropy.units.quantity.Quantity
#       unit: &id002 !astropy.units.Unit {unit: deg}
#       value: !astropy.table.SerializedColumn {name: x}
#     y:
#       __class__: astropy.units.quantity.Quantity
#       unit: *id002
#       value: !astropy.table.SerializedColumn {name: y}
# schema: astropy-2.0
x y pmx pmy pmx_e pmy_e pm_corr g_mag bp_rp filter memberprob
[from data line 2507]
-0.04401257 -0.08584739 -0.8950313 -2.339045 1.274081 1.246252 0.6043223 20.01218 nan 0 0.0
0.03883167 -0.1113681 -2.051789 -1.151798 2.831725 3.541184 0.6364376 20.5583 nan 0 0.0
-0.06344898 -0.0516572 -1.898808 -2.577081 1.133461 0.9307338 0.4954153 19.93773 1.482525 0 0.0
0.01127784 -0.1082545 3.010945 -0.9375351 2.628594 2.676375 0.8738487 20.4623 1.371988 0 0.0
-0.08740289 -0.09615486 -3.306655 -6.309295 2.187482 2.144895 0.5770386 20.6806 1.726587 0 0.0
-0.03769673 -0.1271584 -6.591939 -7.406866 0.504836 0.4426973 0.2400123 18.88536 1.401062 0 0.0
0.03205716 -0.05916338 -2.552253 -7.273314 1.471757 1.551943 0.448197 20.40898 0.9875107 0 0.0
0.01082013 -0.1086146 -0.3481585 -3.75294 2.293136 2.125371 0.6624683 20.61701 1.121574 0 0.0
-0.0877675 -0.03592917 -1.815043 -2.440483 0.07624124 0.0705133 0.2840387 13.44409 2.457887 1 0.0
0.05543096 -0.1028071 1.012435 -0.9231669 0.4739777 0.4283274 0.2832289 18.21819 1.528593 0 0.0
0.01185764 -0.1207616 -4.921409 -7.60305 0.893926 0.8680304 0.4900772 19.40924 1.576817 0 0.0
-0.05902441 -0.04201576 -1.992282 -13.15825 1.361195 1.332027 0.7240954 19.21633 1.73291 0 0.0
-0.0357743 -0.1209229 -0.2502756 -4.016811 0.4311927 0.366243 0.4871769 18.30517 nan 0 0.0
0.05176893 -0.07576188 0.928635 -11.26479 1.509338 1.5005 0.4512116 20.42689 1.616798 1 0.0
0.02201838 -0.06914241 -3.586574 -1.878445 1.093883 1.068204 0.6323893 19.76596 1.219273 0 0.0
0.00798226 -0.06296548 -1.763296 -3.674299 1.876602 1.897038 0.8669615 19.98402 1.175644 0 0.0
-0.06769033 -0.05298284 -3.983883 -5.14758 1.588191 1.602494 0.7042949 20.27722 0.7884064 0 0.0
-0.02851202 -0.11892 -1.714275 -0.1453525 0.9635977 0.9314258 0.5583614 19.47948 1.677029 0 0.0
-0.07635639 -0.06796438 -2.132805 -3.142707 0.7877709 0.7910684 0.7043896 19.20283 1.011505 0 0.0
-0.03031215 -0.09791568 0.2658653 -1.189326 0.5686026 0.5075882 0.4089248 19.03282 1.38089 0 0.0
0.0009947311 -0.06243512 2.081626 -5.755681 1.526987 1.457464 0.5688202 19.91331 1.502491 0 0.0
-0.007976249 -0.1024601 -1.706377 -3.068563 1.188391 1.177774 0.6150423 19.93309 1.225258 1 0.190654
-0.01844224 -0.07224784 -1.411818 -2.816 1.184135 1.177021 0.6801174 19.91575 1.858974 0 0.0
-0.01526893 -0.08772257 -4.333736 -4.189403 1.463123 1.509421 0.5090199 20.37661 1.014259 0 0.0
-0.05801715 -0.0231375 0.3055798 -2.566321 1.442275 1.499615 0.6654183 20.1757 1.354158 0 0.0
-0.03824488 -0.0288459 -1.242454 -7.791971 0.4773339 0.4256491 0.4633302 18.82374 1.19256 0 0.0
-0.07849207 -0.05734613 -1.321372 -5.609609 0.5976432 0.5532357 0.3767188 18.43134 1.539906 0 0.0
-0.04761316 -0.08620782 -0.6123714 -3.804907 2.800338 2.801048 0.870088 20.45752 nan 0 0.0
-0.03882472 -0.03642218 0.4537668 -5.955384 1.054846 1.138276 0.6343754 19.31897 nan 0 0.0
0.01344439 -0.1314431 -6.811381 -6.550188 1.460746 1.428644 0.657269 19.55673 1.387915 0 0.0
-0.03748281 -0.09629162 -3.021665 -1.494563 1.61937 1.737791 0.4975126 20.07384 1.432802 0 0.0
-0.1156875 -0.0546405 -1.950825 -3.873313 1.092772 1.083531 0.7471948 19.56231 1.463053 0 0.0
-0.02170708 -0.05804356 -2.977082 2.874467 2.882233 3.202008 0.6570691 20.72216 1.510931 0 0.0
0.04942003 -0.1204041 1.50552 -1.961813 1.488668 1.457466 0.7335228 19.91121 1.509434 0 0.0
-0.02247029 -0.1171166 -5.599517 -7.53019 0.6453002 0.6486945 0.6317896 19.08891 1.437162 0 0.0
-0.08389361 -0.08633653 -3.721352 -4.906003 0.7618047 0.6717566 0.6851985 19.06323 nan 0 0.0
0.008165286 -0.04102025 -0.3932137 -0.5081783 1.666564 1.881938 0.8063856 20.17254 nan 0 0.0
0.04728343 -0.07264117 -0.9364013 -4.877017 0.732824 0.7206279 0.5684829 19.26464 2.490583 1 0.1053534
0.003954493 -0.0448309 -4.73606 -7.966159 1.675543 1.503938 0.5036988 20.22136 1.238127 0 0.0
0.01573257 -0.05162895 -0.8935068 -3.419383 1.321533 1.385199 0.5710541 20.20238 1.039173 0 0.0
0.07917036 -0.09655967 -3.331971 -4.745546 0.9117061 0.8684004 0.6730826 19.35216 1.510611 1 0.02905733
-0.0003783598 -0.02592669 -1.115322 -3.29033 0.148361 0.1549566 0.3671559 13.62858 3.625628 1 0.9669785
0.02357497 -0.1303962 -2.405598 -8.589094 1.665499 1.568182 0.3916124 20.51959 1.051743 0 0.0
-0.06116139 -0.1016772 -3.344608 -5.663161 0.7674614 0.7825882 0.641443 19.30912 1.484663 0 0.0
-0.1030858 -0.06239376 1.380971 -4.040737 0.8610213 0.8711091 0.6729424 19.30001 nan 0 0.0
-0.02234791 -0.06587632 -2.263736 -6.378404 0.9174089 0.9224259 0.6645438 19.53494 1.868145 0 0.0
-0.05963523 -0.07351321 -4.57893 -6.30502 0.4294699 0.3901839 0.3214212 18.89741 1.509583 1 0.0
0.03407161 -0.1189224 -3.322651 -7.120526 0.4017291 0.3560678 0.4583386 18.46967 1.672045 0 0.0
-0.05905417 -0.0004905813 -2.108581 -1.568413 2.338472 2.888851 0.5326061 20.80003 nan 0 0.0
0.04139441 -0.07716405 -4.19382 -7.679025 1.256 1.298127 0.615835 20.25652 nan 0 0.0
-0.001812498 -0.08614041 0.6885601 -0.4864085 1.307753 1.275727 0.5180267 20.14415 1.337652 0 0.0
0.04282913 -0.1258015 -2.845164 -3.17724 1.019494 0.9699674 0.5188467 19.91331 1.50593 0 0.0
0.06916205 -0.1024872 2.529946 -5.372238 0.2753033 0.2476275 0.2422324 18.03521 1.560463 1 0.0
-0.1070832 -0.06894763 0.3710078 -4.185516 1.91212 1.751276 0.6822917 20.3644 1.038818 0 0.0
-0.03836736 -0.06527756 0.6024821 -2.36822 0.4358571 0.4027142 0.452477 18.60944 1.417589 0 0.0
0.02937211 -0.07223387 -3.10143 -6.965043 0.4253323 0.3955141 0.421222 18.92171 1.521126 1 0.0
-0.04474481 -0.07983613 -1.980036 -3.697061 0.3147127 0.2785202 0.3759179 18.25784 1.443228 0 0.0
-0.1147108 -0.04735911 -5.551064 -7.127306 1.234606 1.219771 0.7402233 19.41377 1.60191 0 0.0
0.04063141 -0.06316401 3.674605 -2.031493 1.175841 1.164858 0.5793386 19.77848 1.377281 0 0.0
-0.03299669 -0.0317071 -1.384231 -4.919836 2.953133 3.285655 0.6120413 20.63523 nan 0 0.0
0.001574466 -0.02729247 -13.09661 -11.6809 1.816802 1.655277 0.5257762 19.82541 1.616245 0 0.0
-0.06027605 -0.0759884 -3.082725 -6.553252 0.482084 0.5086347 0.457742 18.9736 1.371658 1 0.0
-0.03629307 -0.1246348 -0.7975877 -7.45929 1.097878 0.9696547 0.6546487 19.63538 nan 0 0.0
-0.02597926 -0.1033414 0.1289201 -4.343439 0.5784199 0.5042223 0.5242251 19.07686 1.441736 1 0.005173905
-0.1103177 -0.07149711 4.203483 0.6240655 0.996773 0.9177226 0.7441354 19.40589 1.489525 0 0.0
-0.03080006 -0.06444884 -1.968674 -3.050733 1.744953 1.792741 0.5716329 20.56376 nan 0 0.0
-0.01108869 -0.1192346 -5.16598 -8.339051 1.490443 1.374374 0.4395277 19.836 nan 0 0.0
-0.0921623 -0.07006139 -4.707988 -8.042614 0.665412 0.6590492 0.7105934 19.04852 1.72493 1 0.0
0.03791585 -0.07344232 2.106179 0.697142 1.690753 1.633217 0.824576 19.98387 1.575153 0 0.0
-0.03986238 -0.05479982 -0.6503616 -3.654932 0.4633709 0.430483 0.5444896 18.7531 1.359758 0 0.0
0.005205574 -0.0745547 -1.52813 -6.297873 1.544087 1.637544 0.5658524 20.508 nan 0 0.0
-0.02323302 -0.1008063 -3.58394 -5.808365 1.08398 0.922121 0.4343164 20.04981 1.254431 0 0.0
0.03178289 -0.09664263 -6.251385 -9.338187 1.612534 1.638296 0.5951445 20.39101 nan 0 0.0
-0.07812594 -0.05850789 -5.164959 -6.508963 1.252412 1.306917 0.5996604 19.8033 nan 0 0.0
0.05082349 -0.1087609 0.02988471 -3.757352 1.29172 1.03971 0.3316811 20.05608 1.132317 0 0.0
0.03175259 -0.1211881 -3.68867 -7.372641 1.230004 1.161465 0.702706 19.7584 1.250134 0 0.0
-0.01542128 -0.040317 3.11568 -3.145374 1.749171 1.712155 0.6025517 20.50944 0.837986 0 0.0
0.06876507 -0.08694087 1.213477 0.4287908 3.289379 3.630916 0.6781038 20.76927 1.493332 0 0.0
0.0261381 -0.1257001 -2.568355 -3.632258 0.3598781 0.303905 0.2696083 18.58626 1.545914 0 0.0
-0.09341284 -0.05178831 -0.01277986 -3.815189 1.041331 1.032008 0.7087919 19.36772 1.534666 0 0.0
-0.02066935 -0.01278595 0.1168799 -2.605785 0.2740936 0.2665668 0.3421113 18.21068 1.684666 0 0.0
0.002306838 -0.1204781 -0.9998101 -6.28918 0.7181793 0.7091832 0.6007769 19.22477 nan 0 0.0
-0.08456441 -0.0663958 -0.08947422 -2.119381 1.303758 1.312425 0.7129087 20.06394 1.391756 0 0.0
-0.0592386 -0.07642288 -1.947934 -0.1750621 2.084598 1.97208 0.8920765 19.90437 1.35932 0 0.0
-0.06515748 -0.03989157 -0.8162292 -4.272781 1.478724 1.489452 0.7254596 20.19855 nan 0 0.0
-0.08251993 -0.06234811 -3.644196 -5.723992 0.2641096 0.2567318 0.5552211 17.62758 1.891418 1 0.0
-0.02820662 -0.08668698 0.6298464 -3.743103 0.8533535 0.8944522 0.7987525 19.11254 1.393036 1 0.008033292
-0.0429443 -0.06179629 -4.225338 -2.447166 0.344675 0.3290984 0.6046695 18.1171 1.508003 1 0.0
-0.003490738 -0.08725018 -6.025748 -6.408805 0.4794676 0.4307819 0.3227995 18.94367 1.422573 0 0.0
0.04075356 -0.07085097 -3.539549 -6.378618 0.2971532 0.2604077 0.1332401 18.24953 1.420908 0 0.0
0.006059946 -0.07379152 3.143832 -3.491171 1.284106 1.26977 0.5994765 20.11796 1.223406 0 0.0
-0.043952 -0.122882 -1.420419 -7.999271 1.378396 1.321118 0.5292228 20.09767 1.26116 0 0.0
-0.04980876 0.004811213 -1.372627 -3.761138 0.8203232 0.7924989 0.671139 19.12544 nan 0 0.0
-0.02661937 -0.01746082 -2.882828 -4.994384 0.06161137 0.06060772 0.3267833 15.01972 2.08116 1 0.0
0.01576337 -0.1163735 -4.00505 -6.58272 1.22838 1.181436 0.5611224 20.05396 1.330564 0 0.0
-0.0172219 -0.1109032 -0.6116849 -3.376704 1.121873 1.051113 0.5561523 20.03879 1.124287 1 0.2276781
-0.1049464 -0.0394095 -1.660999 -3.477299 1.13742 1.13096 0.613011 19.67582 1.8897 0 0.0
-0.07867488 -0.04601767 -2.105063 -3.816073 1.357051 1.323576 0.6832624 20.09565 1.139765 1 0.2284938
0.0699552 -0.09232838 -2.765927 -5.600688 0.3077329 0.2714176 0.3199007 18.30588 1.536133 1 0.0
0.04838243 -0.1103465 -3.524544 -5.568037 1.231514 1.215715 0.6088454 19.68259 0.6292782 0 0.0
0.05576681 -0.1156631 -3.789561 -8.544941 1.970608 1.980778 0.7452157 20.22561 1.183599 0 0.0
-0.04983966 -0.02035673 -3.130524 -6.811433 0.1352112 0.1208123 0.426779 16.57376 1.125498 1 0.0
-0.06616536 -0.08844785 8.73526 -5.239235 0.8957794 0.8033918 0.8272843 19.05922 1.714115 0 0.0
-0.031899 -0.1148462 -3.577927 1.234921 0.9775457 0.9493999 0.5328265 19.64504 1.387394 0 0.0
-0.000775042 -0.08990277 -4.993131 -7.020931 0.822655 0.7696431 0.7355361 19.05298 1.520899 0 0.0
-0.02018119 -0.0205826 -1.062797 -3.71858 0.1319408 0.1241293 0.3745953 16.60048 2.009155 1 0.9773415
-0.04370685 -0.04020606 -6.825129 -5.358272 1.157895 1.160072 0.7696134 19.60948 1.226027 0 0.0
-0.06866737 -0.08396994 -0.6043761 -4.500795 0.8122221 0.8057318 0.6816095 19.43911 0.9293213 0 0.0
-0.09713614 -0.07622627 -2.274956 -2.796613 2.487403 2.143582 0.1275398 20.58415 nan 0 0.0
-0.03406483 -0.04998187 -3.89456 -6.450714 1.306058 1.396589 0.5297411 20.06301 1.40781 0 0.0
-0.0199065 -0.008884116 -0.8714411 -3.469673 0.1412159 0.1309193 0.3871698 16.88379 1.917336 1 0.9729745
0.007219388 -0.04346833 -1.524864 -1.726979 0.3840213 0.3575666 0.3899165 18.63792 1.509567 0 0.0
0.05064044 -0.1105185 -2.586354 -5.788336 0.1937667 0.1720657 0.300059 17.66894 1.465908 1 0.0
-0.0255517 -0.05237019 -3.140167 -5.779545 1.005765 0.9993143 0.8048356 19.15715 1.582468 0 0.0
-0.04184656 -0.1239693 -4.277834 -4.759379 1.087757 0.9869103 0.5977437 19.66522 1.843018 0 0.0
-0.02179853 -0.04449215 -1.283892 -5.31143 0.1390382 0.1304507 0.4006278 16.86001 1.372141 1 0.0
-0.09377954 -0.07116761 -1.254468 -3.534515 0.180098 0.1564211 0.4432544 17.1874 1.941822 1 0.832576
0.005663298 -0.08883906 -1.629959 -1.524465 0.9908722 1.025771 0.3485197 19.25482 1.354521 0 0.0
-0.07159528 -0.01953317 -0.4953732 -2.244506 0.6824111 0.6913699 0.6897683 19.0756 1.807411 1 0.3824332
-0.01429232 -0.04625512 -3.164216 -3.467768 2.729446 2.993196 0.6456786 20.63442 nan 0 0.0
0.04392722 -0.09288967 -4.117902 -3.572697 1.556976 1.481554 0.7878202 19.83555 1.420441 0 0.0
-0.0316241 -0.08384416 -2.055202 -5.20232 1.428535 1.373772 0.5790535 20.26026 1.227186 0 0.0
-0.01114965 -0.09972117 -2.524244 -6.683578 1.650781 1.62473 0.6203557 20.54582 0.5723038 0 0.0
-0.07299971 -0.05746827 -0.04307194 -5.865644 1.757584 1.710598 0.6150068 20.41053 1.639006 1 0.05014752
-0.03021981 -0.009942136 -1.48182 -3.0923 0.3729011 0.3249268 0.3287762 18.67132 nan 0 0.0
0.02049287 -0.09426629 -3.937244 -15.04588 1.329673 1.218487 0.4674145 19.67399 1.730242 0 0.0
-0.02790136 -0.07161322 -6.941729 -10.64794 0.6938153 0.7333401 0.3311592 18.65364 1.719589 0 0.0
-0.0154215 -0.08955559 -6.186945 -8.115508 0.8808115 0.8762818 0.611317 19.41377 1.36587 0 0.0
-0.01368215 -0.0686506 -2.62273 -3.979044 0.4060989 0.3861195 0.2690524 18.64145 1.546461 1 0.02193168
-0.0331495 -0.05600791 6.791061 2.424873 2.615495 2.820996 0.7900111 20.65797 nan 0 0.0
-0.01929626 -0.01107519 -1.30517 -3.467358 0.1053906 0.09856345 0.357872 16.26822 2.147302 1 0.9780336
-0.01221741 -0.0386649 0.3917657 -3.212098 1.787845 1.745551 0.6297182 20.41079 1.21982 0 0.0
-0.07757759 -0.09790111 -3.82302 -6.106617 0.8940338 0.8013636 0.6892046 19.34983 1.310757 1 0.00406914
0.03428462 -0.05944648 -2.453332 -8.928215 3.128225 3.172557 0.5236568 20.57256 nan 0 0.0
0.02491745 -0.1116018 -2.452987 -2.062953 0.3551747 0.3026281 0.3119633 18.42599 1.626352 0 0.0
0.02058413 -0.04750464 -5.524592 -5.717453 3.92801 2.986505 0.5938649 20.87904 1.313129 0 0.0
-0.08401545 -0.0774772 -6.896951 -5.125879 2.206493 2.185316 0.6043869 20.61829 1.054705 0 0.0
-0.05597276 -0.02175972 0.9394999 -6.052304 1.580197 1.578543 0.6613459 20.29474 1.938429 0 0.0
-0.01990654 -0.0155447 -0.8317187 -3.526981 0.2092959 0.2238979 0.5125695 16.93879 1.935547 0 0.0
-0.0120345 -0.08670395 -4.751941 -3.231657 1.831231 1.628553 0.25856 20.33372 0.568222 0 0.0
-0.03379047 -0.07542017 2.560785 -7.111001 1.33224 1.311676 0.5984233 20.16718 0.5820656 0 0.0
-0.03745151 -0.02571082 -0.1087551 -1.650096 0.4223658 0.3769118 0.4209444 18.0577 1.92296 0 0.0
-0.02927446 -0.07179047 -3.426039 -6.192223 1.616638 1.60665 0.6338354 20.49257 0.9552994 0 0.0
0.01655647 -0.06177591 -0.3657111 -1.982587 1.171232 1.12084 0.8227994 19.30222 1.460716 0 0.0
-0.02167667 -0.07502581 -0.07995749 -1.915234 0.9043992 0.908307 0.635893 19.58411 1.976564 1 0.3200428
-0.04041119 -0.01956412 -2.145304 -9.783268 1.076023 1.105408 0.7274447 19.58726 1.219709 0 0.0
-0.02808414 -0.0351002 -3.856258 -7.119027 0.522784 0.4931177 0.4887757 18.86736 1.414728 0 0.0
0.02162177 -0.07888294 -3.352295 -6.935834 0.4387367 0.4206026 0.3639103 18.64034 1.349251 0 0.0
-0.01035639 -0.1297893 -2.930031 -6.862657 0.4323099 0.3249032 0.08295716 18.64157 1.525187 0 0.0
-0.05652285 -0.07223732 -0.7135697 -0.2423426 0.1306391 0.1199181 0.3140458 16.58921 1.510504 0 0.0
0.05533944 -0.104117 0.0272836 -3.829376 0.1347844 0.1138715 0.2035979 16.86509 1.385534 1 0.0
-0.03290506 -0.02197676 -0.8133284 -5.311845 2.169573 1.991717 0.4354795 20.59857 1.088226 0 0.0
-0.0908493 -0.03556919 -3.981917 -6.990367 1.267597 1.276365 0.707085 19.75405 1.445238 0 0.0
0.0263208 -0.07510075 -5.745312 -7.377905 1.789028 1.749598 0.5013016 20.44127 nan 0 0.0
-0.05792668 -0.08557835 -5.940209 -5.420192 0.8443364 0.8600188 0.478229 19.41332 1.633686 1 3.096009e-06
0.02027901 -0.04889879 -1.239205 -4.166548 1.093777 1.112536 0.6100144 19.81374 1.488943 0 0.0
-0.1044278 -0.04472625 -4.511081 -4.089455 0.8963502 0.9268967 0.7207183 19.35233 1.507004 1 5.98728e-05
-0.04508016 -0.0574825 -1.174407 -3.362351 0.3017733 0.2744745 0.3203538 18.38632 1.682316 0 0.0
-0.01130213 -0.07124198 -0.1957766 -3.216408 1.623586 1.721151 0.7114901 19.39091 nan 0 0.0
-0.07574592 -0.05868265 -3.789499 -8.469344 1.898765 1.917514 0.5850062 20.4819 1.326994 0 0.0
0.007707615 -0.05143812 -0.5390998 -3.617329 1.488891 1.567786 0.7787353 19.90532 1.241587 0 0.0
-0.03644547 -0.1078297 -1.037351 -3.768034 0.9961891 0.9866833 0.651676 19.72626 nan 0 0.0
0.009446911 -0.0687566 -5.217795 -9.182617 1.21279 1.204329 0.5872423 19.62717 nan 0 0.0
-0.1215459 -0.05243228 -1.978572 -3.528624 0.3822512 0.3359415 0.4140468 18.51074 1.611048 1 0.09227924
-0.0126143 -0.09971502 -3.498398 -6.650303 0.1984494 0.1709694 0.3001271 17.4817 1.690805 1 0.0
-0.01072242 -0.08696317 -2.671629 -2.038548 0.9671315 0.9483078 0.5999837 19.49405 nan 0 0.0
-0.04373712 -0.0222023 -1.936454 -4.031264 1.19654 1.231191 0.7477038 19.79628 nan 0 0.0
