scripts/get_globular_clusters/output/NGC_6355.csv
# %ECSV 0.9
# ---
# datatype:
# - {name: x, unit: deg, datatype: float64}
# - {name: y, unit: deg, datatype: float64}
# - {name: pmx, unit: mas / yr, datatype: float64}
# - {name: pmy, unit: mas / yr, datatype: float64}
# - {name: pmx_e, unit: mas / yr, datatype: float64}
# - {name: pmy_e, unit: mas / yr, datatype: float64}
# - {name: pm_corr, datatype: float64}
# - {name: g_mag, unit: mag, datatype: float64}
# - {name: bp_rp, unit: mag, datatype: float64}
# - {name: filter, datatype: int64}
# - {name: memberprob, datatype: float64}
# meta: !!omap
# - comments: [deg deg mas/yr mas/yr mas/yr mas/yr dimless mag   mag   zeroone float]
# - __serialized_columns__:
#     bp_rp:
#       __class__: astropy.units.quantity.Quantity
#       unit: &id001 !astropy.units.Unit {unit: mag}
#       value: !astropy.table.SerializedColumn {name: bp_rp}
#     g_mag:
#       __class__: astropy.units.quantity.Quantity
#       unit: *id001
#       value: !astropy.table.SerializedColumn {name: g_mag}
#     pm_corr:
#       __class__: astropy.units.quantity.Quantity
#       unit: !astropy.units.Unit {unit: ''}
#       value: !astropy.table.SerializedColumn {name: pm_corr}
#     pmx:
#       __class__: astropy.units.quantity.Quantity
#       unit: !astropy.units.Unit {unit: mas / yr}
#       value: !astropy.table.SerializedColumn {name: pmx}
#     pmx_e:
#       __class__: astropy.units.quantity.Quantity
#       unit: !astropy.units.Unit {unit: mas / yr}
#       value: !astropy.table.SerializedColumn {name: pmx_e}
#     pmy:
#       __class__: astropy.units.quantity.Quantity
#       unit: !astropy.units.Unit {unit: mas / yr}
#       value: !astropy.table.SerializedColumn {name: pmy}
#     pmy_e:
#       __class__: astropy.units.quantity.Quantity
#       unit: !astropy.units.Unit {unit: mas / yr}
#       value: !astropy.table.SerializedColumn {name: pmy_e}
#     x:
#       __class__: astropy.units.quantity.Quantity
#       unit: &id002 !astropy.units.Unit {unit: deg}
#       value: !astropy.table.SerializedColumn {name: x}
#     y:
#       __class__: astropy.units.quantity.Quantity
#       unit: *id002
#       value: !astropy.table.SerializedColumn {name: y}
# schema: astropy-2.0
x y pmx pmy pmx_e pmy_e pm_corr g_mag bp_rp filter memberprob
[from data line 4907]
-0.01549605 0.0556681 -1.06281 -6.174354 0.3113579 0.2226055 0.3974993 17.90225 1.94915 0 0.0
-0.00895775 0.06290336 -2.974152 -7.213397 1.72079 1.128662 0.7111506 19.92647 1.470522 0 0.0
-0.01347132 0.05445337 -9.503879 -4.887613 1.335945 0.874662 0.5597041 19.4794 1.860214 0 0.0
0.007512418 0.0457297 0.6472202 -1.471355 0.4575263 0.2837563 0.3312609 18.41331 1.732044 0 0.0
-0.02971542 0.0267175 -2.395775 -4.742058 0.862538 0.5769432 0.6783112 19.06639 2.094828 0 0.0
-0.03251397 0.05739835 -4.816216 -2.961458 0.1213113 0.08308709 0.2513762 16.19858 2.075006 1 0.0
-0.03526161 0.005899136 0.08062137 -6.580946 1.06478 0.6879886 0.5180496 19.18243 1.666851 0 0.0
-0.03710422 0.03815373 -7.16961 -6.386237 0.1973837 0.1252846 0.3379166 16.99328 2.058895 1 0.0
-0.03170724 0.008820315 -5.920498 0.9040095 1.308645 0.8885938 0.4597612 20.07484 1.616385 0 0.0
-0.02920065 0.04627367 -4.403799 -8.970003 0.8879733 0.5771098 0.4848607 19.14806 1.955091 0 0.0
-0.007505826 0.03519733 -7.382511 -5.896226 1.698921 1.282598 0.3850906 20.14973 1.893412 0 0.0
0.02070154 0.06312883 -0.310379 -4.254072 2.045295 1.552999 0.306393 20.34819 nan 0 0.0
-0.01592898 0.02066248 -10.28182 -4.966707 2.982017 1.517975 -0.5023846 20.07269 0.9468994 0 0.0
-0.02156323 0.02039835 -8.613451 -6.846984 1.63921 1.144504 0.1329601 19.89675 1.378658 0 0.0
-0.006001799 0.04416004 -3.739112 -12.57311 3.445574 2.158779 0.5051444 20.54232 nan 0 0.0
-0.01486429 0.03624375 -9.264266 1.107117 2.863038 2.065342 0.2173687 20.4652 nan 0 0.0
-0.03456119 0.04146186 -11.24076 -8.817809 1.194273 0.7086225 0.4507448 18.92396 1.842428 0 0.0
0.005050207 0.04363366 3.229683 -5.295081 1.337325 0.877275 0.1701272 19.99328 1.341064 0 0.0
0.01104203 0.05172803 -4.50444 -5.816161 1.085915 0.7120649 0.5955202 19.39004 1.511457 0 0.0
-0.0490535 0.02658884 0.3327409 -3.1172 1.067134 0.6964294 0.6149987 19.41808 2.033052 0 0.0
-0.0270394 0.04607011 -10.82045 -14.10528 1.149164 0.7649397 0.4765209 19.32144 1.452293 0 0.0
-0.01727429 0.05493161 0.4799311 0.6434233 3.587804 2.711455 0.3120156 20.62995 nan 0 0.0
-0.03420606 0.04315569 -3.719938 1.164776 2.760694 1.763081 0.6951027 20.40672 nan 0 0.0
0.003518892 0.0647862 -6.997388 -4.385486 1.273518 0.8219648 0.5900032 19.49935 1.608519 0 0.0
-0.01210161 0.03759638 -9.110237 -2.97684 2.47987 1.748149 0.4985443 20.24191 0.7325153 0 0.0
-0.05589017 0.02364461 -4.627567 -4.045649 0.1410372 0.09220045 0.3642054 15.08671 2.736726 1 0.0
-0.03803368 0.03627088 11.39657 5.932964 1.65471 1.15708 0.6964769 19.22006 1.841549 0 0.0
-0.04361483 0.03840132 1.517955 -3.193604 1.404475 1.041769 0.2599759 20.12873 1.587263 0 0.0
-0.01352653 0.05868577 -8.410719 -6.036016 1.994035 1.535297 0.2731045 20.41105 nan 0 0.0
-0.02720416 0.04870984 -3.154319 -4.800419 0.229638 0.1436577 0.5455257 17.0497 2.078055 1 0.0
0.006938126 0.04911909 -0.9162531 -1.206604 1.626784 1.073197 0.4523926 19.98206 1.383841 0 0.0
-0.03986664 0.03684819 1.557083 -0.5954975 0.1156429 0.07183809 0.53085 14.55712 2.65217 1 0.0
-0.02227368 0.01689442 4.347385 -8.104951 0.7912741 0.571025 0.3899899 17.63207 1.91687 0 0.0
-0.0264376 0.04632583 -5.684858 -1.757854 1.433663 0.9387165 0.5530026 19.73879 1.69454 0 0.0
-0.0555069 0.02292572 -3.988138 -3.226987 0.7718721 0.4631228 0.8154264 18.10379 2.449146 0 0.0
-0.02197344 0.02015032 5.492723 -1.396046 1.934389 1.347893 0.07048383 20.20045 nan 0 0.0
-0.02646491 0.04609504 -15.58199 -1.517003 2.964383 2.008641 0.3155071 20.37592 nan 0 0.0
-0.01877842 0.05114529 -8.409718 -6.909055 2.984177 1.829578 0.005729857 20.57691 0.7618484 0 0.0
-0.02958181 0.03908859 -6.822007 -4.124023 1.359385 0.9467709 0.3235941 20.00941 1.435383 0 0.0
-0.02796094 0.01048258 4.418965 -5.662733 2.043338 1.430216 0.7355828 19.56128 nan 0 0.0
-0.01943276 0.03769075 -4.588295 -2.704974 0.3948997 0.2628822 0.3972919 18.22749 2.031601 0 0.0
-0.03013008 0.04354592 -2.225369 -2.427047 1.917828 1.358859 -0.374952 19.74148 1.285011 0 0.0
0.01334011 0.05157901 -0.2349933 1.167726 2.53082 1.600288 0.3735789 20.14163 1.909683 0 0.0
-0.005181462 0.05216713 -3.749232 -5.75553 0.5697055 0.3771627 0.3552596 18.63252 1.974012 0 0.0
-0.04678432 0.029241 -0.9138722 -6.281558 0.3586529 0.2470119 0.6476249 17.37367 nan 0 0.0
-0.02916872 0.02811572 -6.735045 -8.384252 3.342806 2.02371 0.3862223 20.43154 nan 0 0.0
-0.03065115 0.04844958 -3.171139 -1.813976 1.870356 1.197875 0.450658 19.86582 nan 0 0.0
-0.04675712 0.02959959 10.24945 -4.489381 2.89387 1.950829 0.3495519 19.92481 nan 0 0.0
-0.01708037 0.03860283 -1.1775 0.6182098 1.52323 1.103105 0.3092309 20.23401 1.262016 0 0.0
-0.01032568 0.06160625 -3.528333 -5.989999 0.5204749 0.3449465 0.2704795 18.92512 1.833799 0 0.0
-0.05504341 0.02606353 -1.088542 -4.434577 1.218308 0.839955 0.5687853 19.45597 1.781809 0 0.0
-0.02337303 0.04342732 -2.556391 -5.581045 0.1482123 0.09994396 0.2835444 16.21731 2.693923 1 0.0
-0.05312812 0.02466634 -5.420782 -2.773889 1.090974 0.7208938 0.5782497 19.22784 nan 0 0.0
-0.04139733 0.03354794 -5.115698 -8.247167 2.743179 1.873684 0.6387458 20.4171 1.757195 0 0.0
-0.03026783 0.04726712 -1.076522 -0.7178901 2.059072 1.429935 0.4736879 19.89338 1.572096 0 0.0
-0.02033985 0.06264442 -1.438915 -3.447948 0.8728496 0.558442 0.568398 19.21791 1.702583 0 0.0
-0.002308984 0.05988626 2.109469 -8.70535 0.3573661 0.2592667 0.2450068 17.3362 1.937551 0 0.0
0.01169897 0.05513067 -3.403963 -0.2643124 1.359119 0.8909469 0.6130216 19.82981 1.681376 1 0.3733202
0.004940798 0.04402086 -2.695993 -4.415645 2.020189 1.423174 0.6149787 20.15913 nan 0 0.0
-0.05154468 0.03135422 -3.99999 -2.458081 2.139573 1.502505 0.5898345 20.51906 1.556772 0 0.0
-0.0055921 0.05759733 -3.800117 -7.834529 2.175112 1.554199 0.5307533 20.37685 nan 0 0.0
-0.01289347 0.02463014 -9.59223 -13.54181 2.073022 1.360417 0.5682897 19.72402 1.554007 0 0.0
-0.008600443 0.04114055 -4.788463 -1.607661 2.38248 1.662543 0.3144596 20.45599 nan 0 0.0
-0.007697675 0.04073625 -3.373876 -3.237558 0.6188992 0.4104318 0.1383946 18.92373 1.64414 0 0.0
-0.003813765 0.0589459 -2.807419 -6.4024 0.2538851 0.1806131 0.4025539 17.53211 1.986933 0 0.0
-0.02954635 0.007302638 -3.985347 1.151588 2.560104 1.700328 0.7471415 20.16553 1.819687 0 0.0
-0.003129217 0.03864792 1.153994 2.836801 0.7334233 0.4649446 0.5139165 19.02759 1.763557 0 0.0
0.01372326 0.0527291 -1.66616 -9.780962 1.237614 0.7902176 0.6325926 19.65198 1.707151 0 0.0
-0.004935558 0.05972787 -8.124277 -10.17674 2.880073 1.836986 0.7182135 20.40967 1.59503 0 0.0
-0.02329319 0.05448614 -4.602552 -8.729313 0.2237464 0.137198 0.4876148 16.89391 2.338176 1 0.0
-0.02416027 0.01418369 -0.6222544 -7.744131 1.503743 0.9707706 0.6148143 19.81328 1.514851 0 0.0
0.00855226 0.04953097 -2.861988 -4.391035 1.415383 1.016685 0.1552691 20.04177 nan 0 0.0
-0.00343023 0.04222991 -2.525191 -4.90758 1.370376 0.8872582 0.6045742 19.83082 1.372622 0 0.0
-0.0005579261 0.05916149 -3.540875 0.2974861 2.231571 1.769349 0.08882422 20.34044 nan 0 0.0
-0.01669482 0.02072913 -0.1965072 -3.428364 2.014062 1.293252 0.6434699 20.09622 1.127638 0 0.0
-0.03431613 0.04534529 -3.438061 -3.323931 1.500993 0.9781023 0.5514363 19.77554 1.700928 0 0.0
-0.02906346 0.04465055 -3.949715 -1.807282 1.513523 0.987078 0.4291938 19.89841 2.283445 0 0.0
-0.03314008 0.04634699 -5.326955 -4.427524 0.2902292 0.1815818 0.4949854 14.8296 4.192629 1 0.0
-0.003704275 0.0573895 -4.90344 -8.363985 0.5228825 0.3525628 0.3343172 18.87457 1.97415 0 0.0
-0.0540869 0.02780158 -4.681336 -6.20425 0.1994627 0.1407911 0.2655471 17.28177 2.237206 1 0.0
-0.01784554 0.03359974 -2.382709 0.54582 2.807015 1.851832 0.7055913 20.48395 nan 0 0.0
-0.02796169 0.01356867 -14.71751 -5.553727 1.842066 1.281162 0.6124827 20.18057 1.687412 0 0.0
-0.03324984 0.04750282 -5.698446 -3.988475 0.4156203 0.2962558 0.5803672 17.75444 2.043365 0 0.0
-0.02063279 0.01755848 1.478565 -3.764348 1.607456 1.021083 0.5784482 19.79319 1.933271 0 0.0
-0.01185416 0.0253188 1.219394 -3.234016 1.498844 0.9574665 0.6063168 19.85947 1.497944 0 0.0
-0.03021171 0.04186171 -1.168251 -4.611445 0.5823234 0.4105149 0.1387067 18.84768 1.769962 0 0.0
-0.004551943 0.04514621 6.878435 7.952355 1.274646 0.8590355 0.339765 18.52583 1.645971 0 0.0
-0.01327951 0.05180218 -4.250115 -3.906251 1.465484 1.008588 0.4006094 20.05009 nan 0 0.0
-0.05408768 0.02946669 3.929089 0.7547719 1.116449 0.7484201 0.558691 19.50097 nan 0 0.0
-0.03822753 0.04345961 -5.217549 -5.628422 0.8767704 0.5403034 0.5521475 19.12564 1.673969 0 0.0
-0.03611964 0.03878728 -8.149222 -2.619803 0.326868 0.230036 0.4337195 17.43563 1.986425 0 0.0
-0.04864364 0.02760372 4.289703 -5.154274 1.830397 1.185458 0.581595 19.86794 1.875303 0 0.0
0.003819273 0.04674268 -8.100768 -4.845029 0.8787568 0.5492198 0.5960342 19.09236 nan 0 0.0
-0.02504312 0.049664 -6.79371 0.6797595 1.463718 1.074488 0.2146572 20.12709 nan 0 0.0
-0.03699683 0.04450714 -4.16905 -5.967211 0.1480778 0.1002826 0.250754 16.17308 2.186547 1 0.0
-0.04003017 0.03512007 2.479247 -3.079593 0.5956915 0.3852157 0.5356931 18.40697 1.914202 0 0.0
-0.006796315 0.06424246 -7.781969 -5.47541 1.835645 1.481356 0.02032655 20.15473 1.654726 0 0.0
-0.007999917 0.06000235 -6.27694 -4.351888 2.400374 1.727936 0.5052641 20.47078 1.646982 0 0.0
-0.005700831 0.04321973 -5.228016 -9.330836 1.049342 0.6792491 0.5589331 19.25375 1.850679 0 0.0
-0.001022902 0.04275066 -1.475556 -5.050566 1.735188 1.26812 0.2287685 20.19068 1.112085 0 0.0
-0.00217177 0.03784495 -1.853628 -3.192085 1.21383 0.779942 0.5662917 19.67195 nan 0 0.0
-0.05011354 0.01111025 -4.484499 1.730731 1.547937 1.037797 0.4004215 20.12189 1.62747 0 0.0
-0.006520815 0.03069604 -13.74971 -3.500468 2.183083 1.423862 0.4788665 19.99369 1.535934 0 0.0
-0.05389134 0.01901452 0.1327361 -3.792873 1.669844 1.109985 0.5867944 19.55961 nan 0 0.0
-0.04126008 0.03221666 -6.165717 -2.041138 1.787749 1.243633 0.6100388 20.22371 1.770721 0 0.0
0.0005911492 0.05000622 -2.548393 -3.119384 0.3956977 0.2712125 0.3568975 18.34836 1.880285 0 0.0
-0.008301072 0.06268978 -4.592572 -6.482345 1.722266 1.22988 0.4452913 20.26463 nan 0 0.0
-0.03543184 0.02599109 7.755021 -4.680755 2.579655 1.67836 0.7357382 20.22349 1.69718 0 0.0
-0.03127977 0.04623498 -1.726121 -4.736922 2.583735 1.924844 0.08299398 19.73931 1.803194 0 0.0
-0.04093536 0.04218076 0.7851053 0.8167958 0.5257382 0.3425109 0.3713791 18.63305 1.856966 0 0.0
-0.0346334 0.008531467 -1.465169 -5.075482 1.999579 1.354384 0.5918572 19.82457 nan 0 0.0
-0.04896644 0.01477476 -4.355298 -6.415206 1.827761 1.363112 0.251349 20.43184 2.35066 0 0.0
-0.02299057 0.04609006 -6.942842 -3.965184 0.4100572 0.294507 0.2404717 17.04726 1.911778 0 0.0
-0.02786135 0.05122547 -4.135226 -7.963245 1.345935 0.8716278 0.605032 19.76457 1.73801 0 0.0
-0.02154359 0.06186601 -0.2227653 -6.035334 1.574536 0.9935581 0.5379638 19.20013 nan 0 0.0
-0.04140346 0.05071597 3.949671 -0.8753781 1.51093 1.019506 0.4135058 20.24441 nan 0 0.0
-0.003320906 0.04572608 -5.693908 -7.04902 0.4820115 0.3279399 0.3843348 18.59185 1.758986 0 0.0
-0.05331695 0.01895756 -1.987682 -3.711687 0.2088736 0.1426932 0.2999874 17.02997 2.387459 1 0.0
-0.04486655 0.02132245 -2.384551 -5.747194 1.516283 1.050926 0.4686484 20.22146 nan 0 0.0
-0.001816242 0.04342967 0.8862833 -3.962796 1.508621 1.137072 0.09106546 20.1603 nan 0 0.0
0.008963862 0.0655107 -3.143193 -3.084844 1.875882 1.387345 0.451763 20.37754 nan 0 0.0
-0.04202573 0.03149922 -5.391562 -3.851378 0.5667492 0.3952081 0.3201232 16.81181 2.161864 0 0.0
0.01052217 0.05121118 -5.466652 -4.372429 2.306548 1.483776 0.4032489 19.64777 nan 0 0.0
-0.03912603 0.0308422 0.04199245 -0.01040747 0.3445412 0.2505122 0.5422004 17.93193 1.829933 0 0.0
-0.01672507 0.04084211 0.6282437 -0.3035239 1.481809 0.9806517 0.542718 19.88204 nan 0 0.0
-0.01741126 0.05611224 -3.925474 -9.938632 1.956249 1.361791 0.5016948 20.51836 nan 0 0.0
-0.03144244 0.04079327 -0.7734683 -4.129194 0.6312396 0.4314143 0.3598086 18.93314 1.562857 0 0.0
-0.04484239 0.0295622 -3.660833 -8.123901 1.839477 1.208327 0.5366659 20.08354 1.622765 0 0.0
0.01599507 0.06037727 -3.281607 -1.169744 0.2831043 0.2009132 0.3977687 17.70562 2.145054 1 0.0
-0.01092452 0.02873686 -9.950406 -2.634612 1.359352 0.9048839 0.5191464 19.75712 1.522541 0 0.0
0.006802232 0.06436644 -0.7215258 -0.948305 0.3142918 0.223992 0.4056011 17.88083 1.69117 0 0.0
-0.05550487 0.01869141 -1.215166 -2.338963 0.476813 0.3438525 0.5825316 18.22786 nan 0 0.0
-0.00572796 0.03861349 -9.261922 -5.413148 2.964516 2.087047 0.6184334 20.35349 1.649328 0 0.0
0.01030328 0.05090031 -0.05688473 -0.07608979 2.145576 1.257461 0.1208681 19.60441 nan 0 0.0
-0.04368314 0.001961401 -6.602451 -7.593358 2.230904 1.632713 0.2412621 20.48868 nan 0 0.0
-0.01809544 0.05738243 -6.342114 -5.451341 1.208395 0.7769474 0.5909078 19.66093 1.248743 0 0.0
-0.05047482 0.02429178 -5.67628 -5.230149 0.6791385 0.4898486 0.5462143 18.98449 nan 0 0.0
-0.006768912 0.06353484 -3.287931 -1.159754 1.540285 1.099827 0.4016347 20.18806 1.738607 0 0.0
-0.02630017 0.04346103 -4.067792 -3.135736 0.1205409 0.08135779 0.187681 15.89515 2.225058 1 0.0
-0.01921108 0.02059331 -2.307646 -5.400201 1.403842 0.9699784 0.1988939 20.11933 nan 0 0.0
-0.003867782 0.03790022 -1.298368 -3.922311 1.938782 1.352712 0.3313258 20.36271 nan 0 0.0
-0.05559201 0.02930386 -5.700637 -5.301065 0.2980113 0.2428687 0.1002121 17.68585 2.228922 1 0.0
-0.05695499 0.01980841 -1.062266 0.9458997 2.189865 1.463797 0.6958099 20.19683 nan 0 0.0
-0.02695337 0.02906612 -8.518623 -4.998436 0.3410499 0.2467727 0.1963022 17.41686 2.246376 0 0.0
-0.02033216 0.0187964 -6.351726 -1.667826 0.6545291 0.4222691 0.3123622 18.88906 nan 0 0.0
-0.02123833 0.0384877 -2.43052 -3.768207 0.9987581 0.6477095 0.5986272 19.3678 1.515198 0 0.0
-0.006522246 0.05613053 -5.821215 -10.29835 2.06536 1.338847 0.5430088 19.85913 1.530563 0 0.0
-0.006823413 0.05976782 0.4027485 -7.075253 2.653168 1.969719 0.1699069 20.61058 nan 0 0.0
-0.007998215 0.03534225 -3.506934 -1.953408 1.567047 1.096766 0.446893 20.0644 1.12402 0 0.0
-0.04123989 0.05235254 -9.729597 -8.641801 1.200608 0.8399531 0.2926381 19.85919 1.462271 0 0.0
-0.04161871 0.04065654 -0.2227766 -3.643476 1.386463 0.9519826 0.2785328 20.11575 1.884577 0 0.0
-0.05629846 0.01957031 -12.73402 -5.580558 0.75528 0.4418859 0.7992857 18.32065 2.052322 0 0.0
-0.002199147 0.03901034 -6.061792 -9.187013 1.96802 1.405952 0.5878621 20.2651 nan 0 0.0
-0.0455992 0.006532577 -3.591985 -6.944844 1.83712 1.2879 0.5018073 20.33326 1.144741 0 0.0
-0.03349863 0.05642341 -3.608067 -4.689893 1.275859 0.8433305 0.4584506 19.79109 1.656015 0 0.0
-0.03386845 0.01124013 -7.460809 -0.9046 1.591545 1.139891 0.3233415 20.09176 nan 0 0.0
-0.03555046 0.05601272 -18.77929 -17.2667 1.551408 1.144291 0.2824667 19.27186 1.726242 0 0.0
-0.02922299 0.02640672 -4.478758 -2.119996 2.24387 1.484499 0.7492298 20.14435 nan 0 0.0
-0.04350316 0.03240848 -5.191851 -7.173371 1.93115 1.260742 0.706243 20.07924 0.9129715 0 0.0
-0.04943597 0.02549958 -2.255219 -5.013525 1.442605 1.000064 0.547802 20.01813 1.589941 0 0.0
0.01790977 0.05700671 -2.015723 -2.757644 1.377116 0.8839429 0.6243171 19.83266 1.641598 0 0.0
0.005242485 0.06094093 -3.716022 -3.040137 0.8519568 0.5349139 0.5981348 19.06617 1.557884 0 0.0
-0.03538163 0.0407044 0.4821413 -4.07123 0.1243094 0.0745336 0.4758106 14.59898 2.805615 1 0.0
-0.01024097 0.03187451 -4.075939 -7.795073 0.5227737 0.3565298 0.24384 18.8294 1.956951 0 0.0
-0.04574487 0.02913651 1.785659 -1.972471 2.985425 2.184904 0.8973015 20.05018 nan 0 0.0
-0.04175662 0.04377882 -0.1281802 -4.695071 2.087795 1.579246 0.5493856 20.27566 2.040854 0 0.0
-0.01024338 0.05916866 -2.944653 -7.271892 2.145149 1.457857 0.5274507 20.1721 1.263092 0 0.0
-0.03026746 0.04583471 -1.547059 -8.851 0.470152 0.3098879 0.5064032 16.94106 nan 0 0.0
-0.002144857 0.06174402 -4.518366 -9.123388 1.289366 0.9281107 0.03119299 19.99279 1.727562 0 0.0
-0.0627242 0.0164771 -4.854278 -4.160745 1.703641 1.172353 0.5669356 19.84412 1.403898 0 0.0
