scripts/get_globular_clusters/output/NGC_6558.csv
# %ECSV 0.9
# ---
# datatype:
# - {name: x, unit: deg, datatype: float64}
# - {name: y, unit: deg, datatype: float64}
# - {name: pmx, unit: mas / yr, datatype: float64}
# - {name: pmy, unit: mas / yr, datatype: float64}
# - {name: pmx_e, unit: mas / yr, datatype: float64}
# - {name: pmy_e, unit: mas / yr, datatype: float64}
# - {name: pm_corr, datatype: float64}
# - {name: g_mag, unit: mag, datatype: float64}
# - {name: bp_rp, unit: mag, datatype: float64}
# - {name: filter, datatype: int64}
# - {name: memberprob, datatype: float64}
# meta: !!omap
# - comments: [deg deg mas/yr mas/yr mas/yr mas/yr dimless mag   mag   zeroone float]
# - __serialized_columns__:
#     bp_rp:
#       __class__: astropy.units.quantity.Quantity
#       unit: &id001 !astropy.units.Unit {unit: mag}
#       value: !astropy.table.SerializedColumn {name: bp_rp}
#     g_mag:
#       __class__: astropy.units.quantity.Quantity
#       unit: *id001
#       value: !astropy.table.SerializedColumn {name: g_mag}
#     pm_corr:
#       __class__: astropy.units.quantity.Quantity
#       unit: !astropy.units.Unit {unit: ''}
#       value: !astropy.table.SerializedColumn {name: pm_corr}
#     pmx:
#       __class__: astropy.units.quantity.Quantity
#       unit: !astropy.units.Unit {unit: mas / yr}
#       value: !astropy.table.SerializedColumn {name: pmx}
#     pmx_e:
#       __class__: astropy.units.quantity.Quantity
#       unit: !astropy.units.Unit {unit: mas / yr}
#       value: !astropy.table.SerializedColumn {name: pmx_e}
#     pmy:
#       __class__: astropy.units.quantity.Quantity
#       unit: !astropy.units.Unit {unit: mas / yr}
#       value: !astropy.table.SerializedColumn {name: pmy}
#     pmy_e:
#       __class__: astropy.units.quantity.Quantity
#       unit: !astropy.units.Unit {unit: mas / yr}
#       value: !astropy.table.SerializedColumn {name: pmy_e}
#     x:
#       __class__: astropy.units.quantity.Quantity
#       unit: &id002 !astropy.units.Unit {unit: deg}
#       value: !astropy.table.SerializedColumn {name: x}
#     y:
#       __class__: astropy.units.quantity.Quantity
#       unit: *id002
#       value: !astropy.table.SerializedColumn {name: y}
# schema: astropy-2.0
x y pmx pmy pmx_e pmy_e pm_corr g_mag bp_rp filter memberprob
[from data line 2677]
-0.009755577 -0.02060418 -1.829515 -6.43391 0.1393718 0.1191467 0.07513987 13.59605 3.431745 1 0.0
-0.01019409 -0.04316816 0.6519824 -0.778253 0.1391941 0.1207849 0.1429429 16.48601 1.120191 0 0.0
0.004513902 0.01592004 -1.878363 -4.880554 0.5245337 0.4560502 0.08520491 18.87285 1.003515 0 0.0
0.02480288 -0.003129957 -2.57977 -6.697011 0.2611176 0.225583 0.126323 16.42582 1.608856 0 0.0
-0.01653361 0.0206241 2.344988 -9.798572 0.5020191 0.4453021 0.4902025 18.40567 1.015175 0 0.0
0.01821828 0.02601205 1.269965 -3.572532 0.5942886 0.4788597 -0.1265997 18.82516 0.912138 0 0.0
0.03427759 0.008652527 -2.212486 -9.954618 1.417724 1.36709 0.4996141 19.58643 nan 0 0.0
0.02577067 0.02485821 -1.369956 -3.135284 0.4399705 0.3837382 0.1867754 18.72021 0.9327259 0 0.0
0.01206115 -0.01965459 -2.890041 -5.829832 0.1165833 0.09970976 0.04978339 16.08178 1.835369 1 0.0
0.001633229 0.01279971 -1.744459 -4.186671 0.06682541 0.05601896 -0.005468839 14.06155 1.826898 1 0.9963976
0.006044488 0.007451325 -1.559839 -6.488059 0.1000404 0.08514541 0.07057402 15.55572 2.038249 0 0.0
-0.01232665 0.001085879 3.234985 -3.453927 1.41091 1.266113 0.2254337 19.25577 nan 0 0.0
0.01852898 0.02223734 -5.078396 -4.118859 0.3333818 0.2896827 0.09716284 18.17849 1.229013 0 0.0
-0.02545436 -0.004932578 0.08586433 -1.622515 0.1548277 0.1295231 0.09918844 16.55387 1.034693 1 0.0
0.01603171 -0.01097676 -4.741288 -4.828121 0.3936032 0.3488764 0.172822 18.49839 0.7590122 0 0.0
-0.001480857 0.01344059 -1.909967 -3.750963 0.4389185 0.3840426 0.2056469 18.41114 1.315184 0 0.0
-0.01001279 -0.0408984 -3.067119 -6.280037 1.740236 1.591081 0.6000004 19.62128 0.7970066 0 0.0
-0.02976076 -0.006728678 -4.955295 -4.795993 0.1383597 0.1189719 0.1825257 16.32406 1.754169 1 0.0
-0.02641063 -0.01795241 -1.035502 -7.215477 0.1425319 0.1186103 0.0990192 16.32957 1.630692 1 0.0
-0.009239671 0.008635525 -0.7008639 -7.541432 0.4165737 0.3843091 0.3710363 18.20087 nan 0 0.0
-0.009242251 0.03449536 5.07984 -1.344071 1.193214 1.17904 0.4928909 19.42199 1.340971 0 0.0
-0.01513214 0.02050227 -1.293496 -5.442362 0.1433684 0.1162538 0.3951446 15.53379 2.193667 1 0.0
0.01388304 0.02020111 -2.358784 -4.385697 1.20605 1.049113 0.08134056 15.05983 1.204966 0 0.0
-0.00825265 -0.001915834 -1.504828 -3.892353 0.9925596 0.8976704 0.2111405 18.74712 nan 0 0.0
0.01450429 0.009899422 0.4218697 -3.535132 0.1756391 0.1518885 0.1181003 16.89802 1.50223 0 0.0
-0.03707865 -0.003351499 -5.406013 -2.754421 0.9486014 0.8800136 0.3564302 19.49393 1.925793 0 0.0
-0.01629237 -0.02288629 0.5474444 5.812792 0.3498459 0.3031234 0.238226 17.8525 1.601967 0 0.0
0.01014635 0.02477351 -1.724813 -2.360113 1.171053 1.136122 0.608259 19.26742 0.7834587 0 0.0
-0.003634912 0.01694814 1.825541 -0.3383315 1.642124 1.378509 0.1008339 18.60322 1.287075 0 0.0
-0.007473336 -0.0132931 -0.003486687 -3.675934 0.8430939 0.7423096 0.3480315 18.7382 nan 0 0.0
-0.0143711 -0.03361862 -2.580764 -5.931157 1.003059 1.054643 0.6592548 19.25821 0.9133778 0 0.0
0.021434 0.01466645 0.6007636 -2.187213 0.422812 0.367548 0.1146671 18.43069 0.9665432 0 0.0
-0.008852356 0.02880005 -4.010033 -1.747736 0.08502419 0.07240966 0.4661616 13.7733 2.003117 1 0.0
-0.01953975 -0.0001799346 4.398952 -1.625475 0.3310434 0.2830308 0.3297792 17.60725 1.291939 0 0.0
-0.01458269 -0.007686345 -0.4962034 -4.250237 1.433149 1.44407 0.6435778 19.30912 nan 0 0.0
-0.02616088 0.01628457 -1.790203 -1.728238 0.9140585 0.7626317 0.4014281 19.11986 nan 0 0.0
-0.01810623 -0.03304707 -6.645258 -2.224822 0.881972 0.787354 -0.07986201 18.93021 0.9745426 0 0.0
0.007056689 0.009879309 -3.586609 -6.641364 0.7512677 0.6736764 0.006926455 18.89673 nan 0 0.0
0.04139301 0.02043703 -2.341502 -1.602898 0.9205387 0.89585 0.5335723 19.11198 1.597357 0 0.0
-0.0382361 -0.02783088 -0.1044476 -0.70446 0.2415539 0.2076921 0.2178343 16.89668 0.9659462 0 0.0
-0.00350468 0.004430216 -1.654973 -4.249181 0.3764289 0.3251523 0.09813396 18.07032 1.194443 0 0.0
0.002359917 0.01554819 -3.523246 -4.546453 0.4405272 0.3854083 0.1749971 18.57719 1.086489 0 0.0
-0.02613164 0.004628772 -3.009328 -10.26046 0.7867054 0.7223214 0.4685378 19.12503 1.136236 0 0.0
-0.01216502 -0.044103 -2.697556 -7.473291 0.1837019 0.1573822 0.09625226 16.56 1.638055 0 0.0
-0.02581301 -0.02134732 -1.503688 -2.321833 1.342285 1.354471 0.6214348 19.41617 nan 0 0.0
-0.01186187 0.01879567 -3.065674 -7.038123 0.4295379 0.3720096 0.1848115 18.46409 1.006485 0 0.0
-0.002076711 -0.03177503 -6.721306 -6.446321 1.447505 1.473464 0.5689732 19.63697 0.8056316 0 0.0
-0.0006764565 0.02364491 -5.209395 -3.964911 0.3136897 0.2737238 0.4367738 17.4926 1.504246 0 0.0
0.02221522 0.0258872 4.908765 -4.042915 0.3517896 0.3055308 0.1469872 18.28017 1.448565 0 0.0
-0.02028667 -0.02543339 -3.524264 -7.535944 0.325477 0.2836138 0.430109 17.74871 nan 0 0.0
-0.02604076 -0.04166446 -4.061045 -1.051716 1.286105 1.102836 0.2450826 19.17745 1.217916 0 0.0
-0.02903015 -0.01994256 0.9463949 -7.709456 0.1176176 0.09993067 0.1417624 15.97351 1.623927 1 0.0
-0.003088375 -0.02946526 -0.4987499 -0.1676311 0.5881407 0.470378 -0.4155323 18.53241 1.302744 0 0.0
0.02612503 -0.007030849 2.703326 -0.8804985 0.3394489 0.2946961 0.1545494 18.24292 1.100348 0 0.0
0.006850476 0.02861521 -1.500428 0.2596799 0.4690196 0.4096818 0.1992949 18.65672 1.16885 0 0.0
-0.0002351457 -0.01506473 -5.361414 -9.51699 0.4547916 0.3940597 -0.03964032 18.56033 1.148514 0 0.0
-0.0209854 -0.03270817 -4.542832 -6.835033 1.042264 0.8690865 0.1827446 17.63872 1.327309 0 0.0
-0.01798687 0.02011838 -1.877477 -6.299409 0.5742542 0.5201713 0.056947 18.97569 nan 0 0.0
-0.004826026 -0.03419365 -0.7297882 -2.529544 0.5738786 0.4952753 0.01396852 18.92438 1.067188 0 0.0
-0.02207983 -0.01158836 -7.585187 -4.679061 0.3012025 0.261111 0.4678838 17.46548 1.435974 0 0.0
-0.01152379 0.01316522 4.084685 -4.814288 0.4970434 0.4263492 0.1512316 18.45027 1.13932 0 0.0
-0.01022345 -0.01220236 -1.447803 -5.015576 0.6586516 0.5888653 0.1412742 18.85021 nan 0 0.0
0.008978848 0.02919105 -3.200367 -6.097955 1.29096 1.364415 0.6880946 19.58352 nan 0 0.0
0.02340086 -0.006774535 -0.7638796 1.269588 0.3300509 0.2913318 0.4942842 17.54352 nan 0 0.0
-0.008928703 0.01305107 -1.718848 -3.817345 0.2276218 0.1955248 0.4377092 17.07693 0.5464058 0 0.0
0.006254302 0.04035689 -1.686801 -8.500083 1.481704 1.262102 0.8328242 19.09399 0.8745098 0 0.0
0.008586397 -0.004473619 -25.88632 -16.98778 1.272556 1.221571 0.4222617 19.19466 1.280121 0 0.0
-0.01637109 -0.0178242 0.1069934 -1.583464 0.3806826 0.3393266 0.1042637 18.09911 1.326286 0 0.0
-0.02238551 -0.03490577 -2.864847 -4.286806 0.414001 0.364669 -0.3595885 17.35621 nan 0 0.0
0.008821679 0.01410584 -3.42039 -5.628264 1.154901 1.232083 0.5356428 19.24452 nan 0 0.0
-0.03733059 -0.02196351 -4.394758 -3.319112 0.4560295 0.3893412 0.1374939 16.16029 1.56186 0 0.0
0.02872058 -0.003678499 0.4900502 -3.49885 0.5733974 0.537909 0.3635422 18.74258 1.460398 0 0.0
0.003837298 -0.02902278 -2.235314 -11.81644 1.515054 1.532555 0.4867105 19.43461 nan 0 0.0
0.006849516 0.01562617 -3.965743 -6.698274 0.4222107 0.3564929 0.01043292 18.4559 1.215641 0 0.0
-0.01369882 -0.01944692 -1.392752 -5.224207 1.03753 0.9405065 -0.147816 19.1603 nan 0 0.0
-0.007602131 -0.02450832 1.440124 -4.141596 0.5414782 0.4756519 0.1642429 18.82889 1.099251 0 0.0
-0.01385328 -0.02737007 -4.487087 -8.344805 1.255634 1.037319 0.06248322 18.72193 nan 0 0.0
0.04016866 0.009903286 -4.895773 -10.59595 1.470441 1.591177 0.6506837 19.55057 0.9575615 0 0.0
-0.01924939 -0.02390157 1.100912 -4.186024 1.609873 1.507308 0.160881 19.46086 nan 0 0.0
0.007055346 -0.007738871 2.018095 -4.708483 0.1699643 0.149767 0.1360723 16.82987 1.013605 0 0.0
0.005759272 0.01106005 -1.380221 -3.669521 0.3970779 0.3539546 0.1427455 17.91936 0.3037205 0 0.0
-0.01079595 0.002714946 0.9198632 -2.245343 0.3409457 0.2826825 0.3352724 17.31903 1.202696 0 0.0
-0.01497504 0.01197645 3.645047 -3.882051 0.350168 0.3037562 0.4249919 17.77893 1.219753 0 0.0
0.0009061939 -0.02981235 -0.7644467 -9.31309 0.5165984 0.4580737 0.153397 18.96279 1.073843 0 0.0
-0.005163768 -0.02426974 0.87268 -0.001330583 0.5520326 0.4660109 0.1798445 18.72435 1.026079 0 0.0
0.003967903 -0.007807351 -3.171717 -4.322409 0.4310735 0.4119986 0.3458023 17.55065 1.412508 0 0.0
0.006408108 0.0122521 -3.694016 -7.115413 0.421589 0.3929541 0.3553736 18.43217 1.136572 0 0.0
-0.01017462 0.01562967 -5.563345 -6.456444 1.606583 1.558848 0.8253592 19.27897 nan 0 0.0
-0.02407727 -0.01247577 -4.92838 -3.779969 0.2331139 0.1981803 0.07345198 17.06219 1.668978 0 0.0
-0.01419465 -0.0003201041 -0.1591769 -2.66883 0.6827289 0.5977106 0.2158467 18.90283 0.8569202 0 0.0
-0.02033822 -0.02692876 -1.756621 -8.268614 0.5068985 0.4467682 0.124479 18.8912 1.036608 0 0.0
-0.0228584 -0.01053951 -1.058561 -4.149483 0.3222604 0.2820623 0.1807586 17.98087 0.6757221 0 0.0
0.007004491 0.005933008 -2.030029 -3.921624 0.2003591 0.173823 0.1330139 16.80792 0.7005234 0 0.0
0.001554744 -0.02486851 5.772183 4.206302 1.643683 1.970943 0.8290653 19.47995 1.550299 0 0.0
0.005395937 0.01049359 -0.9383845 -7.413396 0.4887871 0.4211205 -0.02128445 18.13386 1.307348 0 0.0
0.0007506042 -0.02458621 13.55286 -15.18039 1.363734 1.183143 -0.01722607 18.97818 1.102337 0 0.0
0.009576454 0.03534791 -2.353982 -3.391603 0.6735795 0.5848447 0.0966397 18.96723 1.110033 0 0.0
-0.005476456 -0.0005251712 -1.219366 -3.316489 0.6989439 0.620844 0.2076746 18.67073 nan 0 0.0
-0.01458065 -0.02063915 1.960545 0.8269549 0.2494034 0.2132864 0.220846 17.01014 1.1856 0 0.0
-0.02139886 -0.03939543 -1.493645 -11.28524 1.455817 1.416443 0.5117023 19.27768 0.7943134 0 0.0
0.002100816 0.03378435 -1.124664 -9.592311 0.2997553 0.2640254 0.2303831 17.94788 1.341509 0 0.0
-0.01515016 -0.02794439 -3.887095 -5.074006 0.507558 0.4530828 0.228583 18.55294 nan 0 0.0
0.01077202 0.04863436 -0.04023097 -4.875667 0.9862921 0.8369833 -0.1485049 18.65836 1.770411 0 0.0
-0.001091419 -0.001492041 -16.81488 6.465875 0.4069897 0.3205029 -0.495943 16.03527 nan 0 0.0
0.02719009 -0.002566052 4.907908 -7.527921 0.437568 0.380069 0.09961408 18.5689 1.078524 0 0.0
0.00508567 0.03112921 -1.167828 -4.227182 1.506434 1.630261 0.7450964 19.70938 1.251162 0 0.0
0.004356178 -0.02685415 -6.421632 -5.528489 2.18113 1.759529 -0.3147496 19.96708 nan 0 0.0
0.01273973 0.01009995 -5.190616 -9.254038 1.548569 1.448681 0.1446287 19.07963 0.9719791 0 0.0
0.001866459 -0.003351719 -1.998639 -4.284511 0.2047596 0.1769707 0.1026782 16.69202 1.03155 0 0.0
0.0006989166 0.0009226658 0.04296714 -4.284647 0.5372135 0.4644174 0.1923103 17.78665 nan 0 0.0
0.02726688 -0.006109929 2.405674 -0.7658963 0.8628636 0.7708025 0.1364718 18.71512 nan 0 0.0
-0.01574996 -0.009120862 -2.785028 -3.99566 0.5786816 0.497114 0.1091322 18.88794 nan 0 0.0
-0.007425122 0.03250615 -8.806755 -5.325692 1.940372 1.739703 -0.1377052 19.85722 1.041178 0 0.0
0.02725344 0.03637627 -4.490641 -2.03717 0.277547 0.2449821 0.3064566 17.22458 1.281467 0 0.0
-0.01261171 -0.001576818 -5.09057 -5.134828 0.322539 0.2756172 0.4013377 17.12193 1.426699 0 0.0
-0.03048285 -0.0199888 -1.435213 -5.013652 1.5432 1.566208 0.674777 19.40222 1.156574 0 0.0
0.028448 0.03808298 5.783249 -1.770379 1.217276 1.226061 0.4778702 19.10889 1.260366 0 0.0
-0.01766632 -0.0276511 -0.4300746 -5.69428 0.8656662 0.7195212 -0.193758 17.70949 1.138241 0 0.0
0.04066852 0.02540791 -5.097762 -3.949963 0.7829628 0.6078825 -0.3931028 18.58873 nan 0 0.0
0.04074151 0.01434334 -1.652249 -14.42443 1.60588 1.499548 0.6891037 19.77358 0.7920246 0 0.0
0.02044543 0.00372612 -4.110366 -1.952015 0.2661437 0.2252634 0.4292306 17.39184 1.526981 0 0.0
-0.01867984 -0.01830148 -2.85198 -5.686505 0.3860894 0.3366903 0.450927 17.68213 1.38579 0 0.0
-0.03756898 -0.009848127 2.385264 -4.392995 0.4565365 0.3959592 0.4289255 18.28576 1.207895 0 0.0
-0.005552478 -0.03081387 -0.6897498 -4.332379 1.128806 1.15752 0.5672836 19.27811 0.9552612 0 0.0
0.04128852 0.01890929 -2.23011 -3.049722 0.3822772 0.3323654 0.1817197 18.36296 1.634926 1 0.004519643
0.009368117 0.02860545 -0.5175735 -10.48831 0.5450111 0.4751405 0.177858 18.84958 0.9962482 0 0.0
-0.01580092 -0.01461022 2.998913 -5.543209 0.8296177 0.7144262 0.02453202 18.95612 nan 0 0.0
-0.0189383 -0.02295355 3.391221 -9.441358 0.2633619 0.229769 0.4510336 17.18981 1.002916 0 0.0
-0.02942454 -0.003365915 0.4484697 -6.032638 0.4971422 0.4666333 0.6106012 18.27801 1.172371 0 0.0
0.007808793 0.004656928 -4.297441 -4.026552 0.4990755 0.4439984 0.05739561 18.55899 1.327629 0 0.0
0.04071974 0.02384195 -0.1061015 -4.163373 1.452347 1.241414 0.2314045 19.30806 1.177261 0 0.0
-0.00936827 -0.002713212 4.110646 -5.971955 0.5346579 0.4971866 0.1958515 18.35204 1.050526 0 0.0
0.01889132 0.01732394 -3.249876 -2.250535 0.3473529 0.3013312 0.1260796 18.15344 0.919878 0 0.0
0.003658 0.02854291 -2.903889 -0.8300287 0.5289495 0.4534246 0.3241784 18.62578 1.146091 0 0.0
0.01582747 0.00838477 2.599672 -7.047065 0.8687575 0.7276423 -0.0156543 18.76391 0.7662868 0 0.0
0.01570104 0.02792749 2.572921 -7.527076 0.6827215 0.5888119 0.04466909 18.3151 1.29476 0 0.0
-0.0451674 -0.01652915 -0.6649546 -6.751252 0.1583775 0.1349773 0.1837185 16.51855 2.501195 1 0.0
0.007367204 -0.001213855 -1.178537 -4.0456 0.2288059 0.2017374 0.1956898 16.54664 1.400623 0 0.0
-0.003036792 -0.02048546 1.040918 -6.957541 0.1138961 0.09904458 0.213521 14.5488 2.738276 1 0.0
0.03127123 0.01983828 -1.881338 -10.26792 1.289408 1.175474 0.3801464 19.15707 1.492647 0 0.0
0.01401534 0.03696859 0.4950969 -3.652971 1.017551 1.052059 0.6987886 19.21877 1.076008 0 0.0
-0.04552902 -0.01970888 -6.725793 -3.685124 0.4522184 0.3905305 0.2039445 17.9934 1.879498 0 0.0
-0.001585184 0.04401347 3.10938 -3.274953 0.5267299 0.4503221 0.1734303 18.93921 1.53055 0 0.0
-0.008148704 -0.003733528 -0.4485912 -3.885148 0.8250579 0.6179545 0.1036728 18.80441 nan 0 0.0
0.003994121 -0.001474955 -1.500978 -4.252675 0.1451717 0.1254728 -0.01170813 16.36894 0.9493618 0 0.0
-0.01452704 -0.03160639 -0.2487023 -3.009343 0.94308 0.9824423 0.7194462 19.0802 nan 0 0.0
-0.03523297 -0.01254229 -2.839574 -1.254518 0.4872398 0.4559145 0.4968531 18.52818 nan 0 0.0
-0.00700849 0.01488992 -0.2044609 -3.907582 0.3090897 0.2695587 0.211856 18.07001 1.556417 0 0.0
-0.02112487 0.01015755 -0.9428541 -2.797103 0.5555364 0.4875634 0.4511863 18.42924 1.169151 0 0.0
0.003761204 0.01335088 5.563982 0.9541423 0.3172434 0.2710946 -0.02422289 17.98879 1.155426 0 0.0
-0.01066108 -0.04180827 0.7029531 -9.133583 0.4988524 0.4384648 0.2117058 18.69844 1.451019 0 0.0
-0.01419049 -0.02739873 -0.4812505 -4.472975 0.64502 0.5610091 0.3283917 17.84161 nan 0 0.0
0.006436465 0.0469048 -2.233082 -0.8333701 1.07096 0.9805138 0.7070522 19.09242 nan 0 0.0
-0.002336598 -0.01174979 -2.407469 -3.992837 1.848106 1.795547 0.6495146 19.23405 nan 0 0.0
-0.02099617 0.01477336 3.818652 -1.084859 0.4546212 0.4371574 0.2826884 18.21914 1.005957 0 0.0
0.005526195 0.01901561 0.218648 -3.426726 1.594782 1.837456 0.8473068 19.32897 1.304209 0 0.0
0.02086344 0.01632406 -3.866205 0.9412378 0.3318235 0.2927192 0.1826282 18.03194 1.169035 0 0.0
-0.005008211 -0.02270761 -1.632184 -3.795376 0.668382 0.5842714 0.1591305 18.72441 1.047213 0 0.0
0.02789991 0.02821262 -1.731458 -0.6620178 0.5660127 0.4801593 -0.007903838 18.90468 1.387276 0 0.0
-0.00864113 -0.009602485 -2.082363 -4.040481 0.2857727 0.2410577 0.3372039 17.51208 1.34737 0 0.0
0.03983599 0.02077722 -2.490843 -5.627482 0.3804863 0.3306913 0.08422604 18.34356 1.281179 0 0.0
0.01461057 0.02564266 -3.36308 -6.155674 1.235101 1.279627 0.6969266 19.48184 1.507027 1 0.1625674
0.002748556 -0.005743556 -3.491206 -7.178877 0.1673377 0.1446566 0.05941636 16.21868 1.464848 0 0.0
-0.02234145 -0.002543774 -1.69199 -7.474281 0.9083729 0.8300044 0.1890942 19.19222 nan 0 0.0
-0.01982932 0.01921392 1.951534 -4.911692 0.4683693 0.4035281 0.2156267 18.53892 nan 0 0.0
0.003345776 0.007405686 -3.67417 -0.6542161 0.3094892 0.2701628 0.1227917 18.10949 1.144424 0 0.0
