scripts/get_globular_clusters/output/NGC_6626_M_28.csv
# %ECSV 0.9
# ---
# datatype:
# - {name: x, unit: deg, datatype: float64}
# - {name: y, unit: deg, datatype: float64}
# - {name: pmx, unit: mas / yr, datatype: float64}
# - {name: pmy, unit: mas / yr, datatype: float64}
# - {name: pmx_e, unit: mas / yr, datatype: float64}
# - {name: pmy_e, unit: mas / yr, datatype: float64}
# - {name: pm_corr, datatype: float64}
# - {name: g_mag, unit: mag, datatype: float64}
# - {name: bp_rp, unit: mag, datatype: float64}
# - {name: filter, datatype: int64}
# - {name: memberprob, datatype: float64}
# meta: !!omap
# - comments: [deg deg mas/yr mas/yr mas/yr mas/yr dimless mag   mag   zeroone float]
# - __serialized_columns__:
#     bp_rp:
#       __class__: astropy.units.quantity.Quantity
#       unit: &id001 !astropy.units.Unit {unit: mag}
#       value: !astropy.table.SerializedColumn {name: bp_rp}
#     g_mag:
#       __class__: astropy.units.quantity.Quantity
#       unit: *id001
#       value: !astropy.table.SerializedColumn {name: g_mag}
#     pm_corr:
#       __class__: astropy.units.quantity.Quantity
#       unit: !astropy.units.Unit {unit: ''}
#       value: !astropy.table.SerializedColumn {name: pm_corr}
#     pmx:
#       __class__: astropy.units.quantity.Quantity
#       unit: !astropy.units.Unit {unit: mas / yr}
#       value: !astropy.table.SerializedColumn {name: pmx}
#     pmx_e:
#       __class__: astropy.units.quantity.Quantity
#       unit: !astropy.units.Unit {unit: mas / yr}
#       value: !astropy.table.SerializedColumn {name: pmx_e}
#     pmy:
#       __class__: astropy.units.quantity.Quantity
#       unit: !astropy.units.Unit {unit: mas / yr}
#       value: !astropy.table.SerializedColumn {name: pmy}
#     pmy_e:
#       __class__: astropy.units.quantity.Quantity
#       unit: !astropy.units.Unit {unit: mas / yr}
#       value: !astropy.table.SerializedColumn {name: pmy_e}
#     x:
#       __class__: astropy.units.quantity.Quantity
#       unit: &id002 !astropy.units.Unit {unit: deg}
#       value: !astropy.table.SerializedColumn {name: x}
#     y:
#       __class__: astropy.units.quantity.Quantity
#       unit: *id002
#       value: !astropy.table.SerializedColumn {name: y}
# schema: astropy-2.0
x y pmx pmy pmx_e pmy_e pm_corr g_mag bp_rp filter memberprob
[from data line 14496]
-0.1253841 -0.02558723 -8.286119 -7.707757 0.9275326 0.7660206 0.1298755 18.42084 1.212181 0 0.0
-0.1262462 -0.02172 -7.263761 -7.783222 1.428091 1.164094 -0.01554428 18.98332 1.475779 0 0.0
-0.08583139 -0.01867362 -4.905385 -4.421686 0.8503007 0.7535494 0.08475718 19.14322 1.304701 0 0.0
-0.12235 -0.04251382 -0.7761423 -8.740409 1.731912 1.561771 0.1073231 19.24379 1.18775 0 0.0
-0.08257584 -0.002050761 -0.1900557 -4.591021 0.2609737 0.2257126 0.07215274 17.19737 1.718754 0 0.0
-0.07556565 -0.01074951 -1.661676 -6.130847 0.5323489 0.4284745 -0.3296099 18.59085 nan 0 0.0
-0.1147265 -0.02570466 -2.642434 -9.897237 0.9676983 0.8637834 0.09892603 19.29287 1.045351 0 0.0
-0.0721689 0.003891424 -0.5259341 -3.34729 0.1015513 0.07687853 -0.576533 14.32804 1.916365 1 0.0
-0.09278601 -0.01060865 -3.289368 -8.066671 0.1268268 0.1026921 -0.2189847 15.96277 1.783422 1 0.0
-0.1144773 -0.02570253 0.7347768 -11.69066 1.442695 1.236537 -0.2056717 19.50937 nan 0 0.0
-0.1187087 -0.0298035 1.421943 -0.852813 0.1483648 0.1208422 -0.1883474 16.32487 1.09566 1 0.0
-0.09809536 -0.01846721 -3.419673 -6.530623 0.1322471 0.1076799 -0.1970662 15.91757 2.029099 1 0.0
-0.1024431 -0.01678464 0.6295369 -9.211123 0.7473219 0.6200241 -0.2485663 18.90792 0.9153633 0 0.0
-0.1164155 -0.05459686 0.6465152 3.299237 0.6544855 0.5972321 0.2454561 16.76764 1.50847 0 0.0
-0.1086139 -0.01982641 -4.410113 -4.963733 0.1563808 0.1214751 -0.691063 14.87426 1.936839 1 0.0
-0.1045122 -0.02528552 -7.814289 -3.096786 1.590414 1.388955 -0.03886258 19.52264 1.617023 0 0.0
-0.08524251 0.01055691 -1.886861 -4.17706 1.336549 1.069332 -0.1282628 19.27072 nan 0 0.0
-0.07947646 0.0004289173 -5.366078 -0.3168914 1.058684 0.9824916 0.2705142 19.21883 nan 0 0.0
-0.1029547 -0.0007957603 -3.946751 -5.941474 1.590198 1.29204 0.1063836 19.52932 1.312471 0 0.0
-0.07432731 0.00173484 -6.095003 -13.48415 1.784996 1.499287 0.03747498 19.47615 nan 0 0.0
-0.1278788 -0.02241977 -5.058265 -7.748321 0.5501672 0.4510831 -0.06282685 18.63174 nan 0 0.0
-0.1247549 -0.04557561 0.6446166 -4.6626 0.1848908 0.149691 -0.2127471 16.48964 nan 0 0.0
-0.07913582 -0.01267054 -1.989041 -1.18562 0.676258 0.5469184 -0.3332942 18.79315 1.074766 0 0.0
-0.1158884 -0.02648967 1.211122 -3.538049 1.383228 1.166252 0.3598473 19.42668 nan 0 0.0
-0.1213145 -0.05410948 -6.134809 -1.292681 0.5957078 0.5048902 -0.0645483 18.7914 1.281237 0 0.0
-0.06707078 -0.002401864 -3.595077 -5.272201 1.157103 0.8966681 -0.4094132 18.57855 1.41437 0 0.0
-0.09724578 -0.007518358 1.463976 -2.736385 1.696928 1.511048 0.01698083 19.78753 nan 0 0.0
-0.1116106 -0.0121787 1.498166 -1.459316 0.1017103 0.08273667 -0.226986 14.3312 2.206578 1 0.0
-0.103285 -0.0031745 1.019354 -8.241991 1.043481 0.9465565 0.1156201 19.28578 1.571928 0 0.0
-0.07972308 -0.003563323 0.5006203 -11.88976 1.116918 1.009507 0.0469007 19.03874 1.558588 0 0.0
-0.1207618 -0.05324872 -10.13868 -2.054193 1.805606 1.665576 0.3277599 19.30383 1.273478 0 0.0
-0.1281471 -0.03061402 0.6731132 -6.638051 0.2011174 0.1628942 -0.044417 16.84614 1.716947 1 0.0
-0.08204939 -0.002651225 0.3457271 -2.256554 0.3694655 0.3219579 0.07041846 17.834 1.459639 0 0.0
-0.07402274 0.001731208 -1.168261 -3.55045 0.4236967 0.3329639 -0.4590762 18.02196 1.264561 0 0.0
-0.09065368 -0.01137191 -5.699661 -8.794465 1.478173 1.376557 0.3321473 19.24149 1.561954 0 0.0
-0.08376466 -0.004603594 -4.528799 -10.36678 1.740755 1.66688 0.3038467 19.06256 1.25227 0 0.0
-0.09774339 -0.008462888 -2.714781 -4.742319 0.8500256 0.7511318 0.2085036 19.05332 1.38216 0 0.0
-0.1267269 -0.03884467 2.086358 -7.799651 1.094701 1.01191 0.06959352 19.21148 0.4702473 0 0.0
-0.1037176 -0.01556691 -6.606305 -5.673928 0.9828565 0.8421156 -0.07971672 19.15332 1.018024 0 0.0
-0.1203041 -0.04018103 -3.522293 -3.775364 0.2735992 0.2323858 -0.0006695412 17.4682 1.119917 0 0.0
-0.07982546 -0.01651047 0.447769 -1.619359 1.464909 1.343428 0.249841 19.39083 1.724184 0 0.0
-0.1052227 -0.003538531 3.222027 -11.09773 0.9319764 0.8338547 0.03331429 19.18064 1.408293 0 0.0
-0.1039697 -0.01200229 0.7568676 -6.221826 0.9338282 0.8317041 0.05709371 18.93058 1.067379 0 0.0
-0.1209807 -0.05589252 -4.641331 -4.914774 0.4966106 0.4357074 0.1485835 17.83249 1.383837 0 0.0
-0.09102846 -0.02875005 -3.15141 -7.192152 0.4765987 0.3880908 -0.2456329 18.49622 1.492983 0 0.0
-0.1235337 -0.02127285 -0.5330634 -1.929141 0.5580472 0.4462777 0.03550404 18.49581 1.426523 0 0.0
-0.1039932 -0.01693662 -0.1459804 -9.017154 0.2444336 0.2001468 -0.1941394 17.04994 1.388422 0 0.0
-0.1286519 -0.02429931 2.088694 -9.418609 1.028897 0.9011456 0.1608753 19.33474 0.8958626 0 0.0
-0.1042176 -0.01346543 -0.9250266 -2.94601 0.5750264 0.4751607 -0.1728368 18.52324 nan 0 0.0
-0.09687731 -0.01843383 -4.172562 -3.20499 0.9861258 0.8904523 0.07084475 19.27211 nan 0 0.0
-0.1147112 -0.01229789 -4.960404 -4.567564 0.3558858 0.2814851 0.09687225 17.20286 1.240358 1 0.0
-0.1199854 -0.02633336 -4.400649 -0.7808603 1.299274 1.045462 -0.001629602 19.50241 1.859217 0 0.0
-0.1227952 -0.04015105 -1.866723 -3.454976 0.2158043 0.1765586 -0.1675231 17.00341 1.005323 1 0.0
-0.08062877 -0.01578811 0.51509 -2.792087 1.009423 0.8888295 0.03640154 19.24291 nan 0 0.0
-0.1185463 -0.05477055 4.29635 -1.989069 0.903769 0.7988086 0.06182082 19.03273 nan 0 0.0
-0.1230188 -0.03794829 -2.399127 -7.76049 0.3936655 0.3459303 -0.09768459 17.86223 1.501274 0 0.0
-0.09534331 -0.0331917 -3.395487 -7.073109 1.430345 1.163702 -0.1452475 19.49376 nan 0 0.0
-0.1206335 -0.04293937 -2.993615 -4.437677 2.007588 1.801183 0.07357635 19.84539 1.946289 0 0.0
-0.1242106 -0.03635684 -2.459464 -2.090826 0.2857408 0.2432358 0.05646032 17.49921 1.220972 1 0.0
-0.127488 -0.02557221 -2.135973 -7.364266 0.9381591 0.7887235 0.1726838 19.01981 nan 0 0.0
-0.09313313 -0.02756715 -6.839376 -4.430492 0.9309425 0.8167934 0.03301147 19.24043 1.164652 0 0.0
-0.103068 -0.03094914 -3.555346 -3.505726 0.3015158 0.2539634 -0.03948672 17.60926 1.321501 0 0.0
-0.07751331 0.004710255 -4.816801 -3.875555 0.1967408 0.1638618 -0.1642904 16.48473 1.892467 1 0.0
-0.1243356 -0.0221949 -1.217518 -3.798536 0.7086054 0.6012055 -0.03111394 18.38789 1.233221 0 0.0
-0.09978957 -0.01164217 -3.658648 1.095587 0.2134833 0.1757563 -0.167011 17.08323 1.407848 0 0.0
-0.1047109 -0.01943395 -3.785147 -5.212092 1.244188 1.135388 0.1780297 19.50324 nan 0 0.0
-0.108798 -0.03083198 -9.114373 -5.778609 0.9175429 0.7666676 -0.2319073 19.09732 1.24468 0 0.0
-0.09772713 -0.02901075 -0.3708224 -7.90594 1.285415 1.063209 -0.2484052 19.04345 nan 0 0.0
-0.1178215 -0.03127131 -2.20691 -6.245119 0.4496801 0.3774607 -0.1587097 18.26216 1.193691 0 0.0
-0.09428506 -0.005311168 -0.2694948 -1.646853 0.4497271 0.405709 -0.1488767 18.12119 1.449841 0 0.0
-0.1123325 -0.04036044 -2.36777 -10.9888 1.497723 1.349569 -0.1977436 19.43391 nan 0 0.0
-0.08148805 -0.01416552 -5.539827 -10.98995 0.9345678 0.8236628 0.1591058 19.17166 1.535002 0 0.0
-0.1049165 -0.005552432 -3.744978 -6.367 1.345197 1.091977 0.3340979 18.93064 1.210434 0 0.0
-0.08007753 -0.0120112 2.378818 -12.56286 1.372788 1.141014 -0.1347953 18.58682 1.116926 0 0.0
-0.09388144 -0.02637753 -5.902047 -3.503712 1.55026 1.359243 0.03448513 19.5007 0.9857864 0 0.0
-0.1193282 -0.04754436 -6.162855 -6.048312 0.6786428 0.5719048 -0.1371774 18.87225 1.374361 0 0.0
-0.08025941 0.01226923 -6.588386 -3.057345 0.8596233 0.6860357 -0.4312225 18.71336 nan 0 0.0
-0.07864902 0.005451497 -4.748055 -4.071655 0.3449838 0.2966226 0.03650156 17.76928 1.687576 1 0.0
-0.1194881 -0.05396846 1.583192 -5.562081 0.7348281 0.6301566 -0.01296404 18.91199 1.489691 0 0.0
-0.1035703 -0.02615448 -0.5188375 -1.741592 1.760647 1.445539 -0.4318206 19.68544 1.410059 0 0.0
-0.1193215 -0.02588068 -9.842718 -5.620385 1.335653 1.180913 0.07182066 19.48905 1.382778 0 0.0
-0.1028709 -0.03492198 1.053727 -6.95005 0.6077493 0.5333904 0.2381715 16.66895 1.656519 0 0.0
-0.1025679 0.0002326225 1.656598 -8.002478 0.7941773 0.6613289 -0.004533493 18.2051 1.515682 0 0.0
-0.101947 -0.014051 -4.718247 -2.696812 0.2761801 0.2325424 -0.01591513 17.47993 1.186668 0 0.0
-0.1197422 -0.04876927 -6.857316 -4.627308 0.8772911 0.7369832 -0.2161595 18.98668 1.24188 0 0.0
-0.1155256 -0.02961738 -7.113875 -2.067724 0.4409671 0.3598865 -0.2324372 18.30761 1.255718 1 0.0
-0.1057282 -0.02756012 -2.689707 -6.429804 1.358778 1.20722 -0.04754959 19.43244 1.294823 0 0.0
-0.1200339 -0.03340014 7.01135 2.490201 1.656295 1.431666 0.190206 19.65418 nan 0 0.0
-0.07418366 -0.00695877 0.4506697 -9.836328 0.4420392 0.3535417 -0.3456941 18.29856 1.332273 0 0.0
-0.08053665 0.01278785 -2.482184 -3.282311 0.2440079 0.1990241 -0.3437871 16.87333 1.523064 0 0.0
-0.1180098 -0.03701071 0.4215813 2.542681 0.2588709 0.2197333 0.03078885 17.37024 1.311426 0 0.0
-0.07502241 0.006498978 -3.483673 -4.720702 0.2789808 0.2323337 -0.1894637 17.03693 1.326347 0 0.0
-0.1187695 -0.05289202 1.415286 -6.560598 0.1523849 0.1305225 -0.109585 16.2075 1.156666 1 0.0
-0.09692992 -0.02194339 -3.056244 -10.38863 0.3352443 0.2824917 -0.0226114 17.64034 1.149679 0 0.0
-0.1091747 -0.0431042 -2.158202 -4.146031 0.8676478 0.7238472 -0.2410517 18.84937 0.9265347 0 0.0
-0.1060241 -0.005412233 -1.155135 -1.180097 1.106944 0.9291535 -0.1176583 19.18479 1.233702 0 0.0
-0.08474632 0.01380929 -1.730887 -3.156228 0.2960094 0.2148248 -0.8873403 15.35264 1.74973 1 0.0
-0.09470813 -0.03128577 -0.7472131 -4.225791 1.011131 0.8823719 -0.1611997 19.10426 nan 0 0.0
-0.08266808 0.01166874 5.286594 4.776679 1.118531 0.8713265 -0.17624 18.31296 0.9123287 0 0.0
-0.07758691 -0.01037883 0.140754 -6.007662 0.2909266 0.2454164 0.004315783 17.40602 1.45808 0 0.0
-0.0992532 -0.02452397 -6.958129 -5.651594 0.7044032 0.5792911 -0.2197073 18.85206 1.499916 0 0.0
-0.1272404 -0.02407087 -6.719532 -7.646388 0.4279631 0.3686858 0.3174385 17.80433 1.194944 1 0.0
-0.07800163 -0.01125647 -2.269173 -4.048287 0.1358605 0.1089413 -0.3126685 16.15228 1.574231 1 0.0
-0.0948192 -0.03083763 -1.935097 -12.10982 1.25577 1.019144 -0.5765855 18.97504 1.181395 0 0.0
-0.1247952 -0.03313592 -4.298275 -5.191309 1.348864 1.166156 0.09901074 19.43159 1.640879 0 0.0
-0.07603858 -0.007041913 -5.201816 -6.342157 0.1457426 0.1187945 -0.2104761 13.17572 3.283051 1 0.0
-0.09792549 -0.02321447 -0.4482021 -6.336423 1.571316 1.3583 -0.1055216 19.50122 nan 0 0.0
-0.09861049 -0.03205939 -3.527232 -3.712076 1.35373 1.22644 0.1539895 18.94966 1.334614 0 0.0
-0.1061132 -0.03053973 -0.09198475 -3.27417 0.3933452 0.3227614 -0.2282969 18.11963 1.201078 0 0.0
-0.1232737 -0.0322017 -0.01471967 -0.749141 0.1798086 0.1431731 -0.234603 16.53603 1.175833 0 0.0
-0.09029731 -0.006530801 -4.10711 -4.780664 0.3102232 0.2602379 0.02682528 17.36479 1.644917 0 0.0
-0.1249389 -0.02791946 -1.664182 -7.745991 0.4971884 0.4092699 -0.08952338 18.44995 1.339294 0 0.0
-0.07894916 -0.001500982 -0.2241813 -1.238526 0.9967348 0.950522 0.1945971 19.00428 nan 0 0.0
-0.1064605 -0.01295808 -0.8473765 -8.040328 1.120942 0.9972965 0.0866111 19.48297 nan 0 0.0
-0.09015701 -0.009092269 -0.4833185 -7.605057 0.2637957 0.2165689 -0.369837 17.07567 1.790819 0 0.0
-0.1268787 -0.02582336 1.698088 -6.758173 0.4289679 0.3415935 0.07965832 17.96913 1.260431 0 0.0
-0.1191731 -0.03622409 1.323389 -6.614979 0.2723056 0.2277246 0.01250753 17.13239 0.7033634 0 0.0
-0.07011431 -0.006048497 -7.659499 -3.828132 0.1539572 0.1271456 -0.2456596 16.40647 1.627177 1 0.0
-0.1254406 -0.0245287 -1.869512 -11.10161 0.4574142 0.3699249 0.07544608 18.23214 1.360006 0 0.0
-0.09792579 -0.02283682 -6.511914 -6.447782 1.801297 2.041307 0.8159056 19.15891 nan 0 0.0
-0.07460298 -0.0002775791 -7.057651 -7.262121 0.2454758 0.206554 -0.01102155 17.26554 1.598877 0 0.0
-0.1027286 -0.006309719 -4.113997 -7.607552 0.9787087 0.7956458 0.09399273 19.07898 2.435106 0 0.0
-0.06784485 -0.00453661 -0.2357501 -9.245362 0.6280386 0.4960091 -0.5168321 18.31417 1.319693 0 0.0
-0.1104383 -0.02283592 -2.722492 -6.022718 0.2409893 0.2001664 -0.08175542 16.7612 1.747262 0 0.0
-0.1173383 -0.01549326 1.137312 -3.49752 0.6256967 0.5061403 -0.03926803 18.51568 1.219887 0 0.0
-0.1161941 -0.02520631 1.458211 -2.38646 0.6299658 0.531676 -0.1032051 18.37538 1.576113 0 0.0
-0.1226408 -0.02837874 -6.934127 -6.861644 0.3499869 0.2998261 0.07009171 17.59941 1.586002 0 0.0
-0.1296462 -0.02647282 -2.078035 -0.00503978 1.029301 0.9089056 0.2927268 19.21008 1.16106 0 0.0
-0.1073032 -0.03085738 -5.604941 -4.594493 0.8034996 0.7236351 0.005966419 18.97406 1.372618 0 0.0
-0.09811879 -0.02382116 2.24658 -6.699977 0.2654362 0.2224784 0.001193157 17.24315 1.353825 0 0.0
-0.1215749 -0.04267518 -0.4460286 -2.953651 1.079897 0.960097 -0.0975498 19.17587 0.7504444 0 0.0
-0.09302679 -0.02175538 -0.8492331 -8.947807 0.1548052 0.1323633 0.01603784 16.19597 1.766971 1 0.7709896
-0.1246592 -0.0307001 -8.664342 -6.265279 0.9656219 0.8906749 0.2562079 19.18937 1.396137 0 0.0
-0.09515884 -0.02113711 -4.803001 -7.947474 0.1744073 0.1457945 -0.02037134 16.52931 1.606519 1 0.0
-0.1116647 -0.04416691 -2.811691 -6.124083 0.5318375 0.4376986 -0.2025767 18.64705 1.3944 0 0.0
-0.1069624 -0.008851992 -3.1585 -5.094894 0.6254298 0.516758 -0.2055441 18.83559 1.143158 0 0.0
-0.07936138 -0.006324932 -2.104115 1.161483 0.2128985 0.1751911 -0.179703 17.14376 1.516325 0 0.0
-0.07974383 -0.01430934 2.353324 -7.948478 1.035329 0.9060639 -0.09422515 19.08769 1.399475 0 0.0
-0.09872051 -0.03293877 -2.147764 -9.45652 0.6767631 0.5625552 -0.2613786 18.58592 1.408443 0 0.0
-0.08847808 0.004733411 -6.261317 -8.849055 1.740864 1.351011 -0.2050672 19.60863 1.374382 0 0.0
-0.1217968 -0.04212036 -1.419007 2.227543 1.094342 0.9708545 0.102607 19.35969 nan 0 0.0
-0.1150922 -0.0490891 3.115288 -6.940851 0.7947975 0.6848471 -0.01543084 18.90513 1.636717 0 0.0
-0.12497 -0.02454349 -3.482432 -5.051668 1.025137 0.9020772 0.2879524 19.18199 nan 0 0.0
-0.1218491 -0.04527135 -0.007058229 -0.1276535 1.348236 1.181626 -0.1419359 19.41258 1.646626 0 0.0
-0.07030936 -0.003851341 -3.245714 -5.646801 0.3550999 0.3237175 0.2209835 17.75222 nan 0 0.0
-0.08003815 0.01268327 -3.375614 -7.014945 0.3394219 0.2694559 -0.3146893 17.44548 nan 0 0.0
-0.1313134 -0.02055226 -4.190782 -3.33775 1.221578 1.080108 -0.03056236 19.501 0.9980221 0 0.0
-0.07748762 0.007895544 -1.245329 -2.677926 1.356887 1.038189 -0.2824431 19.2991 nan 0 0.0
-0.1070421 -0.044653 2.880653 -4.577865 0.6684871 0.608254 0.1629078 18.72272 1.193842 0 0.0
-0.1162261 -0.02058865 -6.815841 5.745702 2.624658 2.147447 -0.2755222 20.03242 nan 0 0.0
-0.0789801 0.003580176 -2.079786 -7.205097 0.3338588 0.2901618 0.1103236 17.52357 nan 0 0.0
-0.09601648 -0.02182252 -2.842264 -4.762804 0.4553868 0.389328 -0.01226779 18.12919 1.538874 0 0.0
-0.1219558 -0.04933792 -7.308322 -0.294292 0.9601378 0.7944421 -0.1835774 19.11823 1.140543 0 0.0
-0.1075972 -0.04286821 0.9166988 -9.921543 0.6823681 0.6002017 0.09293754 18.85583 1.046186 1 0.4613318
-0.09769703 -0.03205485 -4.112852 -6.665703 1.036783 0.8940796 -0.1706268 19.14174 1.649414 0 0.0
-0.1223102 -0.02681248 1.641749 -4.540786 1.062096 0.8628505 0.06014304 19.24456 nan 0 0.0
-0.07684532 -0.0008568795 -2.006699 -7.074025 1.135633 1.015097 0.2012295 19.33584 nan 0 0.0
-0.1206932 -0.03852011 -0.2343146 -3.868677 0.334806 0.2832119 -0.0007282108 17.70175 1.276953 1 0.0
-0.1187395 -0.05534294 1.028146 -7.170712 0.5638819 0.446812 -0.4009442 18.47252 1.164104 0 0.0
-0.09385227 -0.02833636 -0.3397369 -3.360463 0.521816 0.4254246 -0.2545811 18.64365 1.318882 0 0.0
-0.1136612 -0.04021861 -2.988347 -7.982502 0.6771867 0.5717366 -0.1079401 18.71962 1.322182 0 0.0
-0.09448845 -0.0289758 -2.951544 0.3783404 0.4388202 0.35547 -0.2895693 18.31757 1.184771 0 0.0
-0.08641204 -0.01968492 0.6250037 2.177624 0.5466518 0.4498143 -0.1945865 18.01469 1.322649 0 0.0
-0.09180389 0.008984374 -3.363023 -5.894329 0.620579 0.5193081 -0.1927669 18.73309 1.235838 0 0.0
-0.1083998 -0.04301578 -1.632599 -8.986594 1.271192 1.169051 0.2658039 19.5763 1.69223 0 0.0
