scripts/get_globular_clusters/output/NGC_6380_Ton1.csv
# %ECSV 0.9
# ---
# datatype:
# - {name: x, unit: deg, datatype: float64}
# - {name: y, unit: deg, datatype: float64}
# - {name: pmx, unit: mas / yr, datatype: float64}
# - {name: pmy, unit: mas / yr, datatype: float64}
# - {name: pmx_e, unit: mas / yr, datatype: float64}
# - {name: pmy_e, unit: mas / yr, datatype: float64}
# - {name: pm_corr, datatype: float64}
# - {name: g_mag, unit: mag, datatype: float64}
# - {name: bp_rp, unit: mag, datatype: float64}
# - {name: filter, datatype: int64}
# - {name: memberprob, datatype: float64}
# meta: !!omap
# - comments: [deg deg mas/yr mas/yr mas/yr mas/yr dimless mag   mag   zeroone float]
# - __serialized_columns__:
#     bp_rp:
#       __class__: astropy.units.quantity.Quantity
#       unit: &id001 !astropy.units.Unit {unit: mag}
#       value: !astropy.table.SerializedColumn {name: bp_rp}
#     g_mag:
#       __class__: astropy.units.quantity.Quantity
#       unit: *id001
#       value: !astropy.table.SerializedColumn {name: g_mag}
#     pm_corr:
#       __class__: astropy.units.quantity.Quantity
#       unit: !astropy.units.Unit {unit: ''}
#       value: !astropy.table.SerializedColumn {name: pm_corr}
#     pmx:
#       __class__: astropy.units.quantity.Quantity
#       unit: !astropy.units.Unit {unit: mas / yr}
#       value: !astropy.table.SerializedColumn {name: pmx}
#     pmx_e:
#       __class__: astropy.units.quantity.Quantity
#       unit: !astropy.units.Unit {unit: mas / yr}
#       value: !astropy.table.SerializedColumn {name: pmx_e}
#     pmy:
#       __class__: astropy.units.quantity.Quantity
#       unit: !astropy.units.Unit {unit: mas / yr}
#       value: !astropy.table.SerializedColumn {name: pmy}
#     pmy_e:
#       __class__: astropy.units.quantity.Quantity
#       unit: !astropy.units.Unit {unit: mas / yr}
#       value: !astropy.table.SerializedColumn {name: pmy_e}
#     x:
#       __class__: astropy.units.quantity.Quantity
#       unit: &id002 !astropy.units.Unit {unit: deg}
#       value: !astropy.table.SerializedColumn {name: x}
#     y:
#       __class__: astropy.units.quantity.Quantity
#       unit: *id002
#       value: !astropy.table.SerializedColumn {name: y}
# schema: astropy-2.0
x y pmx pmy pmx_e pmy_e pm_corr g_mag bp_rp filter memberprob
[from data line 1154]
-0.01215169 -0.029878 -3.629941 -7.954383 0.2169604 0.1791292 -0.2174237 16.15565 3.691686 1 0.0
0.03999297 0.0008581764 -1.377595 -7.383354 2.165132 1.394185 0.5023408 20.05772 nan 0 0.0
-0.01313424 0.03212973 0.2454734 -1.327107 1.497076 1.085681 0.3843557 19.83505 2.041759 0 0.0
0.01640884 -0.03717256 1.259517 -2.953168 0.1722171 0.1279143 0.09068211 16.49322 2.887864 1 0.0
-0.003271818 0.0007511754 -1.357004 -3.205008 0.6548558 0.3979911 0.5492124 17.82625 nan 0 0.0
0.006413912 -0.05420356 -6.153682 -4.529703 0.6766667 0.5018401 -0.08646911 18.64177 2.464455 0 0.0
0.007746442 0.006957339 0.9104338 -4.516844 1.189645 0.931082 -0.1670858 19.22185 nan 0 0.0
0.01878151 -0.02001083 -2.276347 -3.091624 0.3275011 0.2178547 0.1486097 17.7394 2.370571 0 0.0
0.03372292 -0.03030463 -3.414192 -3.781319 0.2577986 0.1747829 0.1205975 17.23754 2.81545 1 4.831673e-05
-0.00467213 0.03676565 -3.399676 -4.55541 0.4599252 0.3380221 -0.001452226 18.7606 2.796024 1 0.000392696
0.002365166 -0.0624545 -0.640471 -2.576602 1.662124 1.128778 0.2349046 19.73845 2.141367 0 0.0
0.02143731 -0.01051681 -1.613245 -3.323997 0.4605531 0.3486538 -0.007127592 18.61218 2.763197 0 0.0
-0.008223306 -0.003533133 -1.88042 -2.974395 0.1637893 0.1275059 -0.1038501 16.22653 2.870474 1 0.9823069
0.00812292 -0.01610255 -1.327563 -2.992063 0.3624392 0.2760159 -0.0596765 18.01665 2.409492 0 0.0
0.004545751 -0.02032128 -4.77015 -7.74759 0.2709024 0.1843588 0.05588321 17.21998 3.686962 1 0.0
0.006020134 0.04787776 -3.417234 -5.71887 0.3833851 0.2843016 -0.03140112 18.318 2.420753 1 0.0
0.005019499 -0.02011151 -1.076211 -4.75458 0.5031505 0.4315032 -0.5156096 18.13411 nan 0 0.0
-0.006475985 0.06095068 -2.807491 -3.849311 0.357775 0.2306267 0.3354021 17.7757 2.600124 1 0.06124796
-0.01130214 -0.01076241 3.487411 -2.970233 2.183994 1.324339 0.5777059 20.05003 3.895918 0 0.0
0.05871385 -0.02423656 -3.291863 -6.902169 0.3476959 0.2459786 0.07205871 18.01583 2.70916 1 0.0
0.009449286 -0.01733868 2.083491 -1.880959 0.4073902 0.3151424 -0.1077461 18.3211 2.606087 0 0.0
-0.04014775 0.01570871 -0.8159634 -5.850847 0.6288948 0.4693819 -0.1228119 18.95692 2.39451 1 3.444951e-06
0.01722403 0.003949681 -5.10136 -4.812221 0.8312222 0.6638268 -0.1728913 18.92831 2.631926 0 0.0
0.01151612 0.01950336 -4.643616 -6.924635 0.3656342 0.2503768 0.3281332 17.63445 3.017284 1 0.0
0.009854565 0.001200698 -0.8517796 -3.27785 0.5544769 0.4657913 -0.3533106 18.37778 2.325127 0 0.0
0.05965814 -0.02792998 6.018702 -1.249681 1.41756 0.9296882 0.4538585 19.5977 1.928577 0 0.0
-0.04744212 0.04379943 -0.9069907 -2.295124 1.152017 0.8179623 0.4254018 19.60413 2.116028 0 0.0
0.0408865 -0.01094883 -3.890685 -3.315626 0.2973944 0.2005937 0.2462023 17.54449 3.035311 1 3.112995e-05
-0.01629565 -0.03262923 1.150523 -3.55348 1.719987 1.072534 0.4069033 19.90364 nan 0 0.0
6.90338e-05 0.03932165 -4.755957 -3.156953 0.8264528 0.5878839 0.374157 19.18523 2.366713 1 0.0483427
-0.006235004 0.01740594 0.5722063 -3.433483 0.3458035 0.2561444 0.0141073 17.38255 nan 0 0.0
-0.0264406 0.05424742 -5.693334 -5.657337 0.4705391 0.3428649 0.2020396 18.47685 1.797245 0 0.0
0.008409142 0.0003921687 -2.39104 -3.481134 0.6180287 0.5105223 -0.3379461 18.36716 2.789093 0 0.0
-0.03843687 -0.03616641 -2.204811 -3.277139 0.7258618 0.5717694 -0.001917392 19.15347 1.952503 0 0.0
0.0142639 0.01244186 -1.38252 -1.797242 0.9336063 0.6560873 0.3956107 19.29662 2.562454 0 0.0
0.01685444 -0.05528103 -3.864863 -5.450633 0.7217803 0.5280126 -0.05158744 18.8497 2.374807 0 0.0
0.05273409 -0.03901379 0.01657853 -0.9963089 0.3468621 0.2448123 0.08065806 18.08603 1.831717 1 0.0
0.001726698 -0.03432109 -2.333312 -2.852755 0.4140362 0.3390441 -0.2957086 18.13929 2.594833 1 0.893486
-0.0202054 0.05765601 -2.823799 -2.701064 1.088108 0.7836824 0.4004521 19.51262 2.175911 0 0.0
-0.005142354 -0.01664777 -1.048931 -3.433642 0.4107164 0.3084003 -0.1020966 18.39918 nan 0 0.0
0.008591252 -0.06063537 -3.155309 -2.862744 1.482037 0.8483796 0.5815672 19.33796 1.878725 0 0.0
-0.006276336 -0.05073981 -0.9686867 -2.646894 0.5280025 0.4220132 -0.1859165 18.85281 2.309109 0 0.0
0.06602393 -0.008206025 -1.586972 -3.47177 0.3540977 0.2492871 0.09110461 18.04848 2.093536 1 0.3088578
0.04169126 -0.01211659 -3.66497 -5.705941 0.3636948 0.2545422 0.09573584 18.15358 2.517183 1 0.0
0.05767593 0.009928739 -3.780013 -1.25921 1.167139 0.8182345 0.3620929 19.54921 nan 0 0.0
-0.01191564 -0.02522403 -7.334354 -10.04222 0.1560011 0.1275655 -0.2022143 15.1761 3.341903 1 0.0
0.04545774 -0.01232491 1.998247 0.7077245 0.1806226 0.1282517 0.07314063 16.99415 1.61125 1 0.0
-0.001873729 -0.005272181 -1.365256 -4.980939 0.2673732 0.2000014 0.04054481 16.90871 2.156211 0 0.0
0.03710095 -0.001772386 -1.439958 -5.287046 0.9088934 0.6424117 0.3281776 19.39827 2.510654 0 0.0
-0.04592895 0.01372154 -6.281943 -5.679464 0.5785151 0.4553074 -0.1280724 18.92366 2.370441 0 0.0
-0.001400075 0.003802995 4.199698 -3.562654 2.367903 1.422262 0.5615748 19.49348 nan 0 0.0
0.0307963 -0.007163336 -3.247448 -4.392657 0.2897255 0.2179649 -0.0512676 15.25668 5.760065 1 0.0
-0.006706483 -0.008976545 17.0356 6.941693 2.524983 2.010165 0.03168136 19.47739 2.867723 0 0.0
-0.003245693 -0.05205949 -3.542612 -4.0188 1.122091 0.8038465 0.1832334 19.61477 1.542227 0 0.0
0.03416449 -0.04765408 -2.915185 -4.106967 0.4202958 0.300205 -0.01308219 18.25654 2.345358 0 0.0
-0.004691764 -0.02446787 -5.863064 2.200773 0.2719829 0.1843566 0.1215512 17.282 1.800999 1 0.0
-0.01043572 0.05760472 -0.949695 -0.05016545 0.3627208 0.261267 -0.007436751 18.14053 2.014067 1 0.0
0.02173234 0.02441047 -3.800202 -5.838094 0.8843155 0.6194457 0.3932071 19.23283 2.531113 0 0.0
0.01346712 -0.06477126 -1.224193 -5.311617 0.4059186 0.2794635 0.1100264 18.0203 2.563099 1 0.0
-0.0384068 -0.04788133 -3.046577 -3.661754 0.4106502 0.3389465 -0.1250466 18.35206 2.710463 0 0.0
-0.01839539 0.02755092 -0.02315576 -4.601839 1.55982 0.99938 0.4430158 19.551 nan 0 0.0
-0.01040809 0.03102011 -3.755065 -6.196456 0.5984524 0.4554273 -0.07765641 19.00069 2.49674 0 0.0
0.007817734 0.008803644 -1.433626 -1.518146 1.17133 0.9311768 0.2043499 19.04036 nan 0 0.0
-0.03395966 0.01006239 -1.779093 -3.154571 0.1736132 0.1316005 -0.1289788 16.9379 2.751711 1 0.9266165
0.001418975 -0.02721812 -4.639287 -4.984853 1.190052 0.860843 0.3086259 19.74392 2.322895 0 0.0
-0.009833141 -0.01243303 -2.470289 -2.492488 0.3948505 0.3079032 -0.1231798 18.12718 2.616661 0 0.0
-0.008179734 0.02938389 -0.2417216 -5.03138 0.9568798 0.7247914 0.1595564 19.33248 1.836514 0 0.0
0.01212617 -0.01627478 -2.112752 -4.413481 0.3749832 0.2830431 -0.04372019 18.22104 2.599215 0 0.0
0.006228426 -0.009861511 -1.06871 -3.929414 1.088619 0.8024865 0.2845361 19.21748 nan 0 0.0
0.008834379 -0.009579502 -2.862201 -0.9326067 0.4087727 0.2919728 0.04562482 18.23321 nan 0 0.0
-0.01421388 -0.02124572 -2.119908 -3.363718 0.7099344 0.5523024 -0.04582754 19.00705 2.651299 0 0.0
-0.00557238 0.02953674 -3.220206 -4.916233 1.385136 1.076106 0.1061773 19.57573 2.080929 0 0.0
-0.05408835 -0.007722845 -2.625462 -4.996389 1.360761 0.9702906 0.3041436 19.81634 1.772429 0 0.0
-0.01163469 -0.005383741 -1.693772 -3.614916 0.516841 0.3782785 -0.07203103 18.765 2.48542 0 0.0
-0.01242259 0.02918491 -3.724127 -6.506697 1.276645 0.9295374 0.2861578 19.30482 2.489811 0 0.0
-0.007228666 0.0007203635 -2.822947 -2.438911 0.6009459 0.5013501 -0.1330868 18.58419 2.334568 0 0.0
0.05928379 -0.02245938 -2.958131 -4.941147 0.3842151 0.2698558 0.08390046 18.25261 2.696003 1 0.0
-0.009763066 -0.005261387 0.3473596 -4.371323 1.480288 1.152336 -0.1210956 19.9044 2.261782 0 0.0
0.008644901 -0.009220897 -1.443263 -4.779656 0.4849339 0.4206306 -0.2391432 18.22229 2.219297 0 0.0
0.05893943 0.01900668 -11.13521 6.601374 2.087238 1.520834 0.1844787 19.37928 2.368008 0 0.0
-0.006302056 -0.02788215 2.11517 -6.500409 2.267821 1.626405 0.2298766 20.01495 2.149734 0 0.0
0.01440038 -0.01549701 -2.829088 -2.723163 0.617818 0.4541344 0.06468778 19.05147 nan 0 0.0
0.03517141 -0.02267594 -4.832138 -3.865751 0.3839301 0.2608295 0.1011826 17.84999 3.174427 1 0.0
-0.01087771 0.002127519 -3.337126 -3.353139 0.3699284 0.3010139 -0.1492854 17.87281 2.426302 0 0.0
0.005066508 -0.02517743 -2.891058 -10.53656 0.7500188 0.565572 0.04463624 19.05165 2.489582 0 0.0
-0.04082446 -0.002537381 -2.089807 -3.215746 0.9945866 0.7585302 0.06392543 19.21123 2.225075 0 0.0
-0.0108051 -0.00789368 -2.015931 -3.053399 0.3681915 0.276461 -0.03377214 18.32299 2.607567 0 0.0
0.02327305 0.02473042 3.644369 -7.57646 1.887826 1.370843 0.2365741 19.56731 nan 0 0.0
0.01042737 0.0293073 -4.502448 -5.522197 1.512259 0.9893234 0.4211675 19.84561 nan 0 0.0
0.05389298 -0.009916147 1.560146 -1.80073 1.421808 0.8985167 0.5156164 19.72584 2.143496 0 0.0
-0.01040609 0.01745504 -6.258413 -6.099231 0.3115888 0.2372316 -0.09653574 18.10465 2.761702 0 0.0
0.0002348021 -0.01427866 -1.396992 -3.786044 0.7828071 0.5639889 0.2911918 19.16113 1.976503 0 0.0
-0.04042337 0.000392538 -7.115866 -4.524031 0.2962331 0.2044248 0.0009773558 17.12196 nan 0 0.0
0.00982802 -0.01926515 -2.081723 -3.125143 0.2219042 0.1510752 0.1127899 16.57816 2.9781 1 0.983583
0.04309461 -0.002824833 1.827631 -1.638792 0.8467127 0.5890935 0.3440779 19.24729 2.461456 0 0.0
0.05748425 -0.02173692 0.7324122 -1.782472 0.4240615 0.2981425 0.07540524 18.39163 2.722198 1 0.0
-0.02894183 0.02444603 -1.641936 -7.478784 1.130879 0.8102259 0.3775558 19.66801 1.788061 0 0.0
-0.03562217 -0.0294854 -2.171831 -2.897064 0.4311762 0.3357561 -0.09629252 18.39352 2.78483 1 0.8147378
-0.05054561 -0.02558064 1.350001 -3.146398 0.8527095 0.6559133 0.1804325 19.24225 2.698315 1 0.001899957
-0.02988206 0.005940544 -3.375668 -5.911587 0.4652305 0.3608144 -0.1206454 18.42232 2.736063 1 0.0
0.001869553 -0.005516321 -0.1453632 -8.333179 1.033034 0.8051289 -0.06349631 18.72201 nan 0 0.0
0.04084308 -0.004101418 -2.223661 -5.230166 2.456585 1.430794 0.6710733 20.05624 2.113508 0 0.0
-0.03413045 0.02022085 2.662304 0.5080437 0.3657033 0.2510906 0.1412935 17.8949 2.605452 1 0.0
-0.0314954 -0.04251444 1.390551 -0.5756132 1.777134 1.37274 0.5007415 19.96852 nan 0 0.0
-0.03551398 -0.009156824 -5.120683 -2.838891 2.313193 1.46291 -0.0869978 19.96224 2.144884 0 0.0
0.01259907 -0.02108901 -2.910099 -3.226561 1.628695 1.153088 0.3041311 19.76148 nan 0 0.0
0.01813515 -0.04649229 -1.993464 -5.865002 0.3205858 0.215524 0.1640785 17.68071 2.629179 1 0.0
-0.03794034 0.05347161 -1.602766 -6.954049 0.6337755 0.4606544 0.04948725 18.98917 2.785051 1 0.0
-0.03755818 0.003655687 -2.807904 -5.706204 0.5370746 0.4189817 -0.1181777 18.74435 2.324633 0 0.0
-2.085108e-06 0.002811188 -1.693099 -3.511212 0.1777018 0.1356223 -0.07323265 16.83763 2.758677 0 0.0
-0.02993329 -0.04084674 0.3821611 0.5976534 0.1442089 0.123902 -0.1725162 15.66209 2.951923 1 0.0
-0.02866882 -0.005800592 -5.14109 -0.7902708 1.240672 0.7698305 -0.08705454 19.36471 2.026659 1 0.05451265
-0.007276641 0.006419516 -1.523245 -2.838523 1.320079 0.9253361 0.3612846 19.75638 nan 0 0.0
0.0007084391 -0.0278628 -2.053182 -6.460354 1.052592 0.759642 0.2604132 19.39752 2.828449 0 0.0
-0.05798015 -0.02863811 -2.08979 -6.881798 0.5024436 0.4862371 -0.3605161 18.45367 2.443703 1 0.0
-0.04814352 -0.005418276 -1.421353 -7.568933 0.3592196 0.2281135 0.2316304 17.69832 2.482115 0 0.0
-0.02022476 -0.04024057 -4.537283 -3.79599 1.229085 0.9560828 0.01705104 19.69535 nan 0 0.0
0.01614063 0.03267079 -2.170765 -8.329428 0.3343683 0.2650937 -0.07281038 18.21716 nan 0 0.0
0.02269131 -0.01536949 -4.386673 -1.752315 1.275797 0.9016476 0.3018628 19.81279 2.070732 0 0.0
-0.05001756 0.03142659 0.7515319 -6.92832 1.504531 1.040269 0.4588654 19.18172 2.521063 0 0.0
-0.02602014 0.007124629 -2.633149 -3.000602 0.3770587 0.2878168 -0.07828418 18.32106 2.65345 1 0.9052688
-0.03708334 0.04702142 -4.692485 -6.327594 0.5490907 0.3549009 0.1070316 18.62071 2.605995 1 0.0
-0.05340056 -0.008721772 -1.040513 -5.188044 0.3212571 0.2494469 -0.01909506 18.00167 2.653221 0 0.0
-0.04548864 0.02917517 -3.192419 -5.539078 0.3326465 0.2134138 0.2252012 17.72948 2.543978 1 0.0
-0.006355625 0.04103035 -2.232986 -3.066509 0.1641022 0.1223868 -0.00581837 14.91899 3.739052 1 0.9647476
-0.0440362 -0.01928965 -2.209174 -0.1046955 1.101135 0.7999198 0.2052106 19.40566 2.240168 0 0.0
0.0015142 -0.004513047 -1.191659 -5.466088 0.8074433 0.6613853 0.2823685 18.13278 nan 0 0.0
-0.02275077 0.009170436 -4.31437 -7.807253 1.321156 0.9593558 0.4232199 19.693 2.120842 0 0.0
-0.003602982 -0.009983399 -1.549362 -3.103252 0.4224584 0.328653 -0.02688891 18.24816 2.415051 0 0.0
-0.04160201 -0.04998504 -2.964869 -4.264642 1.685104 1.227387 0.3348087 19.82354 1.576126 0 0.0
0.008714377 -0.02212603 -1.956695 -3.570512 0.5634115 0.4271595 -0.05568026 18.93103 2.848145 0 0.0
-0.002704414 0.03326005 -3.45504 -6.378312 0.6887318 0.5047355 0.03412839 19.07272 nan 0 0.0
0.009519771 -0.02162259 -0.5920474 -4.167092 1.017274 0.6719926 0.2170869 19.41257 nan 0 0.0
-0.02337213 0.025047 -2.181589 -3.634115 0.3196981 0.2101412 0.2577617 17.40593 2.735662 1 0.7052322
0.004450519 -0.02801552 -2.193652 -2.75833 0.4217366 0.3237541 -0.0965699 18.41787 2.740196 1 0.9053468
-0.003105525 -0.009178474 -1.489676 -3.141762 0.456171 0.3530911 -0.001783254 18.52047 nan 0 0.0
0.0543056 0.002935255 -0.2244687 -8.761978 1.543918 0.9725059 0.3773132 19.82668 nan 0 0.0
-0.04310628 0.009469932 -0.5968847 -3.874917 1.125315 0.8118901 0.3623023 19.56921 1.9792 0 0.0
0.01689626 0.02050936 -2.640691 -3.792798 0.513123 0.3696082 0.1423969 18.66893 nan 0 0.0
-0.01725692 0.02451089 -15.77775 -14.49228 1.118969 0.8171727 0.3369599 19.37401 2.214958 0 0.0
-0.04973842 0.03896844 -5.94073 -5.996365 0.6265501 0.4710357 -0.2147896 18.84146 2.472752 1 0.0
0.01013877 0.000372868 -2.571769 -3.05009 0.9808807 0.7864218 -0.1925116 19.08688 nan 0 0.0
-0.018385 -0.01235463 -1.568831 -2.797618 0.1706801 0.1378917 -0.06735886 14.8122 3.138906 0 0.0
-0.01599796 0.0122889 -2.38125 -3.244163 0.8933746 0.6452481 0.3461265 19.1588 2.456356 0 0.0
0.008337639 -0.003186009 -3.806939 -3.18871 0.404313 0.3153361 -0.1106015 18.35973 2.883564 0 0.0
-0.0483157 0.03850404 -2.211729 -6.528736 1.03657 0.7625885 0.3925927 19.37039 2.493536 0 0.0
0.06089665 0.007560921 -5.77813 -5.021669 1.925963 1.230888 0.5112606 19.93571 1.715513 0 0.0
0.008450849 -0.04699782 -3.398159 -4.289173 0.2181085 0.1676532 -0.09923834 17.048 2.642354 1 0.0
0.02948569 -0.02533981 -3.659733 -5.490414 0.5682972 0.4085174 -0.02604433 18.66222 2.692503 1 0.0
0.003125189 -0.005947426 -1.773542 -2.80776 0.5684212 0.4383182 -0.06370324 18.4994 nan 0 0.0
0.03987084 -0.04751975 -2.120837 -3.512766 2.244476 1.316337 0.6161999 19.56839 nan 0 0.0
-0.007750755 0.00825052 -1.763454 -4.503762 0.5525464 0.4111166 -0.01532141 18.59659 2.13073 0 0.0
0.02899443 -0.01044703 -0.4823605 -4.709638 0.3403683 0.263222 -0.1068607 18.11035 1.727352 0 0.0
0.01115682 -0.004567319 -1.371952 -3.576823 0.7621466 0.5562317 0.2791847 18.23962 nan 0 0.0
-0.05688558 -0.005611701 -3.160156 -2.086493 0.2144276 0.1640955 -0.07254405 17.06731 2.606541 1 0.0
-0.009098652 -0.01337134 -3.551473 -2.203377 0.5054878 0.3894073 -0.06599376 18.81784 2.620321 0 0.0
0.01521177 0.01227381 -0.319108 -2.843637 0.2236441 0.1765422 0.1225661 16.93683 nan 0 0.0
-0.05378867 0.003172162 0.7986191 -0.7614467 1.237977 0.898839 0.3274464 19.66102 1.812246 0 0.0
-0.02482144 0.03500287 -2.329097 -7.030998 0.4485859 0.3417788 -0.04227576 18.462 2.808344 1 0.0
-0.00137654 0.01197789 -3.338297 -4.483058 1.17437 0.7791222 0.1700134 19.28869 2.261995 0 0.0
0.0006377511 0.01245855 -21.58399 -17.79201 1.15856 0.8917776 0.09462382 17.76912 nan 0 0.0
0.01284609 0.03473903 -0.5234979 1.026019 0.2466355 0.1681117 0.2506637 17.26782 1.664602 1 0.0
-0.04120236 -0.04509437 -3.840368 -8.882862 0.8825961 0.6529548 0.2862042 19.22139 2.343323 0 0.0
-0.02475589 -0.0167244 0.6032188 -4.183831 0.6765063 0.5509139 0.03124864 19.08184 2.504578 1 0.002833652
