scripts/get_globular_clusters/output/NGC_5897.csv
# %ECSV 0.9
# ---
# datatype:
# - {name: x, unit: deg, datatype: float64}
# - {name: y, unit: deg, datatype: float64}
# - {name: pmx, unit: mas / yr, datatype: float64}
# - {name: pmy, unit: mas / yr, datatype: float64}
# - {name: pmx_e, unit: mas / yr, datatype: float64}
# - {name: pmy_e, unit: mas / yr, datatype: float64}
# - {name: pm_corr, datatype: float64}
# - {name: g_mag, unit: mag, datatype: float64}
# - {name: bp_rp, unit: mag, datatype: float64}
# - {name: filter, datatype: int64}
# - {name: memberprob, datatype: float64}
# meta: !!omap
# - comments: [deg deg mas/yr mas/yr mas/yr mas/yr dimless mag   mag   zeroone float]
# - __serialized_columns__:
#     bp_rp:
#       __class__: astropy.units.quantity.Quantity
#       unit: &id001 !astropy.units.Unit {unit: mag}
#       value: !astropy.table.SerializedColumn {name: bp_rp}
#     g_mag:
#       __class__: astropy.units.quantity.Quantity
#       unit: *id001
#       value: !astropy.table.SerializedColumn {name: g_mag}
#     pm_corr:
#       __class__: astropy.units.quantity.Quantity
#       unit: !astropy.units.Unit {unit: ''}
#       value: !astropy.table.SerializedColumn {name: pm_corr}
#     pmx:
#       __class__: astropy.units.quantity.Quantity
#       unit: !astropy.units.Unit {unit: mas / yr}
#       value: !astropy.table.SerializedColumn {name: pmx}
#     pmx_e:
#       __class__: astropy.units.quantity.Quantity
#       unit: !astropy.units.Unit {unit: mas / yr}
#       value: !astropy.table.SerializedColumn {name: pmx_e}
#     pmy:
#       __class__: astropy.units.quantity.Quantity
#       unit: !astropy.units.Unit {unit: mas / yr}
#       value: !astropy.table.SerializedColumn {name: pmy}
#     pmy_e:
#       __class__: astropy.units.quantity.Quantity
#       unit: !astropy.units.Unit {unit: mas / yr}
#       value: !astropy.table.SerializedColumn {name: pmy_e}
#     x:
#       __class__: astropy.units.quantity.Quantity
#       unit: &id002 !astropy.units.Unit {unit: deg}
#       value: !astropy.table.SerializedColumn {name: x}
#     y:
#       __class__: astropy.units.quantity.Quantity
#       unit: *id002
#       value: !astropy.table.SerializedColumn {name: y}
# schema: astropy-2.0
x y pmx pmy pmx_e pmy_e pm_corr g_mag bp_rp filter memberprob
[from data line 5612]
0.03478412 -0.02251863 -5.223097 -2.428014 1.695592 1.413517 -0.2612455 20.43284 0.643959 0 0.0
-0.05203293 -0.03222633 -5.162026 -4.729234 1.093271 0.9292689 -0.5330034 19.33189 0.8710384 0 0.0
-0.01842725 -0.00217193 -6.638353 -6.00787 1.394256 1.094007 -0.2009256 20.11943 0.6919765 0 0.0
0.01311107 0.01813427 -2.694361 -0.8839003 1.734756 1.419145 -0.3571517 20.20743 0.3732948 0 0.0
0.02324671 -0.03044905 -5.286036 -4.571904 1.162561 0.9966527 -0.2961698 19.88933 nan 0 0.0
-0.1518628 0.05044625 -6.910813 -7.434698 2.731581 1.997843 0.02091124 20.48903 1.002651 1 0.3739569
-0.008058977 0.02492669 -3.107772 -2.905626 1.348896 1.165484 -0.2992671 20.00356 0.6989555 0 0.0
-0.03974805 0.09493462 -6.165911 -1.218966 2.402281 1.853184 -0.3010253 20.50696 0.813652 0 0.0
-0.01480835 0.1328972 -5.298556 -2.670265 1.483553 1.138007 -0.1666084 20.11165 0.9910297 1 0.9174327
-0.03130468 -0.0665013 -5.030988 -4.141024 1.588236 1.272897 -0.2410353 20.29773 0.6276855 0 0.0
0.07477883 0.06807909 -4.482202 -3.053698 1.440273 1.107647 -0.02504358 20.2272 0.8255711 0 0.0
-0.00974907 -0.05558831 -8.247374 -1.743408 1.375493 1.173874 -0.5695574 19.7694 0.6693821 0 0.0
-0.02501946 -0.01906055 -5.427556 -2.959425 0.1886065 0.1523934 -0.1252683 16.73968 0.2195053 1 0.9923572
-0.006777072 0.03155861 -5.440959 -3.226971 0.1194094 0.1017531 -0.2715596 15.85809 1.196348 1 0.9996433
-0.1204612 -0.05105138 3.608432 -11.20991 1.805513 1.44712 -0.2158322 20.38565 0.8921299 0 0.0
-0.03409532 -0.004322362 24.11751 0.9102201 3.743242 3.087923 -0.09386021 20.07218 nan 0 0.0
-0.01638077 0.04043466 -6.168551 -2.535685 1.27056 1.076577 -0.2519971 19.91618 0.4092064 0 0.0
0.03536784 -0.02344383 -6.075803 -4.618859 1.118039 0.9698448 -0.3060383 19.77833 0.822504 0 0.0
-0.05087287 -0.009616219 -2.935825 -5.378013 2.501216 2.112814 -0.04206373 20.70503 0.9736004 0 0.0
0.07457155 -0.03305605 -5.306759 -4.666444 1.352554 1.094434 -0.2759739 20.0658 0.8052597 0 0.0
-0.05352343 -0.006048497 -5.517584 -3.170087 0.1284301 0.1017544 -0.0702193 16.29803 0.369278 1 0.9979535
0.04719538 -0.002616947 -6.613025 -2.450773 1.40807 1.196619 -0.2631396 20.16365 0.4542084 0 0.0
-3.805718e-05 -0.01461433 -10.54147 -0.386884 2.62254 1.794424 -0.06301412 20.55922 nan 0 0.0
0.03932084 0.06082946 -5.318248 -3.540995 0.08924812 0.07292629 -0.2400151 15.03279 1.190819 1 0.9998132
-0.007684466 -0.05450291 -4.987788 -3.712263 0.8681555 0.948185 -0.6165864 19.0346 0.897541 1 0.9947581
-0.009833012 -0.07814651 -5.685725 -3.065525 0.9128575 0.7434161 -0.2427227 19.53515 0.6601028 0 0.0
-0.1038022 -0.1104794 -7.503392 -0.07085766 0.9693043 0.779022 -0.1862441 19.6065 1.330774 0 0.0
0.1015072 -0.04575773 -5.736847 -3.340527 0.6788772 0.5957692 -0.3568654 19.13964 0.8260307 1 0.9882272
0.0742724 0.05267369 -4.123275 -4.134658 1.176753 0.9737232 -0.02347609 19.7619 0.7980213 1 0.9617639
-0.01076712 0.04247794 -5.610948 -0.7268073 2.539551 2.005642 -0.1975914 20.59493 0.727314 0 0.0
0.04232066 -0.01401952 -5.443483 -3.07588 0.4611715 0.4052168 -0.3156246 18.33877 nan 0 0.0
0.00850728 -0.02226304 -5.181425 -3.273401 0.1806917 0.1601357 -0.313597 16.70835 1.155908 0 0.0
-0.06333949 -0.03460726 -5.65134 -7.990511 0.4104449 0.3183431 -0.03453323 18.2677 1.473892 1 0.0
-0.007069943 -0.1015609 -4.880586 -4.796809 1.841431 1.533977 -0.3548455 20.50793 1.23254 0 0.0
-0.02285521 -0.01505287 -5.142934 -3.17601 0.08409068 0.06918107 -0.074723 14.35192 1.347677 0 0.0
-0.04601428 0.03146202 -7.188382 -4.623157 1.56081 1.236026 -0.1894158 20.26929 0.4471169 0 0.0
-0.09208422 -0.02437977 -5.694646 -3.497557 0.2087291 0.1643777 -0.0681337 17.15343 0.06918335 1 0.998429
0.07068965 -0.1103475 -5.089209 -4.853149 1.572576 1.348959 -0.3560002 20.37008 1.044363 0 0.0
0.03555916 0.002476994 -8.143857 -6.934955 1.437251 1.268994 -0.4754807 19.93559 nan 0 0.0
0.0002894155 -0.07388708 -7.483315 -4.058491 1.923714 1.431048 -0.3342677 20.36015 0.5388641 0 0.0
-0.01916865 0.1145672 -0.1568291 -4.335398 1.364858 1.054362 -0.2117243 19.9772 0.8474674 1 0.06404273
0.02805374 0.01028919 -9.585829 0.9908784 1.828288 1.508418 -0.2709528 20.34905 nan 0 0.0
-0.03987907 0.05171029 -33.4277 -16.04556 2.1162 1.528663 -0.2679034 20.41384 0.889513 0 0.0
-0.01845414 -0.01510566 -7.874801 -6.361308 1.241851 1.085968 -0.4390885 19.90425 0.7697506 0 0.0
0.06012471 0.02203661 -4.685778 -3.060997 0.6019933 0.4938382 -0.2487472 18.84878 0.9962597 1 0.9921009
0.02587431 0.01090756 2.180932 1.998925 1.198451 1.053876 -0.3022687 19.03491 0.5559635 0 0.0
0.02749823 0.01061354 -7.635792 -4.400377 2.773076 2.285378 -0.4951678 20.69983 nan 0 0.0
-0.07836663 -0.05625136 -3.046939 -4.720746 2.870412 2.26141 -0.5330698 20.69036 1.103729 1 0.8950808
0.02801094 0.009953501 -3.282068 -4.887437 0.9317633 1.080775 -0.805396 18.73675 0.8531628 0 0.0
-0.009169565 0.0142264 -5.194968 -3.338428 1.837029 2.257622 -0.7681283 19.73373 nan 0 0.0
0.03984715 0.05727403 -5.444626 -3.527597 0.1055562 0.09026531 -0.1721176 15.52663 1.230983 1 0.9998401
0.01100536 0.05489857 -5.244069 -3.224397 0.7712784 0.6602997 -0.2625523 19.26573 0.783987 0 0.0
0.01344509 -0.0691918 -0.4037578 -6.162456 2.014111 1.62882 0.03456512 20.14076 nan 0 0.0
0.02106077 0.02087231 -5.186922 -3.612353 0.4875638 0.4311429 -0.3143193 18.57285 0.8575821 0 0.0
-0.04134556 0.04741454 -12.10685 -1.161468 2.635361 1.762595 -0.1242587 20.48367 0.7087307 0 0.0
0.03211054 0.06212246 -7.310825 -5.162498 1.338069 1.132002 -0.2480892 20.07719 1.031553 0 0.0
-0.134056 0.05564176 -4.364952 -3.108565 0.8186253 0.5739786 -0.1039614 19.26992 1.702208 1 0.9351664
0.05111355 0.0004163535 -6.024172 -3.154813 1.615937 1.176979 -0.1606098 20.13375 0.4815712 0 0.0
-0.001790551 0.03623366 -8.915406 -5.444055 1.134817 0.9219194 -0.2029105 19.59049 0.8422909 0 0.0
-0.008415178 0.02551986 -6.279927 -3.129803 0.4406984 0.3841324 -0.283666 18.37223 0.9281521 0 0.0
0.02932948 -0.02192046 1.116466 -1.327582 1.278653 1.145106 -0.2937233 19.29925 0.9209938 0 0.0
-0.01834601 0.03221948 -6.179631 -3.102687 1.380618 1.15373 -0.2274143 19.95935 0.7088375 0 0.0
0.00503624 0.09839022 -4.604446 -1.802432 2.472217 1.536692 0.2713037 20.28412 nan 0 0.0
-0.02354788 0.04212933 -8.610754 -4.376855 1.906067 1.506735 -0.2398608 20.40054 0.8884392 0 0.0
-0.04571525 0.03202287 -4.98296 -1.626581 2.021044 1.766451 -0.3478877 20.36226 nan 0 0.0
-0.1326966 -0.01494229 -7.039369 -1.13638 1.418479 1.185264 -0.2512534 20.10769 0.8714142 1 0.7458531
-0.01601541 0.08810694 -7.646195 -3.123016 1.470135 1.18782 -0.1939869 20.14391 0.8195019 1 0.9405659
-0.004011901 -0.01241903 -3.839212 -4.791267 1.370316 1.052217 -0.3314548 19.82485 nan 0 0.0
0.08540578 -0.1131285 2.933035 -15.4585 0.4548555 0.4108087 -0.2932411 18.47918 1.666475 1 0.0
0.010774 0.00833831 -4.057451 -3.697366 0.6477323 0.5677577 -0.3478496 18.95092 0.8831711 0 0.0
-0.09960927 -0.016492 -5.210544 -4.424335 2.041487 1.544698 -0.3161107 20.36555 0.5967464 0 0.0
-0.04666217 0.05312548 -4.323749 -2.220956 1.052135 0.785999 0.1187118 19.61235 0.7602997 1 0.9713448
-0.04375854 0.0642462 -7.284795 -4.639293 4.128238 4.022263 -0.5600464 20.98229 1.218666 0 0.0
0.01251743 0.07421607 -5.46686 -3.639998 0.1104484 0.096147 -0.2988407 15.75686 1.212852 1 0.9991057
0.04073816 -0.01959235 -6.201795 -3.398694 1.097901 0.9802445 -0.2523641 19.1201 0.7737141 0 0.0
0.05175028 0.02921519 -5.53547 -3.423323 0.2571327 0.2271138 -0.3155748 17.4992 nan 0 0.0
0.03329321 -0.002298484 -10.91197 2.028589 2.721581 2.268771 0.1237158 20.30914 nan 0 0.0
-0.08227121 -0.07637025 -8.627766 -1.538607 0.3285737 0.256527 -0.1027653 18.02344 1.001135 1 0.0
-0.004652418 -0.02605087 -10.98897 -8.828886 1.246595 0.9502701 -0.232092 19.79247 0.8836021 0 0.0
0.03861962 -0.00574444 -5.271313 -3.385169 0.09806141 0.08655991 -0.3201867 15.47415 1.241092 1 0.9998289
0.02318322 0.0192126 -6.677287 -4.913625 1.154556 0.9922496 -0.2748902 19.88143 nan 0 0.0
-0.0247143 -0.05559004 -5.764689 -3.198751 0.4687319 0.3744512 -0.1439318 18.64521 0.9376354 0 0.0
0.03018673 0.06199317 -4.591465 -3.544544 1.859081 1.529589 -0.2299845 20.50091 0.6763153 0 0.0
-0.01597654 -0.008872163 -4.914767 -3.243625 0.1824809 0.1438037 -0.06753835 16.69412 1.001093 0 0.0
0.01960567 0.005861673 -4.053203 -4.082029 0.8738436 0.7555473 -0.2935039 19.48698 nan 0 0.0
0.006497189 -0.06663358 -6.344732 -5.514963 1.022317 0.8882172 -0.3197987 19.7645 0.6438694 0 0.0
0.08006162 0.03348659 -5.391588 -1.592057 1.810751 1.45541 -0.1539657 20.39425 0.897583 0 0.0
0.02354935 -0.007824124 0.09625215 -3.427281 1.387544 1.240963 -0.3080266 19.18385 0.8474083 0 0.0
0.08207767 -0.005336682 -0.07661464 -14.6422 0.4277771 0.4735491 -0.8315201 17.33902 1.429897 1 0.0
0.001886296 0.1086175 -4.973172 -1.329788 2.741033 3.33298 -0.7056593 20.43704 0.6507072 0 0.0
-0.03476867 0.135137 -1.904874 -5.805024 1.339954 0.9607286 -0.1524766 19.75703 1.155979 1 0.1442856
0.0007594279 -0.03825401 -5.300387 -4.93031 1.527924 1.233658 -0.1919964 20.1262 0.6956139 0 0.0
-0.0669845 -0.03615571 -6.628143 -1.824842 0.8723562 0.6809121 -0.1460199 19.52768 0.7449608 1 0.9067347
0.00869198 -0.02995921 -6.798657 -4.681148 1.35836 0.9718146 -0.1328654 19.96085 nan 0 0.0
-0.06374587 0.1169561 0.2908302 -8.053509 0.3996675 0.3044945 -0.2841603 15.01159 1.234605 0 0.0
-0.02399734 0.001731621 -5.814952 -3.448717 0.7698092 0.5279697 0.2697939 18.86874 0.9172363 0 0.0
-0.06893703 -0.002055113 -4.399832 -3.048077 2.151406 1.616175 -0.2717176 20.56903 1.000662 0 0.0
0.01762698 0.01727359 -2.126742 -3.716103 1.364846 1.187039 -0.3235549 20.10542 0.7024174 0 0.0
-0.02587277 -0.02616367 -4.984233 -4.826569 2.713713 1.770686 -0.115034 20.7355 nan 0 0.0
0.008946523 -0.05995608 -2.445218 -0.3166413 1.476688 1.150645 -0.2073674 20.31628 0.7209167 0 0.0
-0.03174554 -0.002084524 -5.355044 -3.567673 0.3276157 0.2286737 0.100687 17.49352 1.10001 1 0.9995967
-0.1113702 -0.1162584 -6.236875 -4.950042 0.4975361 0.3970722 -0.1302658 18.44881 1.571171 1 0.02472919
0.04037093 -0.008266419 -6.815168 -3.426779 2.059628 1.800771 -0.4171352 20.57193 0.529211 0 0.0
-0.006662236 0.01235543 -4.877242 -2.860648 1.887394 1.124291 0.6089417 19.36291 0.5332584 0 0.0
0.001016215 0.02847839 -4.981557 -3.53483 0.7229646 0.6216025 -0.2794349 19.15871 0.8493462 0 0.0
-0.001447976 -0.02840638 -6.53802 -2.239502 1.113105 0.890734 -0.1761203 19.83026 0.3747044 0 0.0
-0.05198921 0.1288683 2.478975 -13.9888 0.9330017 0.7182429 -0.2409728 19.39839 1.669024 1 0.0
-0.06299255 0.05444127 -6.420579 -6.870368 2.972627 2.50594 -0.4850636 20.71301 0.4502125 0 0.0
0.04903549 0.04876261 -7.586634 -1.412825 0.8548673 0.5970646 0.04940111 19.04302 1.130007 0 0.0
-0.02381768 0.03636338 -1.591053 -1.110725 1.528895 1.24723 -0.2458268 19.86576 0.6190434 0 0.0
0.1283902 -0.01511018 0.6516222 -3.223923 3.27348 2.359427 -0.1712715 20.9491 1.795895 0 0.0
0.000289598 0.02000595 -8.600568 3.102924 1.823373 1.573555 -0.09892869 20.10966 0.7822094 0 0.0
-0.02793539 -0.03921984 -6.556961 -3.323006 1.333696 1.046976 0.003374293 20.00587 0.6687641 0 0.0
-0.02457091 0.02475513 -8.574524 -1.639947 1.582529 1.172136 -0.08178195 19.84751 0.7173138 0 0.0
0.006342984 -0.009985334 -6.601087 -2.303746 0.7436448 0.6243127 -0.277124 19.14548 0.5992889 0 0.0
0.03641363 -0.1147068 -2.617723 1.814667 1.465036 1.202637 -0.3233191 20.29827 1.250471 0 0.0
-0.03677176 0.04779911 -5.487951 -3.591862 0.1727819 0.1376591 -0.09488941 16.61517 0.2323208 1 0.9996442
0.001001966 0.02818656 -10.98736 4.876752 3.007781 2.423514 -0.2114911 20.5657 nan 0 0.0
-0.02516308 -0.01195571 -4.625105 -3.010933 0.439872 0.3788197 -0.2498623 18.44709 0.8755207 0 0.0
-0.003029586 0.01037572 -6.07159 -3.53851 0.9484318 0.8153872 -0.3313177 19.55306 0.6247311 0 0.0
0.02827314 -0.03461747 -5.792605 -3.795978 0.5520348 0.4857515 -0.3452024 18.79492 0.9423008 0 0.0
0.1154547 -0.07398328 -4.566357 -5.298087 2.269951 1.843657 -0.1218627 20.67325 1.135408 0 0.0
0.0509105 -0.05187926 -5.797834 -3.766538 2.39444 1.931251 -0.5131735 20.52688 1.149693 0 0.0
-0.01022216 -0.008986098 -8.634265 -3.492211 0.7253843 0.5890853 -0.1697105 19.06026 0.7347507 0 0.0
0.009715904 -0.05237633 -0.7019891 -4.973614 3.037454 2.114791 -0.1485823 20.65081 0.6705208 0 0.0
0.02430293 -0.01602012 -6.920617 -5.891436 1.820794 1.460932 -0.1383011 20.33364 nan 0 0.0
-0.1434849 -0.05263578 -13.40966 -1.655293 0.3959421 0.3142678 -0.1014749 18.33123 1.856237 1 0.0
0.02788776 -0.1151532 -5.618025 -2.092624 0.7242268 0.5806233 -0.2380784 19.35171 0.7834339 1 0.8888784
-0.01643662 0.03011018 -8.195441 -0.6192839 1.404909 1.133898 -0.2329976 19.88497 0.7144375 0 0.0
0.03249481 0.05985645 -5.225561 -3.520126 0.1677528 0.1392971 -0.2731024 16.4001 1.165324 1 0.9995943
-0.1116117 -0.04117968 -5.295783 -7.139554 1.579605 1.264521 -0.008891702 20.15115 0.6203022 1 0.3493148
-0.03561821 0.05033617 -4.950795 -3.257669 0.9634045 0.8194216 -0.2478397 19.50261 0.7849541 0 0.0
-0.01294673 0.03795163 -4.759687 -3.821782 2.177433 1.738306 -0.2312262 20.55297 0.2246628 0 0.0
0.03082903 -0.002019482 -5.658843 -3.107249 1.420068 1.214867 -0.3711163 20.04523 0.5877609 0 0.0
-0.003697496 -0.05491093 -5.726093 -2.887252 0.6829348 0.5864722 -0.2676416 19.15546 0.6636772 1 0.9959079
-0.01869717 -0.007939786 -5.377441 -3.500124 0.07607687 0.05981945 -0.07605858 15.11124 1.262652 1 0.999967
0.005686902 -0.03319392 -4.442318 -4.185023 1.867944 1.55332 -0.4390171 20.35486 0.4389572 0 0.0
0.0001898844 0.02804542 -6.722444 -4.135704 2.290339 1.799335 -0.2576175 20.67733 nan 0 0.0
-0.02396645 -0.01317621 -4.50509 -5.194924 1.44235 1.321118 -0.5189517 19.9149 nan 0 0.0
-0.02106081 0.08759705 -14.99727 -14.8527 3.778158 2.983465 -0.07807141 20.87914 1.693571 0 0.0
-0.01929541 0.1025738 -4.871488 -3.662005 0.3546727 0.2966366 -0.2632284 17.89256 1.27207 1 0.9930995
0.08667126 -0.0421492 1.145898 -2.076268 0.9743749 0.8593789 -0.3695023 19.58419 0.8423939 0 0.0
-0.04841138 -0.08907933 -5.540922 -3.058593 1.355055 1.078983 -0.2355169 20.14526 0.5155926 0 0.0
0.002882149 0.006107074 -5.7576 -3.768401 0.3243235 0.2859073 -0.2498371 17.72301 0.8225193 0 0.0
0.01939331 0.015984 -6.853725 -4.776529 1.423367 1.195139 -0.2734324 20.13613 0.8607159 0 0.0
0.003237444 -0.03202846 -8.086245 -3.348243 1.311924 1.156087 -0.3460932 19.98944 1.549761 0 0.0
-0.05089947 -0.01515326 -6.770498 -3.067673 0.8853645 0.6060327 0.253076 19.13501 0.9346981 0 0.0
-0.00589202 -0.01189839 -5.219108 -3.175103 1.118677 0.7219933 0.2463572 19.30494 nan 0 0.0
-0.05517211 -0.09256258 -7.419821 -1.377471 1.704357 1.342173 -0.1920443 20.31742 0.9724922 0 0.0
-0.0423332 0.01291033 -3.675903 -4.246104 2.765558 2.442841 -0.5325532 20.57712 0.8655701 0 0.0
0.003508036 -0.03171948 -5.489741 -3.173431 1.425754 1.113551 -0.1915065 19.81643 0.6448174 0 0.0
0.04842513 0.01205208 -12.27015 1.522055 2.052177 1.840784 -0.5427597 20.27938 0.6465683 0 0.0
0.004919512 0.01631896 -2.919116 -1.799985 1.868743 1.505298 -0.5396186 20.10765 nan 0 0.0
-0.03936562 0.04989654 -4.811932 -2.63863 0.9877014 0.7862189 -0.1732537 19.6301 0.8638363 0 0.0
0.0224793 0.07506558 -5.418288 -3.53426 0.1749022 0.1535966 -0.3117677 16.58867 0.2679958 1 0.9995959
0.004820228 0.02989357 -7.966798 -4.868605 3.128737 2.528267 -0.01292308 20.88711 0.7931824 0 0.0
0.03058615 0.06401106 -4.295703 -2.782214 2.018045 1.63225 0.006004386 20.47421 0.7803535 0 0.0
-0.03483516 -0.0079217 -5.318983 -3.580281 0.09014709 0.06181597 0.2073415 14.89929 1.304522 1 0.999777
0.001771904 0.07865879 -5.538693 -3.856405 0.4184308 0.3600464 -0.2470944 18.30182 1.117739 1 0.9961912
0.02714025 0.0004626954 -6.538499 -3.262411 1.148361 0.8075534 0.01388657 19.49185 0.5842991 0 0.0
0.06877572 -0.001452316 -0.9018496 -6.152324 2.044123 1.67968 -0.2900742 20.62343 0.4298038 0 0.0
0.05521575 -0.1151341 -8.642825 -6.57747 0.2424349 0.2026163 -0.3220457 17.58425 0.8354321 1 0.0
0.07951631 0.02614931 -6.34461 -2.883501 1.604486 1.389126 -0.2315551 20.35556 0.6944847 0 0.0
