scripts/get_globular_clusters/output/NGC_6569.csv
# %ECSV 0.9
# ---
# datatype:
# - {name: x, unit: deg, datatype: float64}
# - {name: y, unit: deg, datatype: float64}
# - {name: pmx, unit: mas / yr, datatype: float64}
# - {name: pmy, unit: mas / yr, datatype: float64}
# - {name: pmx_e, unit: mas / yr, datatype: float64}
# - {name: pmy_e, unit: mas / yr, datatype: float64}
# - {name: pm_corr, datatype: float64}
# - {name: g_mag, unit: mag, datatype: float64}
# - {name: bp_rp, unit: mag, datatype: float64}
# - {name: filter, datatype: int64}
# - {name: memberprob, datatype: float64}
# meta: !!omap
# - comments: [deg deg mas/yr mas/yr mas/yr mas/yr dimless mag   mag   zeroone float]
# - __serialized_columns__:
#     bp_rp:
#       __class__: astropy.units.quantity.Quantity
#       unit: &id001 !astropy.units.Unit {unit: mag}
#       value: !astropy.table.SerializedColumn {name: bp_rp}
#     g_mag:
#       __class__: astropy.units.quantity.Quantity
#       unit: *id001
#       value: !astropy.table.SerializedColumn {name: g_mag}
#     pm_corr:
#       __class__: astropy.units.quantity.Quantity
#       unit: !astropy.units.Unit {unit: ''}
#       value: !astropy.table.SerializedColumn {name: pm_corr}
#     pmx:
#       __class__: astropy.units.quantity.Quantity
#       unit: !astropy.units.Unit {unit: mas / yr}
#       value: !astropy.table.SerializedColumn {name: pmx}
#     pmx_e:
#       __class__: astropy.units.quantity.Quantity
#       unit: !astropy.units.Unit {unit: mas / yr}
#       value: !astropy.table.SerializedColumn {name: pmx_e}
#     pmy:
#       __class__: astropy.units.quantity.Quantity
#       unit: !astropy.units.Unit {unit: mas / yr}
#       value: !astropy.table.SerializedColumn {name: pmy}
#     pmy_e:
#       __class__: astropy.units.quantity.Quantity
#       unit: !astropy.units.Unit {unit: mas / yr}
#       value: !astropy.table.SerializedColumn {name: pmy_e}
#     x:
#       __class__: astropy.units.quantity.Quantity
#       unit: &id002 !astropy.units.Unit {unit: deg}
#       value: !astropy.table.SerializedColumn {name: x}
#     y:
#       __class__: astropy.units.quantity.Quantity
#       unit: *id002
#       value: !astropy.table.SerializedColumn {name: y}
# schema: astropy-2.0
x y pmx pmy pmx_e pmy_e pm_corr g_mag bp_rp filter memberprob
[from data line 9930]
-0.003024034 -0.01753452 -3.947162 -7.366836 0.1596693 0.1355215 0.2010029 16.88995 1.937977 0 0.0
-0.05352448 -0.01816416 -1.279755 -5.043415 0.9781427 0.836399 0.2107136 19.54295 1.170143 0 0.0
-0.02084884 0.04766588 -0.7598513 -6.781488 0.3164081 0.2617363 -0.01816439 16.92429 1.892282 0 0.0
-0.046569 0.01782747 -2.023926 -1.344517 1.609202 1.178343 0.4310296 19.64784 1.145224 0 0.0
-0.01174703 0.07999322 1.601876 -9.235558 0.6022337 0.5074718 0.2539652 19.11497 1.233694 0 0.0
-0.0588081 0.01480688 -0.6917429 -4.551187 0.8597946 0.7373483 0.2546343 19.32018 nan 0 0.0
-0.0626704 0.05041072 -6.581616 -6.352925 0.8867785 0.739216 0.1869962 19.62487 nan 0 0.0
-0.0006132097 0.004819654 -2.592355 -9.999122 0.6064567 0.4943734 0.4193621 16.8529 nan 0 0.0
-0.05830263 -0.005361109 -3.806324 -7.457607 0.1318025 0.110182 0.1010096 16.77987 1.503414 1 0.825622
-0.01330285 0.07102275 -6.325059 -7.647108 0.3159637 0.2702907 0.3420707 17.93203 1.84564 0 0.0
-0.0400006 0.001656236 -7.704963 -2.371898 0.7037275 0.5875555 0.1027291 19.20107 1.071636 0 0.0
-0.05512626 0.05951549 -0.9252526 -6.916863 0.3803959 0.2954924 -0.1122962 17.95442 1.073015 0 0.0
-0.04398913 -0.008132186 -0.3598008 5.66715 0.6609135 0.5607237 0.1459182 19.37496 nan 0 0.0
-0.017103 -0.006793867 -1.367071 -6.235663 1.079539 0.9562567 0.2999861 18.13081 1.655546 0 0.0
-0.0485309 0.04986992 1.836943 -4.198696 0.3740109 0.3092365 0.1599275 18.15582 1.290812 0 0.0
0.007296458 0.01492069 -6.071183 -7.368168 1.318119 1.105033 -0.04321226 18.70703 nan 0 0.0
0.006880437 0.0003733703 -4.889626 -7.460863 0.2897458 0.2418884 0.06851638 17.28805 nan 0 0.0
-0.01111452 -0.0004109627 -3.081532 -7.028233 0.5718556 0.4872868 0.1336538 18.49699 nan 0 0.0
-0.03382409 0.05828979 -1.495784 -3.606022 0.5501981 0.4521013 -0.01195635 18.90259 1.383986 0 0.0
0.01015479 0.06631773 -3.945519 -6.578952 1.598106 1.449602 0.4556803 19.92691 nan 0 0.0
-0.04346255 0.02988534 -3.746036 -6.900314 0.4621717 0.391407 0.1618472 18.85525 1.074406 0 0.0
-0.04311185 0.0009510234 -0.4060024 -5.033013 0.6094036 0.5167662 0.2517428 18.8048 1.295761 0 0.0
-0.06255854 0.03845554 1.987147 -2.788295 1.22561 1.030095 0.08309192 19.48662 1.083794 0 0.0
0.01046616 0.06623186 -0.6209321 -5.199399 1.391038 1.258991 0.6435414 19.83271 nan 0 0.0
-0.005670185 0.01271591 -3.907255 -6.856079 0.1657806 0.1382314 0.1237888 17.04615 1.645184 0 0.0
-0.04087092 0.03473119 -5.775206 -6.579305 0.3828625 0.3216341 0.2640526 17.84467 1.077837 0 0.0
-0.07751272 0.02261129 3.042441 0.4690237 0.4629523 0.3893048 0.1272593 18.7727 1.066227 0 0.0
0.04759044 0.05215732 -4.847301 -2.829413 1.600155 1.366229 0.06237353 20.0155 0.9524975 0 0.0
0.003200545 0.06083079 3.263937 -12.15037 0.6125752 0.5178608 0.183573 19.22495 1.242325 0 0.0
-0.03072935 0.03662149 -5.371859 -7.464105 0.5439502 0.4374061 -0.1826036 18.71568 1.175161 0 0.0
-0.04994887 -0.01458015 -0.4459244 -2.890539 0.5959709 0.4691974 -0.5323809 18.24912 nan 0 0.0
-0.01373329 -0.0009587242 -3.3559 -6.660228 0.2494034 0.2140854 0.3249707 17.52644 nan 0 0.0
-0.04920247 -0.004388784 -1.16643 -10.57277 1.216735 1.040226 0.2755393 19.53105 1.216534 0 0.0
0.006491496 0.0003848426 -4.55764 -7.097828 0.2364539 0.191377 0.04480257 16.80389 1.390133 0 0.0
-0.04038643 0.05385829 1.129315 -2.374862 1.421921 1.176681 0.2501439 19.96689 0.6151466 0 0.0
-0.003621347 0.009250356 -4.588041 -8.782685 0.9754106 0.8125509 0.1802272 18.62775 nan 0 0.0
-0.01038705 -0.01334652 -3.83685 -6.970894 0.6332606 0.5968675 0.8180017 17.471 nan 0 0.0
-0.06414661 0.009344491 -4.743834 -7.232192 0.8299405 0.6997405 0.1427247 19.66181 1.232157 0 0.0
-0.04974158 -0.01436451 -11.07772 -1.016647 0.487891 0.387841 -0.2223932 18.04657 nan 0 0.0
-0.04127443 0.008957006 -5.842686 -2.217873 2.221534 1.969616 0.8016328 20.10835 nan 0 0.0
0.007684282 0.0007471472 -4.056497 -7.815413 0.9770565 0.8346371 0.3194463 18.1972 nan 0 0.0
-0.03820911 -0.003979221 -0.2370573 -2.877019 0.2820526 0.2396065 0.2849203 17.98148 1.315849 0 0.0
0.01183845 0.04316995 0.005901615 -2.491929 0.798564 0.6606249 0.1651711 19.41022 nan 0 0.0
-0.04207594 0.06071445 -5.788983 -6.168314 0.2614089 0.2176389 0.1813939 18.00877 1.255636 1 0.0
-0.05772127 -0.02286258 -5.414231 -3.101267 1.707366 1.300356 0.1217134 19.85989 nan 0 0.0
-0.04871234 0.0003550526 0.1268805 -5.135215 0.09752649 0.08150961 0.130292 15.81185 2.056385 1 0.0
-0.08176385 -0.009296604 1.389482 -5.219549 0.8185479 0.7163333 0.5304801 19.28356 0.8667221 0 0.0
-0.004478301 0.03398672 -0.6063741 -4.164289 0.7469702 0.6113076 -0.06277542 18.5173 nan 0 0.0
-0.0553327 -0.02894746 -0.0787425 1.167711 2.346221 1.833494 0.3258486 20.06511 nan 0 0.0
0.006362037 0.003125712 -4.870852 -7.44574 0.2969536 0.2320581 -0.3820244 17.00089 nan 0 0.0
-0.05570744 0.0336515 0.04244169 -3.695798 0.3531667 0.3053213 0.3827698 18.33957 1.18745 0 0.0
-0.008001887 -0.01338252 -3.210454 -8.667196 0.8478962 0.8121992 0.6715505 18.78603 1.564911 0 0.0
-0.006633873 0.07084227 0.2243198 -0.2651532 0.3479374 0.2908003 0.1404017 18.47278 1.314968 0 0.0
0.006180444 0.001908835 -3.763916 -6.754362 0.2166036 0.1818962 0.1533674 17.14745 nan 0 0.0
-0.07025736 0.03134322 -3.784783 -10.31172 1.283724 1.091769 0.06193017 19.87145 0.5837746 0 0.0
-0.08077968 -0.008107459 -1.967393 1.163189 0.6294964 0.5331362 0.1793602 19.17357 1.265064 0 0.0
-0.06966026 0.0306494 -5.478472 -7.224728 1.791726 1.605485 0.5571476 20.01914 0.911005 0 0.0
-0.04766857 -0.0124122 0.01593907 -3.283263 0.5474483 0.464731 0.1689725 19.02951 1.256214 0 0.0
-0.009300201 0.00680283 -7.074015 -6.363897 1.180394 1.051216 0.6771397 19.06096 nan 0 0.0
-0.04097483 0.03509354 -4.756661 -1.893582 0.4037148 0.3360655 0.2071202 18.41285 nan 0 0.0
-0.03702075 0.006839745 -4.00047 -7.490723 0.1829866 0.1556305 0.2805882 17.30134 1.571774 0 0.0
0.02971217 0.04329372 -0.451519 -7.272725 1.037997 0.8608628 0.1187921 19.33708 1.472033 0 0.0
-0.05544174 -0.02004403 -1.233292 -4.317438 0.622042 0.5301774 0.1701959 18.98931 1.211058 0 0.0
-0.04987923 0.0004726851 -2.01234 -6.402885 0.3338248 0.2823194 0.16732 17.93653 1.37236 0 0.0
0.002317343 0.02001547 -4.621811 -7.057588 1.046155 0.8885437 0.214055 19.7305 nan 0 0.0
-0.05401647 -0.01913528 2.915006 -1.506384 1.233422 1.045134 0.2460159 19.59065 nan 0 0.0
-0.003752866 0.05504197 -5.499565 -8.710601 0.5638683 0.4756359 0.1620591 19.00449 1.416021 0 0.0
-0.0448322 0.0194801 -1.067401 -5.550471 1.693034 1.442491 0.6690223 19.98681 nan 0 0.0
0.05166838 0.06062757 -2.350187 -1.605185 0.6543276 0.5556757 0.2294976 19.30578 1.121435 0 0.0
-0.04866954 0.06684143 -1.36759 -6.050744 0.4615545 0.3844869 0.1914003 18.61663 1.656761 0 0.0
-0.04310133 -0.02157476 -3.422737 2.65692 2.398793 2.242137 0.3631213 20.30193 nan 0 0.0
-0.001417246 0.01679398 -5.943196 -5.210868 1.705006 1.432918 0.2344665 19.43718 nan 0 0.0
0.009527748 0.02466131 11.36228 -12.04441 2.317366 1.712901 -0.1695161 19.7779 nan 0 0.0
0.02048405 0.07516992 -6.036657 -5.223525 0.6510735 0.553439 0.1552332 19.27562 0.1573105 0 0.0
-0.07409698 -0.03229658 0.7212715 -2.533032 1.067732 0.9659229 0.7275077 19.25045 nan 0 0.0
-0.04012827 0.05683005 2.489585 -3.99384 0.7656917 0.659874 0.3755467 19.34201 1.048296 0 0.0
-0.008370641 0.05060708 -2.555756 -4.120842 1.872248 1.602541 0.5099492 20.21934 nan 0 0.0
-0.06334226 -0.02909757 2.931574 0.9380887 0.9145064 0.8032121 0.318518 19.41266 1.476715 0 0.0
-0.05706391 -0.03786347 -4.776769 -8.384176 1.259788 1.058506 0.0271882 19.9006 nan 0 0.0
-0.05495237 0.02887023 1.93747 -8.172875 0.6199444 0.5324857 0.3114414 19.15972 1.29987 0 0.0
-0.0637311 -0.02906351 -5.863556 -4.674158 1.132975 0.9612291 0.1915562 19.71035 nan 0 0.0
-0.04601017 -0.0106852 -3.209998 -6.030496 0.9625437 0.8379769 0.3207172 19.58755 nan 0 0.0
-0.01838544 0.05352006 -1.818753 -2.314381 0.2199462 0.1881847 0.2393142 17.34018 nan 0 0.0
-0.05051438 0.0239518 -1.87313 -8.079171 0.7501931 0.6574422 0.4295098 19.15102 1.490076 0 0.0
-0.01627359 -0.005250672 -4.427981 -7.680423 0.5645877 0.4761269 0.073153 18.63988 1.465446 0 0.0
-0.040637 0.03367271 4.076534 -10.3484 0.09573291 0.07893041 0.07289877 16.05985 1.64411 1 0.0
-0.07093107 0.03045388 0.2273402 -5.107573 1.628776 1.302735 -0.5437203 19.63441 1.192627 0 0.0
-0.04942069 0.01577559 -0.8656951 -6.311152 0.3233812 0.272447 0.1878091 18.40107 nan 0 0.0
-0.007983564 0.07467593 -2.69552 -5.505761 0.6609682 0.5561307 0.1602896 19.21619 nan 0 0.0
-0.05015135 0.02409505 -1.481699 -5.724219 1.258937 1.158058 0.4859416 19.74863 nan 0 0.0
-0.04124992 0.07030115 1.919872 -12.46708 1.037589 0.87707 0.3578503 19.80504 1.29463 0 0.0
-0.03271084 -0.008171369 -3.751687 -6.755919 0.2405837 0.2008727 0.09787122 17.09236 1.585217 0 0.0
0.01028418 0.06314388 -5.048144 -7.140691 1.348989 1.167878 0.527126 20.06008 nan 0 0.0
-0.03918892 -0.01684851 -0.3592375 -3.842628 0.5051707 0.4287925 0.1346754 18.93056 1.189066 0 0.0
-0.074079 -0.02241649 -3.806927 -7.194105 0.2485284 0.2115517 0.3105673 17.80315 nan 0 0.0
-0.0560094 0.01829716 -2.944495 -4.279388 1.050522 0.9366362 0.5027634 18.95487 1.154102 0 0.0
0.05338157 0.0619007 -7.071165 -6.774775 1.136515 0.9898681 0.1481605 19.97703 1.135389 0 0.0
-0.069357 -0.02774005 7.255204 -3.434963 0.7350736 0.6176249 -0.1116519 19.17814 nan 0 0.0
-0.0740931 0.02747212 -3.620972 -7.211307 0.8617828 0.6840903 0.1458081 19.45726 nan 0 0.0
-0.0559573 0.01791572 -14.03079 -10.44716 1.505005 1.302629 0.6790539 19.27237 1.291534 0 0.0
-0.01611809 -0.00486536 1.85948 -7.362719 2.163487 1.949859 0.2671229 18.87283 nan 0 0.0
-0.04039368 0.01108981 -2.0928 -5.395403 0.5751406 0.4870826 0.3585985 18.78059 0.9386177 0 0.0
-0.007203228 0.05122135 -1.754141 -3.285959 1.289729 1.124598 -0.01023368 19.96265 nan 0 0.0
-0.04569271 0.02889435 -5.060903 -4.485372 0.3427952 0.2890367 0.2118038 18.42786 1.078426 0 0.0
-0.02072405 0.06967098 5.13224 -12.17556 1.023089 0.8681638 0.2888439 19.84177 1.236006 0 0.0
-0.03914607 0.004365037 3.633861 -14.28423 1.862517 1.625361 0.0750454 19.49142 1.314714 0 0.0
0.00185001 -0.005092853 -3.871343 -8.239954 0.4001483 0.3274699 0.1332661 16.94418 0.7463942 0 0.0
-0.04738637 -0.006598451 -1.186566 -1.944195 0.08510034 0.07121251 0.1015479 15.85263 1.77488 1 0.0
-0.0233368 0.03760594 1.320899 -6.668883 0.658266 0.5462418 0.2012911 18.66491 nan 0 0.0
-0.0001206178 0.07520271 -4.642518 -3.811805 0.1318586 0.1092374 0.07555998 16.72513 1.739308 1 0.0
0.001720377 -0.004749528 -2.972661 -7.976502 0.2763946 0.2199315 -0.02841967 16.95294 nan 0 0.0
0.001668506 -0.005542984 -5.73381 -6.552722 1.11529 0.8379395 -0.02056448 18.12303 nan 0 0.0
0.01160827 0.06939983 -4.810762 -3.541688 0.8234722 0.6985697 0.2303125 19.62811 1.233913 0 0.0
-0.05487595 -0.01243146 -4.000992 -4.366555 0.6182429 0.4936104 0.03227174 18.68405 nan 0 0.0
0.01865896 0.03274708 -2.775702 -10.9672 1.055886 0.878006 0.1882211 19.74029 nan 0 0.0
-0.05487607 -0.01223119 3.342946 -2.524557 0.4078902 0.3410522 0.2377937 18.40489 1.271624 0 0.0
0.002057423 -0.005579231 -4.175661 -7.698901 0.7349306 0.6308011 0.183443 17.79318 nan 0 0.0
-0.0604845 0.04025937 -3.653415 0.2760457 0.2933701 0.2494896 0.2462676 17.38064 1.212011 0 0.0
0.01902213 0.03293392 -8.633315 -1.937515 1.64937 1.267887 -0.1509638 19.5981 1.169374 0 0.0
-0.002534017 0.07539722 -5.237962 -3.354456 0.3599201 0.2940073 0.03996266 18.26293 1.459108 0 0.0
-0.07818702 0.02258402 10.73396 3.490099 2.017689 1.750155 0.2710072 19.88433 nan 0 0.0
-0.02380621 0.04727035 -3.087483 -0.7812635 0.5317926 0.4435845 0.1958603 18.9034 1.372232 0 0.0
-0.05647654 0.0188233 -2.700931 -2.071444 0.3512567 0.2924015 0.1171032 18.30458 1.469107 0 0.0
0.01375528 0.02407141 -3.284756 -7.81372 0.4895782 0.4041495 0.1878109 18.79034 1.502533 0 0.0
0.01822635 0.07512652 -6.666554 -10.40858 1.098922 0.9067686 -0.1589085 19.73091 1.247688 0 0.0
-0.005747023 -0.002722179 -4.624289 -7.728007 0.3593225 0.3133006 0.3865538 16.99115 nan 0 0.0
0.001668503 -0.005737533 -3.568824 -7.023682 0.2520932 0.2111533 0.4138857 17.27236 nan 0 0.0
-0.03748183 -0.007145122 -4.023146 -6.914769 0.1310988 0.1097755 0.05949432 14.03193 1.894921 0 0.0
-0.08093198 0.01776179 0.2404881 -6.241345 0.7888213 0.674808 0.2761857 19.5784 1.008829 0 0.0
0.02713887 0.0259529 -2.486379 -5.279879 0.4181521 0.3635802 0.2941652 18.60203 1.235607 0 0.0
-0.0823615 -0.007803681 -2.364833 -4.274351 0.06768123 0.05752134 0.1420245 14.98481 1.988032 1 0.0
-0.05351573 0.01146461 -3.391156 -2.023538 1.736026 1.336725 -0.2730118 20.03571 nan 0 0.0
-0.005876959 0.00187643 -7.351505 -8.686207 0.9926354 0.7770881 0.02746791 18.40857 nan 0 0.0
-0.03336599 0.01113458 0.7038507 -4.855136 1.519478 1.305792 0.3745216 19.62936 nan 0 0.0
-0.0006135018 0.04883172 2.280482 -7.845679 0.9608619 0.869702 0.4391128 19.54003 nan 0 0.0
-0.03266581 0.01112148 -0.07727552 -2.177222 2.192503 2.074283 0.5964742 19.85641 nan 0 0.0
-0.05093946 0.04229645 -2.969347 -5.952541 0.8375018 0.7407106 0.49838 19.29155 0.8462429 0 0.0
0.002603524 0.05184339 0.2522548 -3.95055 0.2628688 0.2220429 0.2747939 17.87717 1.757534 0 0.0
0.03350013 0.04465809 -5.100632 -2.684532 0.5655063 0.4808422 0.2371368 19.06384 1.36413 0 0.0
0.002395009 0.0146768 -2.118428 -7.451758 0.2856394 0.2430665 0.3559943 17.89943 nan 0 0.0
0.01316535 0.07050588 -2.719359 -7.907952 0.7032918 0.5982716 0.1420893 19.16745 1.273561 0 0.0
-0.0224687 -0.0120326 -4.090829 -9.354161 1.074284 0.9231687 0.07952428 19.21802 1.197906 0 0.0
-0.06642021 0.03370545 0.5792142 -7.467727 0.2225949 0.1861371 0.2167273 17.4103 1.585886 0 0.0
-0.0510673 -0.007996594 -1.722125 -1.368284 0.6269662 0.5477824 0.3816828 19.09124 1.458311 0 0.0
-0.03032932 0.003319313 -4.226972 -7.525133 0.3432294 0.2757394 -0.1771912 18.07415 1.510147 0 0.0
-0.01677688 0.05350701 -3.134218 -4.202455 0.2232425 0.1871599 0.2558475 17.51333 1.885197 1 0.0
-0.0001724697 0.04890992 -0.8506427 -2.125287 0.435454 0.3643545 0.1095649 18.68135 1.484097 0 0.0
-0.05096337 -0.008395172 -1.827211 -9.027592 2.05163 1.769198 0.4703412 19.4265 nan 0 0.0
-0.06432133 0.03681973 0.3408861 -2.281253 1.324861 0.9946321 -0.07541751 19.59749 nan 0 0.0
-0.01487387 -0.002826195 -4.438794 -7.2234 0.1406396 0.1192826 0.1738581 16.62481 1.837349 0 0.0
0.01952451 0.0781742 1.380279 -5.129241 0.7874683 0.6863371 0.3006235 19.51558 nan 0 0.0
-0.001755128 0.0557611 -9.966149 -3.150086 2.279564 1.66638 -0.5110671 20.08371 1.504581 0 0.0
0.04907234 0.05799303 -2.336716 -1.052645 0.6898087 0.5884776 0.2469017 19.26348 1.416962 0 0.0
-0.002378211 0.0714185 -4.272573 -0.01755942 1.101368 0.9375606 0.1814558 19.8184 1.503952 0 0.0
-0.02726064 0.06106333 -1.715048 -3.402305 0.5537276 0.4612348 0.178972 18.8797 1.461306 0 0.0
-0.02691582 0.03523031 1.614479 -6.276221 0.3094943 0.258271 0.2079436 18.22456 1.723701 0 0.0
-0.003208992 0.08296746 -5.968505 -4.135606 1.087274 0.96792 0.6698932 19.34775 0.4497051 0 0.0
-0.03476482 0.0070943 -2.067701 -7.896154 0.4139441 0.3297242 -0.3038729 18.26477 1.575163 0 0.0
-0.00328395 0.001342501 -5.156507 -7.310129 0.3644151 0.312503 0.4836331 16.68372 1.34991 0 0.0
-0.03911477 0.05297001 -2.838869 -7.526382 0.7317759 0.6153594 0.2130528 19.45961 0.4168205 0 0.0
-0.06668072 0.03526738 -2.114266 -4.615511 2.397712 2.002358 0.3994256 20.45761 nan 0 0.0
-0.06995124 0.003881442 -4.399485 -6.422121 0.6153962 0.5204058 0.2074737 19.23617 1.192648 0 0.0
-0.04763729 0.02747811 -0.9986758 -3.943368 1.032688 0.7966196 -0.09856881 19.54061 nan 0 0.0
-0.04466416 0.04743428 0.2451546 -6.297144 0.7775628 0.5999526 -0.3284193 18.53061 1.169813 0 0.0
-0.02434842 0.03744927 -2.927963 -7.601529 0.6220658 0.5182256 0.07092396 19.21219 nan 0 0.0
-0.03090377 0.01521335 0.3320671 -0.7711236 1.1825 1.068546 0.748936 19.17414 1.13599 0 0.0
-0.06445325 0.04000873 -4.962259 -4.22459 0.5195218 0.4390686 0.1433906 18.95552 1.275991 0 0.0
-0.05413083 0.04331316 -2.240653 -8.712044 0.7413584 0.6165553 0.1526032 19.38289 0.6731052 0 0.0
