scripts/get_globular_clusters/output/NGC_6715_M_54.csv
# %ECSV 0.9
# ---
# datatype:
# - {name: x, unit: deg, datatype: float64}
# - {name: y, unit: deg, datatype: float64}
# - {name: pmx, unit: mas / yr, datatype: float64}
# - {name: pmy, unit: mas / yr, datatype: float64}
# - {name: pmx_e, unit: mas / yr, datatype: float64}
# - {name: pmy_e, unit: mas / yr, datatype: float64}
# - {name: pm_corr, datatype: float64}
# - {name: g_mag, unit: mag, datatype: float64}
# - {name: bp_rp, unit: mag, datatype: float64}
# - {name: filter, datatype: int64}
# - {name: memberprob, datatype: float64}
# meta: !!omap
# - comments: [deg deg mas/yr mas/yr mas/yr mas/yr dimless mag   mag   zeroone float]
# - __serialized_columns__:
#     bp_rp:
#       __class__: astropy.units.quantity.Quantity
#       unit: &id001 !astropy.units.Unit {unit: mag}
#       value: !astropy.table.SerializedColumn {name: bp_rp}
#     g_mag:
#       __class__: astropy.units.quantity.Quantity
#       unit: *id001
#       value: !astropy.table.SerializedColumn {name: g_mag}
#     pm_corr:
#       __class__: astropy.units.quantity.Quantity
#       unit: !astropy.units.Unit {unit: ''}
#       value: !astropy.table.SerializedColumn {name: pm_corr}
#     pmx:
#       __class__: astropy.units.quantity.Quantity
#       unit: !astropy.units.Unit {unit: mas / yr}
#       value: !astropy.table.SerializedColumn {name: pmx}
#     pmx_e:
#       __class__: astropy.units.quantity.Quantity
#       unit: !astropy.units.Unit {unit: mas / yr}
#       value: !astropy.table.SerializedColumn {name: pmx_e}
#     pmy:
#       __class__: astropy.units.quantity.Quantity
#       unit: !astropy.units.Unit {unit: mas / yr}
#       value: !astropy.table.SerializedColumn {name: pmy}
#     pmy_e:
#       __class__: astropy.units.quantity.Quantity
#       unit: !astropy.units.Unit {unit: mas / yr}
#       value: !astropy.table.SerializedColumn {name: pmy_e}
#     x:
#       __class__: astropy.units.quantity.Quantity
#       unit: &id002 !astropy.units.Unit {unit: deg}
#       value: !astropy.table.SerializedColumn {name: x}
#     y:
#       __class__: astropy.units.quantity.Quantity
#       unit: *id002
#       value: !astropy.table.SerializedColumn {name: y}
# schema: astropy-2.0
x y pmx pmy pmx_e pmy_e pm_corr g_mag bp_rp filter memberprob
[from data line 5472]
-0.02753646 -0.09190382 -3.564715 -2.658606 2.115723 1.992594 0.6829463 20.21948 1.21328 1 0.7732444
-0.005179019 -0.03307747 -1.510928 -1.577643 1.251338 1.193526 0.3977298 19.92441 nan 0 0.0
-0.04478364 -0.01239481 -2.948788 -1.286528 0.2140739 0.18224 0.367744 17.36721 1.225643 1 0.996287
-0.07091478 -0.05972594 -3.193205 -2.080554 0.5058844 0.4386493 0.3980597 18.79472 1.327469 1 0.9438608
0.0254683 0.03435746 -3.234567 -1.812593 0.4949488 0.420264 -0.1111958 18.37177 0.4510937 0 0.0
-0.02556639 -0.0896221 -0.5421605 -3.885915 0.932804 0.8801594 0.3976846 19.65191 1.066975 0 0.0
-0.06466389 -0.05252897 -3.574901 -1.344805 1.283155 1.063112 0.4391703 20.04212 1.135307 1 0.9188157
-0.08392622 0.001995059 -1.670233 -0.2189202 1.237724 1.090232 0.4331678 19.84296 0.8696995 0 0.0
-0.02293052 -0.01317113 -5.136259 -1.247705 1.615662 1.132155 -0.2047053 19.87055 nan 0 0.0
-0.0168032 -0.01391946 -1.084347 -0.84578 0.9128722 0.8163211 0.2340171 18.23465 nan 0 0.0
0.02318929 -0.03431987 -2.799468 -0.6575421 1.934467 1.728956 0.6421355 20.19902 0.368515 0 0.0
0.03932696 0.01802023 -1.933135 -1.527933 0.7332531 0.7197909 0.4436732 19.29774 nan 0 0.0
-0.03068853 -0.01187627 -1.043381 -1.276161 0.4257999 0.3779389 0.3285443 18.39864 nan 0 0.0
0.004786906 -0.004219264 -2.007982 -0.8076108 0.274587 0.266031 0.266958 15.74275 1.034092 0 0.0
-0.05395222 0.0185797 -0.499491 -0.2913365 1.634527 1.484086 0.3596648 20.01779 nan 0 0.0
0.03645862 0.01521372 0.1232266 2.54447 0.3660776 0.3424015 0.2933051 18.15771 0.9115696 0 0.0
0.00373198 -0.08105864 -2.718186 -2.093344 0.3643838 0.3766792 0.4536576 18.30622 1.553606 0 0.0
-0.06812321 -0.02996931 -2.714202 -1.646221 0.6698778 0.5740913 0.5053243 19.15098 1.17911 0 0.0
-0.01264672 -0.02617546 -2.52421 -1.026725 0.5991021 0.5396991 0.4431374 18.56281 1.057997 0 0.0
-0.04765768 0.003223107 -4.850806 -2.189741 0.8330381 0.6846309 0.538223 19.32477 1.078394 0 0.0
-0.07200052 -0.0488167 -2.424792 -1.986753 0.9914219 0.8304548 0.4464691 19.62567 0.817028 1 0.9055314
-0.0006044445 -0.007473085 -2.882591 -2.365295 0.2834071 0.2578739 0.242685 16.46489 0.8549004 0 0.0
-0.001893216 1.514883e-05 -5.825608 -2.84225 1.106928 1.114402 0.2638734 15.67961 nan 0 0.0
-0.0151759 0.005970634 -3.110089 -1.884606 0.752862 0.7004433 0.5067212 18.70713 0.9602966 0 0.0
0.003654115 -0.05526367 0.3272447 -2.238452 1.97454 1.804521 0.5290452 20.20482 0.5783062 0 0.0
0.006446082 0.03076713 -1.577987 2.825273 1.864814 1.775173 0.4707993 19.94148 0.8400478 0 0.0
-0.002206619 -0.0969506 -2.99144 0.04863202 0.5851785 0.5697324 0.3495862 16.85015 1.050416 0 0.0
-0.04835806 -0.01640577 -2.925437 -1.323498 0.2895883 0.2502854 0.4091354 17.77545 1.210232 1 0.995443
-0.01458162 -0.09814948 1.790302 -4.160427 0.277819 0.2617235 0.3432604 17.8669 0.8699799 1 0.0
-0.01376638 0.08242498 -3.269832 -8.515666 1.066583 0.9795318 0.3585052 19.76169 0.8792534 0 0.0
0.003549498 -0.04085938 -2.563138 -1.395048 0.2959118 0.3121475 0.3807572 17.7995 1.356487 1 0.9950721
-0.07698899 0.009895311 1.752435 -3.7112 0.6917951 0.6119428 0.4595267 19.12736 1.028921 0 0.0
-0.01133451 -0.005072391 -2.217735 -1.102954 0.2880274 0.2583081 0.1739269 17.53858 nan 0 0.0
0.04376665 0.004848088 -0.3720272 -1.431283 0.7690377 0.747591 0.4285952 19.46997 1.81851 0 0.0
0.05784205 0.01146497 -3.066724 -3.31003 2.027762 1.744771 0.3829921 20.26807 nan 0 0.0
-0.008844607 0.08887429 -0.6150471 -1.523133 2.043892 1.824354 0.4803926 20.16607 nan 0 0.0
-0.02091116 0.01247935 3.567511 -0.2984664 1.175302 1.095712 0.8874381 18.79677 0.7990723 0 0.0
-0.0512064 -0.0005113769 0.3593025 -6.563869 1.20614 1.018708 0.4264257 19.62454 1.055103 0 0.0
0.002706638 -0.09813317 -2.020602 -1.386098 0.4602393 0.4244088 0.4733486 18.46687 0.2546883 1 0.9438847
-0.03016782 -0.07968423 -3.499847 -2.835854 0.7830252 0.74998 0.495339 19.44548 1.132637 1 0.8142692
0.01185696 -0.04096875 -5.503888 -7.301859 1.916822 1.76051 0.4498766 20.2454 0.9938354 0 0.0
0.03751515 -0.04171913 -3.804341 -2.862478 0.3168464 0.3058581 0.3687983 18.15576 0.9867706 1 0.004134257
-0.01728247 0.01945333 -2.758774 -1.42583 0.05875584 0.04819149 0.1001934 14.61232 1.921151 1 0.9994783
-0.04090163 0.0113286 -4.066231 -3.585509 1.774043 1.637397 0.6093708 19.81204 0.6776104 0 0.0
-0.008686627 0.08849474 -10.49394 -2.259809 0.6144444 0.5572359 0.373277 18.96405 1.238913 0 0.0
-0.02206994 -0.09712474 -2.611941 -1.245256 0.113438 0.1086447 0.3462158 16.29961 1.686363 1 0.9975177
-0.09884819 -0.01475976 -0.7789908 -16.41991 0.8159467 0.7230253 0.4453037 19.34763 0.8675308 0 0.0
0.04608259 0.007770985 -2.853667 -3.340377 1.237954 1.200552 0.4056706 19.74926 1.195465 0 0.0
-0.03369473 0.01213054 -2.820668 -1.486018 0.1163413 0.1021121 0.2995343 16.27025 1.330406 1 0.9986983
0.02360021 0.03396883 -3.08824 -0.6486987 0.857518 0.6842528 -0.3504641 18.86596 1.24522 0 0.0
-0.02579876 -0.006116563 -4.882923 -0.02237018 1.72236 1.773953 0.6425247 19.96737 nan 0 0.0
-0.06095213 -0.01920901 -3.292957 -1.485198 0.6291151 0.5235353 0.5772696 18.72468 0.3168182 0 0.0
-0.05581778 0.06081497 -2.757865 -1.780624 0.5637944 0.5243433 0.2499801 19.14707 1.150486 0 0.0
-0.03831515 -0.0775318 -2.061598 -3.956521 1.46479 1.294556 0.3466837 20.07212 1.421675 1 0.3379761
0.05157869 0.005607202 -4.156682 -4.344207 1.666385 1.549785 0.4495611 20.28807 0.8323936 0 0.0
-0.04300011 -0.06127171 -3.105139 -2.945975 0.2623507 0.2371375 0.3285157 17.85463 1.118221 0 0.0
-0.002578896 0.07057748 -2.598928 -3.537871 2.164911 2.137477 0.5183179 20.16597 1.137554 0 0.0
0.0472213 -0.03056727 -2.181954 -0.9435 1.297818 1.381055 0.7148013 19.55684 0.8824596 0 0.0
0.01322155 -0.05898764 -2.288162 -0.01945741 0.8487658 0.7959006 0.4138641 19.5765 0.8437252 0 0.0
-0.0534737 0.00944758 -4.867971 -4.663318 1.142275 0.9638685 0.4242909 19.66466 0.9372578 0 0.0
-0.0195761 -0.08614362 -1.104611 -3.582585 0.1752737 0.169564 0.3661949 16.86608 1.34795 0 0.0
-0.001893209 -0.0003453401 -3.396129 -2.628829 0.3631105 0.3266827 0.1263275 14.71996 0.7997646 0 0.0
0.01183432 -0.01093373 -3.554429 -2.278528 0.7120272 0.9012455 0.9204865 17.75393 0.9106636 0 0.0
-0.03657862 0.05686445 -2.075668 -5.574378 0.6127383 0.5623176 0.4049005 19.07192 1.156528 0 0.0
0.07061434 -0.004054023 -0.7554587 1.524608 1.082669 1.028494 0.3767724 19.8661 0.9305038 0 0.0
-0.02123283 -0.08036852 -5.048551 -1.818902 1.923254 1.841248 0.589244 20.27579 0.7319641 0 0.0
0.005993952 -0.04842213 -2.933446 -3.194031 1.437849 1.238374 0.1817143 20.01585 nan 0 0.0
-0.05145098 0.01439824 -2.307681 -0.6711077 0.3012901 0.2667357 0.4093506 17.90292 1.25515 0 0.0
0.003078184 0.01909051 -0.7588517 -1.409216 2.752886 2.639078 0.2246783 20.07495 nan 0 0.0
-0.03632423 0.009764479 -0.1336052 -1.27496 1.836174 1.553401 0.3556986 19.78281 1.115431 0 0.0
-0.005602572 0.01710485 -13.84974 -11.31214 1.587877 1.449766 0.31332 19.83207 nan 0 0.0
-0.05880486 0.03917817 -1.672694 -1.775159 0.4045894 0.3558377 0.2851522 18.04285 1.317797 1 0.5857665
0.09173677 -0.02769988 -2.140734 -3.371332 0.9011557 0.8741967 0.5376814 19.23856 0.9772015 0 0.0
0.05495262 0.01849522 -0.8610028 -9.918801 0.8192948 0.7899336 0.3963103 19.40254 nan 0 0.0
0.019416 0.02913654 -4.067227 -0.9148363 1.361893 1.091218 -0.3347921 19.33344 nan 0 0.0
-0.01684523 -0.07483254 2.094155 0.7142273 2.141327 2.025815 0.4971611 20.24825 nan 0 0.0
-0.01362237 -0.006266685 -3.273664 -2.37316 0.2512708 0.224558 0.1472328 16.95207 1.166177 0 0.0
-0.004387362 -0.09745231 1.744411 -5.694101 0.3414667 0.3456919 0.4135719 17.62959 1.05492 0 0.0
-0.05212431 0.04378822 -0.5166619 -2.30318 0.3402645 0.3015298 0.3723489 18.13722 1.050259 0 0.0
-0.01865244 0.03027156 -2.670682 -1.534627 0.09991971 0.08937681 0.2315095 15.79519 1.633247 1 0.9982459
-0.0466899 0.0144159 1.577541 5.770754 1.463052 1.257563 0.6083657 19.5376 0.8703098 0 0.0
-0.01141525 0.01063652 -2.663719 -0.5091245 0.1658101 0.1395827 0.0217017 16.33524 1.151582 0 0.0
-0.03680007 0.01608335 -2.85879 0.255046 1.111855 0.8869796 0.484813 19.62187 -0.4606876 0 0.0
-0.03358121 -0.08798994 -2.527452 -0.8912564 0.9913337 0.8708687 0.07720318 19.36068 1.294712 0 0.0
-0.01046853 0.0125249 0.0469948 -6.361878 0.7377246 0.6869681 0.4325761 19.14601 nan 0 0.0
0.06859464 0.003536763 -4.930604 -0.04362466 1.178367 1.094526 0.2663873 19.76402 0.684309 0 0.0
0.07095685 -0.003216946 2.143115 -2.763495 0.4727022 0.4437681 0.2971878 18.61607 0.8970642 1 0.0
0.04817332 -0.01945552 0.4176201 0.7360684 0.2936978 0.2809612 0.3684349 17.90594 0.9724083 1 0.0
0.02031118 -0.09342029 -2.619855 -6.853815 0.8183952 0.7757742 0.397353 19.37767 0.9587269 0 0.0
-0.01159505 -0.0255974 -2.601689 -1.58194 0.4032177 0.37934 0.5280373 18.14886 1.19809 0 0.0
-0.03943008 0.01490167 -2.754965 -2.479486 0.9133681 0.9331841 0.5196685 19.44612 0.9693813 0 0.0
-0.001262742 0.05697812 -2.302073 -4.043143 0.6858557 0.6176738 0.4330621 19.22843 1.308365 0 0.0
-0.01694599 0.05110202 -3.164294 -0.07471997 0.6610334 0.6014881 0.3889852 19.04154 1.161287 0 0.0
-0.01132837 -0.05771711 0.244769 -5.944376 0.6222971 0.5945664 0.4029403 19.13457 nan 0 0.0
0.02488138 0.002640314 -0.6203228 -0.3478299 1.168441 1.127229 0.4490103 19.78485 0.7812195 0 0.0
0.04033297 -0.0299748 3.047114 -5.889866 0.4753351 0.4991784 0.5848819 18.24153 0.9775467 0 0.0
-0.04315438 0.04961002 -12.03244 0.9002267 0.7118592 0.6545913 0.3796526 19.15036 1.33317 0 0.0
-0.08300238 0.02899247 -11.30738 -7.067892 1.151156 1.096973 0.401775 20.02873 1.03154 0 0.0
0.07140742 -0.03430134 -1.900711 -0.7086896 0.9126944 0.9970921 0.6291362 19.24537 nan 0 0.0
0.001341819 0.00522222 -3.717117 -0.2193829 1.327315 1.113697 0.06461401 17.59175 nan 0 0.0
0.004050317 -0.009189781 -1.694185 -0.7861163 0.3361253 0.3284677 0.327727 17.43844 0.8882675 0 0.0
0.0868675 -0.03336978 -0.1664899 -0.7024576 1.03442 0.9716206 0.3438663 19.70698 1.152067 0 0.0
0.01445677 -0.06002542 -1.312885 -1.795957 0.1665948 0.1781612 0.3764449 16.94605 1.224171 1 0.0
0.03647499 -0.01131941 -7.199202 -1.224175 1.637083 1.621671 0.5513038 19.52861 0.9645748 0 0.0
-0.03134584 -0.01225795 -3.191372 -0.564081 0.6890174 0.6267362 0.4255399 18.96672 nan 0 0.0
0.008632091 0.05763387 -0.7339998 -7.387417 0.776511 0.7023529 0.3066292 19.365 0.859827 0 0.0
-0.06484603 -0.01590991 2.60262 -8.79148 0.8030401 0.6970152 0.4795784 19.46041 0.9942226 0 0.0
0.03103595 0.002905575 -3.572441 -9.227156 0.3426879 0.3306663 0.3635852 18.2225 0.9281368 0 0.0
-0.03509019 0.01591804 -3.166838 -1.151573 0.2040172 0.1625498 0.4259612 16.99781 1.289991 1 0.958844
-0.05243746 0.03896818 1.706024 -2.472827 0.4579759 0.4132417 0.3819685 18.56656 1.274725 0 0.0
0.006707349 0.004327451 -4.954618 -3.45744 0.4147836 0.3993404 0.3254359 15.50313 1.242791 0 0.0
-0.01383483 0.008328317 -2.961336 -1.43251 0.132946 0.1203946 0.2780515 16.60001 1.138725 0 0.0
-0.07031973 -0.01025842 -3.615672 -2.456479 0.467469 0.4106892 0.4510918 18.60031 1.245171 1 0.7835949
0.02386935 -0.0486137 -1.471584 -5.748244 0.1982551 0.2088706 0.3479374 17.12892 1.108604 0 0.0
-0.07730343 0.00839207 -1.312896 -3.111398 3.077582 2.911945 0.6393678 20.52695 1.701376 0 0.0
-0.008097606 -0.03039784 -3.579612 -0.9804418 0.5203866 0.497796 0.385774 18.8385 1.109318 0 0.0
-0.03483535 -0.03464187 -4.160618 -5.212403 2.707338 2.042198 0.2205873 20.3464 1.571398 0 0.0
0.0007367235 -0.01474581 -0.9775278 -1.306186 0.6202023 0.5803477 0.1142213 18.19656 0.6867085 0 0.0
-0.03294855 0.06136327 -3.515797 -3.745041 0.5306467 0.4843489 0.4095968 18.84074 1.131933 0 0.0
0.0181429 -0.0261172 -2.28556 -2.923382 2.326747 2.525083 0.8329418 20.06776 nan 0 0.0
-0.02858941 -0.08537909 -3.052636 -1.211619 0.5915153 0.5514469 0.3760117 18.9857 1.185852 1 0.9729021
0.02137782 -0.02238708 -2.440745 -1.334241 0.4189795 0.4087127 0.363132 18.35631 nan 0 0.0
-0.0797946 -0.03293647 -5.078669 -9.290356 1.564895 1.395714 0.5749827 20.15315 0.7037678 0 0.0
0.02144224 -0.08786253 -4.88599 -6.345423 1.9986 1.697138 0.3728038 20.21101 1.167463 0 0.0
-0.05349118 -0.05440093 6.604157 -1.162529 0.9410479 0.8305231 0.4031332 19.66406 1.705196 0 0.0
-0.03082932 0.01750449 -2.176042 -1.146283 0.435324 0.3991305 0.5032375 18.25705 1.159519 0 0.0
-0.01053921 -0.06335514 -0.4154504 -2.090393 1.438143 1.20157 0.1773836 20.04626 nan 0 0.0
0.01440861 -0.03029748 -2.548812 -1.287576 1.02754 1.266658 0.5907256 19.53798 0.8494606 0 0.0
-0.0947029 0.02211152 -0.7836782 -3.911017 0.3156345 0.2852363 0.241092 18.00378 1.174473 0 0.0
-0.007101855 0.0156113 -2.740409 -0.1488735 0.4877399 0.4316955 0.2527965 18.53333 0.9344368 0 0.0
0.06309442 -0.001422439 -6.665627 -1.963755 0.2664476 0.2547038 0.3144888 17.69503 1.024763 1 0.0
0.01870554 0.02840616 -1.713556 -0.9928834 0.6461048 0.5325652 -0.2102288 18.72392 1.10335 0 0.0
-0.07015951 0.02287045 -3.044065 -1.606939 0.3200978 0.2745066 0.3438473 18.00355 1.05854 1 0.9902248
-0.01372957 0.00796975 -2.582159 -1.485802 0.168964 0.1509618 0.1870194 16.62767 1.606125 0 0.0
-0.01941558 0.03123653 -2.683596 -1.204359 0.1529213 0.1314816 0.3086338 16.60765 1.302664 0 0.0
0.0535618 -0.07085947 -4.367796 -3.126947 0.6770509 0.6159048 0.2170262 18.96054 1.146168 0 0.0
-0.02511528 -0.004987233 -2.433116 -0.5864564 0.3113995 0.2870921 0.3419655 17.91793 1.143017 0 0.0
0.06421385 -0.05860549 -2.578942 -5.186116 0.8725519 0.7916383 0.3130029 19.6446 1.131824 1 0.0002443341
-0.06346805 -0.07234934 7.879503 0.06860736 2.566945 1.967429 0.5244868 20.33067 1.014383 0 0.0
-0.07643792 0.01155132 -1.816925 -1.364064 1.04615 0.9598333 0.4986211 19.56747 1.026567 0 0.0
-0.01282608 -0.06177041 -1.765079 -6.752483 0.6715191 0.6564297 0.4627405 19.23626 nan 0 0.0
-0.01517306 -0.01228269 -3.668704 -1.020566 0.9977525 0.7289046 -0.3632858 19.09056 0.8383408 0 0.0
0.07785351 -0.06119227 -3.62213 -2.133804 0.5942634 0.5459733 0.3322284 19.11837 1.144302 0 0.0
-0.02232581 -0.01267317 -3.384712 -1.33561 0.4388128 0.3727033 0.3102941 18.56569 nan 0 0.0
-0.06388526 -0.0373822 -5.715257 -3.068619 1.163685 1.0076 0.4780336 19.83585 1.374207 0 0.0
-0.08652836 0.0001293005 -3.822006 -2.111662 0.474772 0.4194723 0.4711198 18.59452 1.124399 1 0.8651658
0.05198914 -0.01382699 2.169453 -11.2541 0.5761009 0.5491094 0.3191815 18.87255 0.7981701 0 0.0
-0.02535197 -0.00498348 -2.594899 -2.493775 0.571788 0.5773664 0.7085927 18.28941 nan 0 0.0
0.0009479306 0.07113064 -1.729619 -5.194698 0.9720981 0.9064836 0.4139649 19.68745 0.8357773 0 0.0
-0.08697501 -0.0003937112 3.473264 -3.566957 1.848424 1.655842 0.7426418 20.05426 1.181854 0 0.0
-0.009077749 0.04825159 -4.176337 -3.554437 1.245233 1.142258 0.5621502 19.93484 0.9288177 0 0.0
-0.09717627 0.02267557 -6.005432 -7.690176 0.3500548 0.3546051 0.4623194 18.10232 1.047516 1 0.0
-0.02766008 -0.02685758 -3.868621 -6.461933 1.216299 0.8790714 -0.1082373 19.54079 nan 0 0.0
-0.02832272 -0.008629242 -6.622067 -3.618024 1.88567 1.75759 0.6372739 20.15915 nan 0 0.0
-0.03225375 0.02944594 -2.428763 -2.086329 0.3128964 0.2685887 0.3110544 17.98721 1.241907 0 0.0
0.00244656 0.007629272 0.5270935 -10.90504 1.862375 1.51588 -0.203018 17.96286 nan 0 0.0
-0.05754084 -0.007194451 -1.744216 -1.465616 0.9802131 0.8169344 0.4802897 19.6558 1.180635 0 0.0
0.05224018 0.01295205 -2.100622 -6.045861 0.5000828 0.4796925 0.3710207 18.78795 1.015484 0 0.0
-0.02303822 -0.002570109 -78.9084 -86.81779 2.196979 2.176104 0.6294962 19.85664 nan 0 0.0
-0.07008808 0.06991525 0.5654482 2.278367 1.70631 1.524181 0.2390351 20.0817 1.02907 0 0.0
-0.03306439 0.01493837 0.01381169 -1.988308 0.7775208 0.4898035 -0.5926868 17.80623 1.261307 0 0.0
-0.03375789 -0.03326248 -1.615488 -6.608253 2.380626 1.723041 0.13073 20.15052 1.184271 0 0.0
-0.01936529 -0.08909996 -6.426784 -4.377326 0.3194625 0.3102649 0.4336852 17.93546 0.8665733 1 0.0
-0.03174826 0.01214836 0.7700147 -5.070973 0.5474343 0.4543443 0.298559 18.44418 nan 0 0.0
-0.008512923 -0.09152455 -2.314596 -1.436398 0.2728412 0.2656933 0.3967933 17.88518 1.334457 0 0.0
