scripts/get_globular_clusters/output/NGC_5466.csv
# %ECSV 0.9
# ---
# datatype:
# - {name: x, unit: deg, datatype: float64}
# - {name: y, unit: deg, datatype: float64}
# - {name: pmx, unit: mas / yr, datatype: float64}
# - {name: pmy, unit: mas / yr, datatype: float64}
# - {name: pmx_e, unit: mas / yr, datatype: float64}
# - {name: pmy_e, unit: mas / yr, datatype: float64}
# - {name: pm_corr, datatype: float64}
# - {name: g_mag, unit: mag, datatype: float64}
# - {name: bp_rp, unit: mag, datatype: float64}
# - {name: filter, datatype: int64}
# - {name: memberprob, datatype: float64}
# meta: !!omap
# - comments: [deg deg mas/yr mas/yr mas/yr mas/yr dimless mag   mag   zeroone float]
# - __serialized_columns__:
#     bp_rp:
#       __class__: astropy.units.quantity.Quantity
#       unit: &id001 !astropy.units.Unit {unit: mag}
#       value: !astropy.table.SerializedColumn {name: bp_rp}
#     g_mag:
#       __class__: astropy.units.quantity.Quantity
#       unit: *id001
#       value: !astropy.table.SerializedColumn {name: g_mag}
#     pm_corr:
#       __class__: astropy.units.quantity.Quantity
#       unit: !astropy.units.Unit {unit: ''}
#       value: !astropy.table.SerializedColumn {name: pm_corr}
#     pmx:
#       __class__: astropy.units.quantity.Quantity
#       unit: !astropy.units.Unit {unit: mas / yr}
#       value: !astropy.table.SerializedColumn {name: pmx}
#     pmx_e:
#       __class__: astropy.units.quantity.Quantity
#       unit: !astropy.units.Unit {unit: mas / yr}
#       value: !astropy.table.SerializedColumn {name: pmx_e}
#     pmy:
#       __class__: astropy.units.quantity.Quantity
#       unit: !astropy.units.Unit {unit: mas / yr}
#       value: !astropy.table.SerializedColumn {name: pmy}
#     pmy_e:
#       __class__: astropy.units.quantity.Quantity
#       unit: !astropy.units.Unit {unit: mas / yr}
#       value: !astropy.table.SerializedColumn {name: pmy_e}
#     x:
#       __class__: astropy.units.quantity.Quantity
#       unit: &id002 !astropy.units.Unit {unit: deg}
#       value: !astropy.table.SerializedColumn {name: x}
#     y:
#       __class__: astropy.units.quantity.Quantity
#       unit: *id002
#       value: !astropy.table.SerializedColumn {name: y}
# schema: astropy-2.0
x y pmx pmy pmx_e pmy_e pm_corr g_mag bp_rp filter memberprob
[from data line 650]
0.02268398 0.0166965 -5.089924 0.01306564 0.6420562 0.6485431 0.0997381 19.59659 0.6155872 0 0.0
0.1400001 -0.01209784 -5.413739 1.09483 1.382858 1.086396 0.001693659 20.15269 0.6157818 1 0.9857657
0.09685631 -0.1432764 -5.429847 -0.5066195 0.1212801 0.1110854 0.3088752 16.52636 0.2876816 1 0.9973367
-0.0635942 0.03578101 -6.296924 -1.157029 2.207953 3.848088 -0.369768 20.76214 0.4988575 0 0.0
-0.04090894 -0.03900403 -4.789685 -0.7223564 0.7343081 0.6319934 0.2563731 19.6668 0.7487583 0 0.0
-0.1208126 0.1545291 -1.626043 -8.462499 0.7206489 0.7058834 0.3785698 19.60743 0.6449833 0 0.0
0.01213642 0.01025173 -5.468898 -0.7353317 0.09782232 0.1180258 0.3171458 16.35031 0.6876154 1 0.9999955
-0.02647397 -0.01702073 -4.026788 -4.186271 2.565984 3.304837 -0.546063 20.69131 nan 0 0.0
0.01621457 -0.01139613 -2.684946 -3.061948 1.427645 1.526839 -0.3961512 20.34573 1.143627 0 0.0
0.01426769 0.009996413 -5.375142 -0.8139296 0.04829222 0.05293205 0.1256632 14.69757 1.220938 1 0.9999989
0.006804331 -0.03172186 -5.64557 0.001067684 0.9220748 0.69297 0.3644088 19.73409 0.5679951 0 0.0
-0.04943671 -0.007914405 -5.642745 -0.7704449 0.5106923 0.4882848 0.1737023 19.34107 0.602293 0 0.0
-0.02529558 -0.07912808 -5.744851 0.4726117 1.030954 0.9739887 0.1388085 20.17213 0.6535664 1 0.9981431
-0.04567392 -0.0180384 -5.327997 1.306695 0.8192082 0.7581632 0.1657858 19.96487 0.6508141 0 0.0
0.06560177 0.01543465 -4.877077 -1.910949 1.374687 1.49152 -0.124854 20.39131 0.8087673 0 0.0
0.01179335 -0.03841049 -5.304241 1.190751 1.520258 1.394498 -0.103882 20.39131 0.6818829 0 0.0
-0.01795924 -0.01126042 -3.534577 2.408572 1.517975 1.216977 0.4627206 20.24791 nan 0 0.0
-0.007157988 -0.07881044 -4.958018 -0.2420946 0.7698966 0.7208143 0.1996703 19.76826 0.5935802 1 0.9993434
-0.1097338 -0.08096992 -5.227039 -0.6604126 0.1188893 0.1100829 0.1879908 16.73009 0.1054955 1 0.9998201
0.00908049 0.008084675 -5.706827 -0.7193734 0.1186798 0.13229 0.2634828 16.65216 0.1736412 1 0.999905
-0.01133396 0.0106293 -5.369498 -0.8966514 0.9754447 0.9180112 0.1931641 20.09049 0.5053043 0 0.0
-0.01034361 -0.005087359 -5.289425 -2.633142 1.108488 1.153831 0.02715098 20.12517 0.5753517 0 0.0
-0.1516666 0.006024782 -8.625703 -2.308658 3.143229 2.807755 0.04183006 20.88618 0.8000965 0 0.0
0.08081376 0.016479 -2.72702 -0.4587977 1.617451 1.555505 -0.01872624 20.6819 0.6730061 1 0.9929939
0.02506096 -0.002691164 -5.092802 -0.1867919 0.7396282 0.7086132 0.1507968 19.83325 0.568264 0 0.0
0.01148079 -0.0004485689 -9.383396 -3.763728 0.6812483 0.6415696 0.1913797 19.64799 0.5279083 0 0.0
-0.01001251 -0.04781581 -6.746262 -1.435596 1.097424 0.949487 0.2848534 20.15701 0.5543156 0 0.0
0.02187929 0.01909196 -6.571388 -0.02267635 0.9919514 1.005138 0.176872 19.97724 nan 0 0.0
-0.03659937 -0.02494273 -5.674731 -1.957315 0.8025904 0.72486 0.1760847 19.69936 0.6601486 0 0.0
0.03016397 0.0131755 -4.441527 -0.5724376 0.5430207 0.5503665 0.1565278 19.41948 0.5209103 0 0.0
0.001236771 0.1957003 -7.455579 -1.59994 2.096896 1.954428 -0.01924676 20.77509 0.6449203 0 0.0
-0.02169289 -0.04323832 -5.103918 -2.656417 0.840251 0.7930711 0.2319888 19.80731 0.6821518 0 0.0
-0.001482212 -0.000996593 -4.417179 -1.665215 0.4834703 0.4705558 0.2244702 19.01208 0.4501324 0 0.0
-0.01597377 -0.002837891 -4.37807 -2.28298 0.4099544 0.3918867 0.151549 18.85091 0.8847408 0 0.0
-0.003506374 0.0007811039 -6.344119 -0.1777203 1.006181 1.007986 0.126956 20.20648 0.6101665 0 0.0
0.03658871 -0.03813587 -5.524798 -0.4970866 0.5701374 0.5042453 0.2136778 19.37477 0.6603947 1 0.9998315
0.09603975 -0.07183946 -0.4064552 -8.978983 0.1837813 0.1719363 0.2573425 17.54868 0.7227077 1 0.0
0.03387999 -0.164281 -5.418784 -0.8440622 0.08080737 0.07064822 0.2569639 15.88918 1.073525 1 0.9999509
0.005774388 -0.07886965 -5.482106 -0.5579397 0.1029826 0.09704019 0.1827887 16.57074 0.2678089 1 0.9998152
-0.001133673 -0.001196869 -6.753879 -1.473885 0.8601814 0.851533 0.4906986 19.63231 nan 0 0.0
-0.01005969 0.0199809 -5.054271 -4.223021 1.122514 1.082735 0.2248326 19.74135 0.5705299 0 0.0
0.06915886 -0.09484786 -6.861764 -1.134935 1.57217 1.457543 -0.04650052 20.46003 0.551363 0 0.0
0.04528673 0.03628272 -5.307935 -1.044119 0.1316193 0.1378527 0.009784334 17.03198 0.9652519 1 0.9999466
0.01585295 -0.01387001 -6.648346 -4.801694 1.438615 1.470541 -0.09208045 20.27311 0.5577984 0 0.0
-0.01837041 0.01422373 -10.40666 -2.460909 1.410841 1.487921 0.02199592 20.21391 0.3703175 0 0.0
-0.1113856 0.1075065 -5.404393 -0.251303 0.5978765 0.610073 0.1702755 19.26212 0.7085953 0 0.0
-0.1300071 -0.006663251 -3.82481 1.439698 1.740423 1.526659 0.01622989 20.57616 0.5889416 0 0.0
0.0003275103 0.002644526 -8.693387 -0.2999101 1.572655 1.769669 0.3466564 20.29597 nan 0 0.0
0.01373104 0.01370613 -1.915706 -11.38116 2.291608 2.385915 -0.2785514 20.63869 0.584549 0 0.0
0.02280654 0.007781576 -7.184782 -1.928756 0.8669696 0.9975681 -0.1101602 19.06241 0.3918018 0 0.0
0.008534684 -0.03850045 -4.161462 -0.5373394 1.493684 1.194703 -0.1051106 20.29097 0.7491703 0 0.0
-0.00601337 -0.003086886 -7.615222 -2.512909 1.657077 1.139665 -0.1022284 19.90171 nan 0 0.0
0.06664104 -0.03840344 -5.570398 -0.8761154 0.3820497 0.3529916 0.1591356 18.80063 0.8757896 1 0.9998629
0.01413833 -0.02491953 -5.936903 -1.233418 1.374134 1.119829 0.08973732 20.26482 0.4143257 0 0.0
0.005808841 0.02628627 -0.8681382 0.2119652 2.298124 2.513186 -0.04213707 20.84231 0.3410797 0 0.0
-0.007045634 -0.00346257 -6.21871 -1.574109 1.068553 1.121457 -0.03872707 20.16623 0.8219395 0 0.0
-0.02708307 -0.03947007 -5.256474 -0.8024819 0.5742927 0.5319847 0.1683678 19.36162 0.7475548 1 0.9998548
0.0003007328 -0.008727087 -4.318827 -2.116385 0.6140737 0.6222075 0.3709926 19.45889 0.6023178 0 0.0
0.07589583 -0.003588062 -5.885508 -1.510671 0.6079985 0.6344209 0.09032844 19.57491 0.608923 1 0.9991984
0.01545997 0.01459711 -4.216015 0.04404693 0.9754571 0.967312 0.3737292 19.97811 0.4220104 0 0.0
0.01188577 -0.02551299 -5.49163 -0.152752 1.264129 1.112024 0.2781205 20.10383 0.6084499 0 0.0
0.1688512 0.1049623 -1.090335 0.9248463 0.7070672 0.6877086 0.2828792 19.76552 0.3886871 1 4.880349e-05
0.008743459 0.0312513 -7.717121 -1.213502 1.035861 0.9924597 0.002455373 20.17935 0.6934452 0 0.0
0.06270468 -0.003793194 -4.628971 -1.202334 2.491473 3.677407 -0.403495 20.72055 0.6658726 0 0.0
-0.04398864 0.06840954 -5.33553 0.6944651 0.918569 0.8394514 0.1889112 20.09747 0.6514091 1 0.9978476
-0.0968416 -0.008095128 -3.846212 -1.794367 1.169739 1.056625 0.1297211 20.30949 0.7418861 1 0.9926508
0.02976186 0.0131792 -7.094582 -1.461119 1.495358 1.160277 -0.1252755 20.19249 nan 0 0.0
0.07635235 -0.004585276 -4.915251 -0.7576938 0.6654768 0.66394 0.09188075 19.67717 0.5858994 1 0.9995009
0.01292888 -0.003048117 -2.145092 -1.017955 2.318414 2.408789 0.03656796 20.67902 0.8868504 0 0.0
-0.05693648 -0.04320801 -5.217904 -1.36186 0.5719423 0.5391647 0.1498562 19.37171 0.5994129 1 0.9995216
-0.0285764 0.04177575 -4.95249 -2.051402 1.626821 1.424928 -0.01996802 20.63937 0.5702286 0 0.0
-0.04445569 0.009327716 -4.394018 -1.62825 1.307433 1.233193 -0.03151236 20.41887 0.8693256 0 0.0
-0.03037936 0.01625974 -1.01444 -1.27984 2.627515 3.522651 -0.5764245 20.67814 0.718914 0 0.0
-0.07482128 -0.01696125 -5.232771 -0.4514114 0.6881622 0.7022344 0.0957043 19.69142 0.4763088 0 0.0
0.05279831 -0.004798074 -4.820206 -2.753575 1.43824 1.273441 -0.06254749 20.35766 0.3716221 0 0.0
-0.008493462 -0.003552108 -5.361863 -0.7600193 0.4975913 0.4779695 0.1789394 19.12207 0.6477184 0 0.0
-0.03931472 -0.007331204 -6.584622 -1.142296 1.090254 1.035307 -0.02047875 20.21615 0.8128529 0 0.0
0.03281962 -0.07860912 -6.22268 -1.420425 1.617613 1.35934 0.03704078 20.54223 0.6229916 0 0.0
-0.1029606 0.06823134 -0.6760823 -0.1211363 0.3595657 0.350201 0.1602786 18.64665 0.6811409 1 0.0
-0.003721076 -0.005392976 -4.769756 -1.78517 0.8668982 0.8209292 0.1983632 19.98248 0.451355 0 0.0
-0.02314838 -0.01455912 -6.001299 -1.194671 0.8167596 0.7766574 0.1830521 19.92798 0.5973854 0 0.0
-0.03469075 0.02978418 -5.442001 -1.978632 1.662118 1.351706 0.1722581 20.52416 0.4361877 0 0.0
-0.193773 -0.0101225 -11.49983 -3.122303 3.246366 3.065926 -0.05757329 20.86034 0.1382904 0 0.0
0.01503138 0.01239024 -4.438921 0.1199737 2.205488 2.572569 0.1925124 19.96689 0.5844231 0 0.0
-0.01756939 -0.00491474 -4.637245 0.5539001 0.684295 0.6349849 0.159341 19.69109 -0.07949257 0 0.0
-0.04522982 -0.1710974 -5.447048 -0.8740066 0.03184881 0.02955987 0.04572945 13.25336 1.517657 1 0.9998003
0.06423819 -0.07852218 -5.189527 -1.134814 0.4863488 0.4507714 0.229267 19.13363 0.7738438 1 0.9994288
-0.02436994 -0.02108961 -6.689767 -1.233612 1.778665 1.274838 0.03191111 20.47188 nan 0 0.0
0.06102051 -0.01235246 -7.966237 0.1125309 2.550016 2.163992 -0.0007760975 20.85473 0.7608757 0 0.0
-0.04034291 0.003344616 -5.3636 -1.72829 0.7510129 0.5952717 0.2514931 19.55895 0.5721645 0 0.0
-0.02441024 -0.02143292 1.017039 -9.413151 1.768809 1.666107 -0.07853763 20.0749 0.5512524 0 0.0
0.01150902 -0.01349865 -6.612369 -0.2005866 1.54423 1.037163 0.2791556 20.14233 nan 0 0.0
-0.0009326685 -0.009924898 -5.723076 -0.8697843 0.7301691 0.6689185 0.2574751 19.70089 0.6318665 0 0.0
-0.04373305 0.006466391 -2.13213 -1.349532 3.885543 2.433471 -0.04670505 20.83716 0.8129044 0 0.0
0.01166999 -0.01421961 -19.35935 -10.08201 1.871762 1.408013 0.2387608 20.06511 nan 0 0.0
-0.01985858 -0.05904106 -12.40948 -1.432032 3.096251 2.501098 0.2832582 20.84214 0.448761 0 0.0
-0.0004902212 -0.003382695 -3.315965 3.650423 0.7553982 0.7203575 0.2210389 19.35396 0.6129265 0 0.0
-0.03954017 -0.0007927281 -5.874815 -1.280297 1.413522 1.411719 -0.1222906 20.32455 0.6725521 0 0.0
0.06485623 -0.08004959 -5.925054 -2.912392 1.187095 1.152639 -0.09154756 20.14808 0.4894619 0 0.0
0.0128725 0.01951772 -5.469646 -1.538849 0.7739471 0.6812926 0.2244965 19.76706 0.6292629 0 0.0
0.02874409 -0.03931322 -5.382112 -1.207213 0.41042 0.3694938 0.1125702 18.76381 0.9006443 1 0.9998696
-0.02034629 -0.01460548 -6.713992 -1.671225 0.7221465 0.6980602 0.1260516 19.79872 0.6553612 0 0.0
-0.016969 0.06039086 -4.769433 0.6067642 1.604483 1.575208 -0.02073703 20.58407 0.8741055 0 0.0
0.01149565 -0.01378475 -5.202161 -1.360832 0.6160043 0.6069041 0.1585056 19.25549 0.5739555 0 0.0
0.00326315 0.004244841 -4.088808 -3.761745 1.114994 1.109771 0.242907 19.23822 0.7550926 0 0.0
0.0207196 -0.08160672 -5.621067 -2.140056 1.028046 0.9015744 0.006229375 20.02183 0.513073 0 0.0
0.06746704 0.03289188 -5.067822 -1.004395 0.493088 0.4846351 0.155554 19.14839 0.8436012 1 0.9997024
0.01473967 -0.01027673 -1.581699 6.590838 2.285507 1.949096 -0.1905934 20.48231 0.7884388 0 0.0
0.02091223 0.02944485 -3.393701 1.564525 1.752083 1.520167 -0.04019552 20.55066 nan 0 0.0
0.01161389 0.008203179 -5.891555 -0.3606968 0.4680632 0.4999006 0.3474271 18.94698 0.7447777 0 0.0
0.01194992 3.97645e-05 -4.454374 -2.99223 1.071777 1.385786 0.05941056 20.08409 0.5358505 0 0.0
0.04820476 0.01425986 -5.519996 0.4133438 0.8821991 0.9651397 0.4970215 19.6634 nan 0 0.0
-0.00990441 0.1032328 -7.382426 -19.9569 0.3113323 0.3251967 0.1313288 17.72446 1.054558 0 0.0
-0.0003024701 0.0212221 -7.66473 3.248454 2.579754 2.30402 0.03386225 20.59431 nan 0 0.0
-0.0581921 -0.009857337 -5.043981 -1.056074 0.5812077 0.5542526 0.1785098 19.50542 0.5982246 1 0.9997286
0.0008637251 0.0007161992 -5.062903 -0.8279663 0.1268691 0.1237116 0.2186071 17.04963 0.9866848 1 0.9998902
-0.1421082 0.1058288 -6.057178 -2.738204 0.4062481 0.4313079 0.2675263 18.72685 0.7383556 1 0.09503289
0.01127625 0.03178941 -3.038599 -9.61086 3.196802 2.996341 0.1605074 20.30033 0.5981979 0 0.0
0.06310969 -0.008517456 -2.619346 -2.004132 2.172665 4.058802 -0.1345866 20.87984 0.9966011 0 0.0
0.002552708 0.003811853 -1.741008 3.708328 1.593682 1.602962 0.4158633 20.33053 nan 0 0.0
-0.01488874 -0.008693611 -9.874541 -7.919117 1.0063 0.9920174 0.1349237 19.68921 0.4394016 0 0.0
0.02324149 -0.08039885 -6.136819 -1.163303 0.8872596 0.7671256 0.04844969 19.88931 0.567297 1 0.9988688
0.03191803 0.01915937 -21.11072 -14.66092 1.672723 1.571228 -0.2283775 20.07785 0.4335804 0 0.0
0.07760626 0.003899529 -5.627037 -1.629149 3.06389 2.572229 -0.02813246 20.84685 1.213276 0 0.0
-0.004673238 -0.01298037 -5.402834 -2.472201 0.751335 0.7760545 0.3132935 19.28486 0.4173889 0 0.0
-0.01772283 -0.04047723 -3.408643 -0.6600768 1.359498 1.27605 0.2039206 20.28989 0.6920834 1 0.9983619
0.009428907 0.009141376 -4.941742 0.3881018 1.032792 1.346734 0.1549594 20.13759 0.5263805 0 0.0
-0.06030864 0.1099234 -5.304815 -1.102035 0.575683 0.5585116 0.2605804 19.386 0.7656803 1 0.9988447
-0.01231445 -0.006532917 -5.071999 -1.128365 0.5117032 0.4885808 0.2093171 19.34158 0.4980507 0 0.0
0.003678719 0.003647855 -5.959389 1.003567 0.7440972 0.7014265 0.2460569 19.54056 0.4390564 0 0.0
0.01660573 -0.02642216 -12.13173 -2.519681 2.356891 1.890551 -0.08997415 20.25746 nan 0 0.0
0.01861157 0.004513463 -5.340228 -1.352487 0.4699016 0.446988 0.1891303 19.21106 0.6211281 0 0.0
0.03843616 0.007292115 -5.303296 -0.5529498 0.6585179 0.6755836 0.03037257 19.60431 0.5839558 0 0.0
-0.1852038 -0.008758896 -4.692372 -1.115201 0.5799532 0.6134007 0.212951 19.44783 0.5716782 1 0.9910166
0.009252793 0.03029576 -3.087967 0.1851425 1.950374 1.532553 0.1764751 20.64412 0.4857254 0 0.0
-0.02110018 -0.0300663 -5.115029 -1.503955 0.9424522 0.7243648 0.21001 19.42564 0.7533417 0 0.0
0.02489486 0.01944739 -4.106518 -2.597797 0.8232402 0.8211351 0.1601038 19.94851 0.5733814 0 0.0
-0.004324207 -0.002007409 -5.07062 -2.229004 0.9971946 0.9473503 0.07021348 20.09763 0.54846 0 0.0
-0.05406888 0.03069261 -5.906248 -6.939392 1.254267 1.205311 0.2347308 19.05784 0.6475315 0 0.0
0.03908351 -0.03951017 -5.102666 -1.274886 0.3375564 0.3117795 0.2098967 18.56364 0.8934021 1 0.999687
0.01704826 -0.02669484 0.2126819 2.227414 2.862502 2.122004 0.487446 20.77512 nan 0 0.0
-0.01369765 -0.02476128 -5.938949 -1.15911 0.474175 0.4322667 0.2145291 18.98167 0.7902756 0 0.0
0.01709618 0.008514824 -3.842972 -5.781833 0.7921836 0.7730408 0.1729381 19.33284 0.3778839 0 0.0
0.03419732 0.01667862 -5.484503 -0.1793559 0.5218037 0.5276467 0.1035327 19.29459 0.6675682 0 0.0
-0.05222193 -0.055448 -5.390384 -0.9784341 0.132216 0.1216003 0.1963047 16.79073 0.9987907 1 0.9999577
-0.02797184 -0.0534011 -5.299722 -0.3659241 0.8175006 0.7419121 0.2751124 19.7571 0.6468468 0 0.0
-0.02640714 -0.01782946 -6.676916 -0.01974943 0.9874634 0.8919441 0.1560546 19.96218 nan 0 0.0
0.003048687 0.003788978 -7.559114 1.482926 0.771594 1.28639 -0.6035795 19.27391 nan 0 0.0
0.02707285 -0.006762855 -6.050355 0.2744467 1.185851 1.162074 -0.01791466 20.3243 0.572834 0 0.0
-0.0009058963 -0.01468373 -5.416821 0.4586709 1.021632 0.9704795 0.2912273 20.09574 -0.008985519 0 0.0
0.004000402 0.00451571 -4.617316 -2.553322 0.86709 0.8926876 0.272647 19.63398 0.5728703 0 0.0
0.04874368 0.008251961 -5.011481 0.03865268 0.492821 0.5023112 0.1439598 19.17886 0.6737766 0 0.0
0.09476312 -0.06932101 -5.719509 -0.3805645 0.8783628 0.8015183 0.2578959 19.90984 0.5780277 1 0.9980726
0.09404175 0.1074056 -5.395664 -0.9924048 0.1892393 0.1944174 0.2267845 17.87782 0.9377995 1 0.9997486
0.006238513 0.01262396 -3.01191 -0.585625 0.7301683 0.7067053 0.2277074 19.71376 0.8404274 0 0.0
-0.03556402 -0.01637718 -5.262033 -0.3684361 1.155804 1.206306 0.1620968 19.41084 0.5651474 0 0.0
0.08566835 0.0626197 -6.21162 -1.636338 1.099303 1.070262 -0.003635418 20.18128 0.6146069 1 0.9959699
-0.01066586 -0.01007123 -5.369145 -0.1845873 0.7733436 0.7280925 0.2333458 19.81847 0.5748711 0 0.0
-0.01507641 -0.008598217 -7.697778 -1.036575 1.477884 1.586184 0.3757327 20.36974 nan 0 0.0
-0.002661161 0.02789595 -4.212045 -0.3734718 1.205282 1.238261 -0.0408279 20.31012 0.5953045 0 0.0
-0.02536322 -0.02560979 -0.5760536 -8.600662 2.842996 3.4376 -0.07770583 20.67032 nan 0 0.0
-0.01704769 -0.01187474 -5.180619 -0.428076 0.1942888 0.1903528 0.1722133 17.88653 0.8964043 1 0.9999378
