scripts/get_globular_clusters/output/NGC_5466.csv
# %ECSV 0.9
# ---
# datatype:
# - {name: x, unit: deg, datatype: float64}
# - {name: y, unit: deg, datatype: float64}
# - {name: pmx, unit: mas / yr, datatype: float64}
# - {name: pmy, unit: mas / yr, datatype: float64}
# - {name: pmx_e, unit: mas / yr, datatype: float64}
# - {name: pmy_e, unit: mas / yr, datatype: float64}
# - {name: pm_corr, datatype: float64}
# - {name: g_mag, unit: mag, datatype: float64}
# - {name: bp_rp, unit: mag, datatype: float64}
# - {name: filter, datatype: int64}
# - {name: memberprob, datatype: float64}
# meta: !!omap
# - comments: [deg deg mas/yr mas/yr mas/yr mas/yr dimless mag   mag   zeroone float]
# - __serialized_columns__:
#     bp_rp:
#       __class__: astropy.units.quantity.Quantity
#       unit: &id001 !astropy.units.Unit {unit: mag}
#       value: !astropy.table.SerializedColumn {name: bp_rp}
#     g_mag:
#       __class__: astropy.units.quantity.Quantity
#       unit: *id001
#       value: !astropy.table.SerializedColumn {name: g_mag}
#     pm_corr:
#       __class__: astropy.units.quantity.Quantity
#       unit: !astropy.units.Unit {unit: ''}
#       value: !astropy.table.SerializedColumn {name: pm_corr}
#     pmx:
#       __class__: astropy.units.quantity.Quantity
#       unit: !astropy.units.Unit {unit: mas / yr}
#       value: !astropy.table.SerializedColumn {name: pmx}
#     pmx_e:
#       __class__: astropy.units.quantity.Quantity
#       unit: !astropy.units.Unit {unit: mas / yr}
#       value: !astropy.table.SerializedColumn {name: pmx_e}
#     pmy:
#       __class__: astropy.units.quantity.Quantity
#       unit: !astropy.units.Unit {unit: mas / yr}
#       value: !astropy.table.SerializedColumn {name: pmy}
#     pmy_e:
#       __class__: astropy.units.quantity.Quantity
#       unit: !astropy.units.Unit {unit: mas / yr}
#       value: !astropy.table.SerializedColumn {name: pmy_e}
#     x:
#       __class__: astropy.units.quantity.Quantity
#       unit: &id002 !astropy.units.Unit {unit: deg}
#       value: !astropy.table.SerializedColumn {name: x}
#     y:
#       __class__: astropy.units.quantity.Quantity
#       unit: *id002
#       value: !astropy.table.SerializedColumn {name: y}
# schema: astropy-2.0
x y pmx pmy pmx_e pmy_e pm_corr g_mag bp_rp filter memberprob
[from data line 2443]
-0.004646643 -0.01795855 -5.397531 -0.4132051 0.6458395 0.6507578 0.3568263 19.50801 0.6873322 0 0.0
-0.001066626 0.0007238305 -5.265069 -0.7094635 3.178595 3.484889 -0.1191265 20.31889 0.6533718 0 0.0
0.1753339 0.03209303 -5.231362 -1.546886 0.7503121 0.7360702 0.2978287 19.8584 0.5488968 1 0.9910474
-0.03409052 -0.02043269 -5.289187 -0.7487666 0.9906405 0.9239309 0.1988344 20.05527 0.4782314 0 0.0
0.006866306 0.04605028 -5.6243 -0.3413539 0.1162432 0.1242224 0.2108105 16.66945 0.1340141 1 0.9772168
0.0297848 -0.0205637 -7.447234 -0.02983073 2.043347 2.025252 -0.1948643 20.76395 0.3160191 0 0.0
0.06443906 0.009898803 -3.321036 -2.822838 1.25629 1.296756 -0.08679993 20.38074 0.4389877 0 0.0
0.03110021 -0.02543087 -5.259073 -3.592562 1.472113 1.11146 0.1144567 20.34894 0.232626 0 0.0
0.02696191 -0.09735999 -3.678917 -0.005507732 3.006871 4.365724 -0.3703742 20.91107 0.4241772 0 0.0
-0.02257621 0.02773621 -5.657408 -0.9365452 0.5182798 0.4975262 0.08867386 19.23779 0.6890888 0 0.0
0.006393759 0.104623 -7.186967 0.1014255 1.572442 1.593112 0.06864447 20.56608 0.4367638 0 0.0
0.03869284 0.03831714 -7.365636 2.615896 2.779504 4.311044 -0.5403966 20.78512 0.423687 0 0.0
0.02936845 -0.01804421 -10.10876 -1.392239 1.661563 1.419487 0.1813196 20.47456 nan 0 0.0
0.0009173734 -0.002425204 -4.797037 0.008670796 0.581577 0.5414692 0.2311699 19.46778 0.5842113 0 0.0
-0.04764471 0.01188114 -5.992271 -3.257049 1.157125 1.099009 0.06089648 20.2872 0.5057564 0 0.0
-0.005975938 -0.05227168 -5.631641 0.3253928 0.2927184 0.2726751 0.2497945 17.88466 0.9349995 0 0.0
-0.02609922 0.034428 -7.110643 -1.447586 1.78702 1.388091 0.09217284 20.54464 0.2183456 0 0.0
0.05905336 0.0289329 -5.392239 -0.6636128 0.6096012 0.5964529 0.1574609 19.47872 0.5646667 0 0.0
-0.04555285 0.01389438 -5.723357 -0.4738854 0.4107196 0.3918175 0.1977205 19.0371 0.82131 0 0.0
-0.01843582 0.02342289 -10.09104 -1.694945 2.277494 1.534984 -0.1036716 20.50914 nan 0 0.0
0.04478461 -0.01195053 -6.86821 0.8912397 1.148731 1.752353 -0.4416205 20.08494 0.6036873 0 0.0
0.0138067 0.04998963 -5.341779 -0.7970749 0.09528632 0.09940086 0.1409211 16.34995 1.026605 1 0.9999939
-0.004378655 -0.02189915 -3.28689 0.8321975 1.687983 1.412845 0.1923482 20.46778 0.5523891 0 0.0
0.04726788 0.01121531 -8.924646 -1.462921 2.886842 2.199976 0.3508905 20.79731 0.6132126 0 0.0
-0.07189618 0.006025987 -5.876984 -0.9326064 0.717501 0.6712546 0.1585441 19.69082 0.636322 0 0.0
0.009961483 0.04706142 -4.773724 0.01997173 0.7557974 0.7514978 0.06564944 19.683 0.791502 0 0.0
0.04191708 0.01787923 -7.202509 1.842542 1.756459 2.614548 -0.3832167 20.61973 0.7246494 0 0.0
0.02825583 -0.06895163 -7.816069 -1.004907 2.942898 1.975302 0.2385237 20.77187 0.3179436 0 0.0
0.02571773 0.1618252 -6.145907 -2.725611 0.8596814 0.8504407 0.1573349 19.96982 0.5699615 1 0.9447674
0.02641644 -0.008731406 -6.3767 -2.045071 0.7377372 0.7176487 0.1437221 19.78508 0.4314957 0 0.0
0.05164534 0.02266527 -4.83013 -1.472934 1.463133 1.517786 -0.08668035 20.46968 0.9418926 0 0.0
0.04374511 0.005329616 -5.445034 1.418551 2.018058 2.081088 0.2423096 20.78338 0.9492855 1 0.9982041
-0.009404534 0.002282549 -3.430153 -2.953949 2.571343 2.772115 -0.7248558 20.16923 nan 0 0.0
-0.05227412 -0.05250112 -4.73671 -0.3069405 0.4444144 0.4063055 0.2276148 18.89515 0.8465805 1 0.9995136
-0.006909105 0.03420374 -5.504214 -0.9270544 0.07463003 0.07493994 0.0896253 16.03388 1.05701 1 0.9999883
-0.004738925 0.01698599 -7.472626 0.8779287 1.133658 1.061811 -0.009681319 20.24412 0.5241108 0 0.0
-0.01891324 -0.02307056 -5.892265 0.1674047 1.327466 1.113219 0.04205949 20.2513 0.4812622 0 0.0
-0.07910636 0.1147767 -4.960489 -5.955794 0.1550557 0.157124 0.2374556 17.43723 0.8381977 1 0.0
-0.01966023 -0.1465406 -27.44232 -13.496 2.782794 3.593803 -0.459584 20.8209 nan 0 0.0
0.03664285 0.03753058 -7.622151 -0.8540752 0.9439692 0.9264098 0.1986326 19.9625 0.4256382 0 0.0
0.0448623 -0.005494119 -4.273601 -2.815372 1.500753 1.590185 -0.2035086 20.55874 0.6017303 0 0.0
0.01879801 0.01135134 -5.388848 -1.03194 0.3105688 0.3007611 0.222563 18.32952 0.8637657 0 0.0
-0.004028763 0.01162058 -2.810159 -2.745887 2.04958 2.224578 -0.1765638 20.79214 -0.1067753 0 0.0
-0.0850319 0.05667779 -4.296695 1.058304 1.268814 1.129314 0.02054 20.17726 0.7170258 1 0.9935195
0.06073876 0.05768141 -5.199452 -1.473083 0.947721 0.9309943 -0.04724062 19.89433 0.3670597 0 0.0
0.02709043 0.02912201 -4.35852 -0.5601657 0.7582102 0.8041294 0.2292159 19.69335 0.6542931 0 0.0
0.0315428 -0.02579504 -4.778435 -0.2426512 0.6939732 0.5601632 0.2650238 19.51075 0.4753132 0 0.0
0.03913567 0.036656 -4.724594 -1.568491 1.331551 1.367111 0.01217975 20.33014 0.5743427 0 0.0
0.03133437 0.04380023 -2.039844 -1.343669 1.18403 1.300146 0.1290527 20.35938 0.647747 0 0.0
-0.01843358 0.03616588 -5.596662 -0.6064219 0.1028022 0.100202 0.1593519 16.61915 0.2142601 1 0.9998976
-0.01941173 0.03676115 -3.456071 0.1017197 1.234451 1.100606 0.1679971 20.39051 0.5212765 0 0.0
0.01033101 0.1045317 -5.896371 0.06125889 1.412513 1.376219 -0.0803118 20.46918 0.516571 0 0.0
-0.0192639 0.03906138 -3.739827 -2.17356 1.286658 1.123363 0.03138604 20.25362 0.4384041 0 0.0
0.04925077 0.01312166 -3.494719 -0.3700677 1.409953 1.463721 0.09203346 20.43173 0.5995598 0 0.0
0.0007029504 -0.0124674 -4.877835 -4.222178 2.090857 2.556894 -0.1034032 20.60415 0.4615002 0 0.0
-0.02705104 0.03303397 -3.557921 -0.618244 0.9031297 0.8751676 0.0909975 20.08097 0.5011673 0 0.0
-0.1576488 0.1106841 -5.678398 2.603104 3.278008 2.779437 0.1468666 20.82673 0.737278 0 0.0
-0.00692412 0.009663796 -5.322705 -1.340875 2.406161 1.713718 0.2900024 20.7113 nan 0 0.0
-0.06406508 0.01070538 -4.734695 -0.5529103 1.471838 1.352973 -0.04389891 20.52734 0.4154015 0 0.0
-0.01733168 0.05464027 -5.743216 -1.999459 1.008397 0.9126685 -0.01323374 20.06495 0.3979568 0 0.0
0.04229039 0.02280987 -1.477531 -0.5769897 1.975314 1.924 -0.04855205 20.71685 0.7433662 0 0.0
-0.01431105 0.0002174421 -6.53908 -3.03062 1.601549 1.304676 0.03756365 20.5083 0.360302 0 0.0
-0.09506142 -0.07083517 -4.659817 1.804895 0.9141048 0.8166004 0.1821847 19.9977 0.6226463 0 0.0
0.05458524 0.01346761 -5.340028 -0.4486085 1.116909 1.155473 -0.05146377 20.18897 0.5894203 0 0.0
-0.008819168 -0.05102217 -4.991222 -0.4302116 0.8716877 0.7626932 0.2227102 19.83093 0.7110577 0 0.0
0.01267095 0.02380541 -3.008506 -1.725715 1.896225 1.278886 0.1062065 20.4834 nan 0 0.0
0.02896726 -0.02181896 -5.932128 -1.539921 0.4212934 0.3905919 0.1975359 18.97722 0.333868 0 0.0
0.03194601 -0.02894968 -8.795698 -2.773541 3.413657 2.827 -0.2149659 20.83925 0.2168751 0 0.0
-0.02490504 0.04076392 -5.735032 -0.8726518 0.6121736 0.5404839 0.2133543 19.43204 0.728548 0 0.0
0.041836 0.01954431 -5.153164 1.43167 1.338141 1.348933 0.03705456 20.38651 0.3637142 0 0.0
-0.009096207 0.002412221 -6.738986 -4.231079 1.363288 1.852539 0.2154595 19.88985 nan 0 0.0
0.0317048 -0.02944566 -5.159511 -3.047885 2.212832 2.056016 0.03804288 20.7211 0.3085918 0 0.0
-0.0009195312 -0.04081441 -6.608797 -3.22238 2.848381 2.705035 0.3027302 20.82083 0.4786873 0 0.0
0.04312575 0.01203178 -1.475555 -1.616503 1.737617 1.920525 0.07348402 20.77044 0.6712055 0 0.0
0.05863823 0.02835855 -4.64368 -1.320278 0.8945382 0.8766308 0.1103256 19.96535 0.416626 0 0.0
-0.0837455 -0.01047718 -0.4491255 1.167085 0.8383882 0.7778283 0.1460112 20.00237 0.3126793 0 0.0
-0.01652215 0.005155891 -9.518784 -3.363874 2.619352 1.776528 0.4089588 20.62286 nan 0 0.0
-0.01548747 -0.06904202 -4.075069 -0.8789689 0.9353657 0.8161016 0.1887257 20.02831 0.5801888 0 0.0
-0.01364928 0.03807631 -5.174227 -3.687343 3.370723 2.240606 0.3146456 20.94106 0.8943443 0 0.0
0.002661442 -0.05548951 -6.846943 -2.265964 2.772024 2.279743 0.2328241 20.82713 0.2719345 0 0.0
0.00216315 0.04360486 -5.327905 -0.1977383 0.2719907 0.258401 0.1731473 18.35685 0.8935413 1 0.9997586
0.05546648 0.01990156 -5.980107 -3.047386 1.666169 1.720452 -0.0813422 20.54837 0.7833767 0 0.0
-0.01910332 0.03779297 -4.090851 0.2062881 1.053193 1.042148 0.1474846 20.04955 nan 0 0.0
0.1300265 0.008696663 -6.961741 -1.59841 0.7163021 0.8072037 0.07231374 19.7597 0.7063217 1 0.9804805
-0.00737719 0.04772687 -6.094602 -2.960485 1.163256 1.261726 -0.1401191 20.18714 0.3605995 0 0.0
0.02233612 0.01378009 -4.455053 0.2089207 0.647964 0.6462635 0.1264873 19.58852 0.7472019 0 0.0
0.003692107 0.004117063 -8.480674 -1.598327 2.216648 1.535759 -0.04123237 20.47218 nan 0 0.0
0.00694482 -0.1291377 -1.718035 -7.203377 1.869639 1.544562 0.5678419 19.77304 nan 0 0.0
-7.464069e-05 0.0001115662 -2.192219 2.727548 2.267327 2.484463 0.135459 20.8299 0.3132324 0 0.0
0.008616495 -0.05504097 -4.344275 1.937993 2.232258 1.823609 0.01066213 20.78206 0.7529774 0 0.0
-0.02202322 -0.01957379 -7.925857 -11.69536 0.8031287 0.7695762 0.1898798 19.95486 1.492037 0 0.0
0.05243027 -0.01953825 -6.55319 -1.610947 1.042433 0.9453349 0.2077756 20.02468 0.4193897 0 0.0
-0.00683056 0.005522936 -5.577877 -2.527092 1.615548 1.381942 0.04576757 20.51905 0.5553112 0 0.0
-0.000396441 -0.0193472 -4.864019 -0.67281 0.5693521 0.5460261 0.2296878 19.48252 0.6176243 0 0.0
-0.009923682 0.04097125 -2.724842 -3.518385 1.725262 2.486149 -0.6235704 20.27487 nan 0 0.0
-0.00350557 0.02495293 -6.093842 -0.4680852 1.458094 1.351969 0.07326638 20.43713 0.4044724 0 0.0
-0.03562006 -0.02349158 -5.077641 -0.4703215 0.4647313 0.4550006 0.08721608 19.17365 0.7164173 1 0.9998781
-0.01703737 -0.03102643 -4.319537 -6.283597 2.702144 3.315916 -0.5924471 20.68662 0.6973896 0 0.0
-0.04759387 0.09456846 -8.9798 -0.4532295 1.528243 1.541248 -0.02242999 20.51202 0.7000904 0 0.0
-0.1275681 -0.07404335 -6.563419 -2.180209 2.727472 1.808655 0.5546702 20.51314 0.6529369 0 0.0
0.001427412 -0.04866314 -5.372423 -2.146949 1.323142 1.026734 -0.02281605 20.13216 0.4717121 0 0.0
0.001788981 -0.01673603 2.844406 -9.076688 1.692615 1.491818 -0.03293269 20.55284 0.5260792 0 0.0
-0.07916508 0.03682916 -5.930467 -0.3344842 1.845034 1.370871 -0.02090088 20.54808 0.3932762 0 0.0
-0.03317196 0.001245938 -6.40204 -0.4282315 0.6261379 0.5955452 0.1634382 19.50497 0.604826 0 0.0
0.04942908 0.03299822 -5.265729 -1.146863 0.6007884 0.6173645 -0.1118914 19.33966 0.706358 1 0.9997255
0.04852412 -0.06813363 -10.71222 7.887305 2.954692 3.5043 -0.009609618 20.81999 0.5065804 0 0.0
0.01350273 0.01719846 -5.463402 0.008478462 0.7045861 0.6560821 0.2018795 19.76004 0.6154308 0 0.0
0.07321278 0.05693975 -4.122776 -0.04538088 0.9525232 0.9134319 0.1281908 20.05581 0.5808258 1 0.9975091
-0.003426518 -0.01691719 -5.892932 6.850668 2.293012 2.147552 0.01621033 20.33794 nan 0 0.0
0.02067562 0.005934823 -3.261689 -0.1763989 1.240913 1.22592 0.01613519 20.41547 0.4677143 0 0.0
0.02810763 -0.01616009 -7.701356 1.074928 1.01116 0.8638619 0.2771366 20.13089 0.4702778 0 0.0
-0.004524725 0.01114568 -6.338125 -1.733916 1.303503 1.154885 0.07468255 20.23628 0.615448 0 0.0
0.05869952 0.01458181 -6.889391 1.329137 1.430205 1.526893 -0.1690171 20.48861 0.786665 0 0.0
-0.005007107 0.01447211 -10.27804 -3.004973 2.775249 1.743398 0.09373247 20.24923 nan 0 0.0
0.01523391 0.00216116 -6.173281 -2.246747 0.7633348 0.7996588 0.06188392 19.45485 0.5549259 0 0.0
-0.005930562 0.03903881 -6.528772 -3.146927 1.172454 1.078484 0.009299583 20.26653 0.514101 0 0.0
-0.02295361 0.01786004 -4.379717 -4.35489 3.584324 3.052862 0.3430291 20.83804 0.357029 0 0.0
-0.03895952 -0.02565142 -5.430499 -0.6465822 0.1157345 0.09589286 0.2020364 16.48293 0.2748184 1 0.9999859
-0.0165812 -0.02940144 -10.56924 -3.849481 2.53678 2.239138 0.1740643 20.72755 1.229677 0 0.0
0.08714437 0.01128461 -6.058547 -0.5997163 1.040416 1.262028 0.3125785 19.92344 nan 0 0.0
0.02135917 -0.05991624 -4.25941 -1.278769 1.298481 1.183647 -0.04527085 20.32166 0.2883606 0 0.0
-0.001696759 -0.004664421 -6.083759 -1.701605 0.5802441 0.5477597 0.2475299 19.46263 0.6235924 0 0.0
-0.009671802 0.0113482 -5.464718 -0.8265306 0.08536459 0.08091974 0.1666232 16.28932 0.5918083 1 0.9999976
-0.04900266 0.00292867 -6.939988 -1.18804 1.078843 0.9950363 0.05893117 20.22073 0.7778893 0 0.0
0.02941605 0.003562251 -4.378379 2.1823 2.86371 2.355917 0.0568824 20.75695 0.6462383 0 0.0
0.01210391 0.05980082 -7.668184 -2.578315 1.760704 1.448575 0.06027638 20.46247 0.5844727 0 0.0
0.1008405 0.125669 -6.436484 -0.6970131 0.575975 0.5662304 0.2673064 19.52437 0.5684757 1 0.9912483
0.05534612 0.0194094 -5.296814 -3.176989 1.525025 1.495204 -0.0111347 20.44212 0.3062706 0 0.0
-0.015514 -0.06698399 -7.62347 -0.8566284 1.243306 1.04668 0.2429398 20.34032 0.8229103 0 0.0
-0.01466564 -0.04329676 -3.244003 -2.611392 3.213977 4.343208 -0.3390551 20.89216 0.2856388 0 0.0
-0.06116492 -0.003931428 -5.393807 -1.303314 1.151799 1.112676 -0.07342538 20.23865 nan 0 0.0
-0.06159473 -0.005346431 -3.744001 -1.576031 1.072017 1.002946 0.1243309 20.16646 0.5334454 0 0.0
-0.02913186 0.01985093 -5.73777 -1.532047 1.186507 1.124369 0.1778169 20.39282 0.191658 0 0.0
-0.0003427487 -0.0005140436 -4.428048 -4.272281 1.583306 1.720032 -0.1347679 20.47027 0.5631771 0 0.0
0.005567051 0.03677477 -4.686301 -0.8819345 0.4612938 0.4320758 0.2140453 19.14061 0.7880859 1 0.9997702
0.02688658 0.04020746 -7.913592 0.6631699 2.004431 2.388002 -0.1723993 20.50198 0.8050728 0 0.0
0.04153257 0.04125935 -8.517105 -1.90142 2.181534 3.360299 -0.3359862 20.73271 0.5561028 0 0.0
0.05482358 0.01908297 -5.532456 -0.717348 0.2004537 0.2098433 0.07962968 17.7984 0.9201183 1 0.999969
-0.0264446 -0.006829772 -3.676535 0.4481708 2.688562 1.763837 0.2712006 20.76883 0.1437302 0 0.0
0.09321681 0.01073668 -5.33113 -2.207174 0.7790927 0.8007276 0.07513486 19.88272 0.6067486 0 0.0
-0.04951128 -0.02397615 -4.936653 -0.8766317 0.3025682 0.2941401 0.1389753 18.56107 0.8440456 1 0.9998505
-0.02374296 0.02423839 -2.161351 -1.161747 2.909648 2.09181 0.2206891 20.77707 0.6243553 0 0.0
0.06177555 0.003259634 -5.285943 -0.8369062 1.214068 1.282074 -0.1446828 20.32465 0.491663 0 0.0
0.0146212 -0.02613635 1.053698 -7.966733 3.448967 2.01845 0.4685971 20.40063 0.7692986 0 0.0
0.01081841 0.05315166 -4.929354 -0.7940759 0.7957719 0.789127 0.1882829 19.86756 0.5019436 1 0.9996169
-0.0002756724 0.01836299 -13.52268 7.095217 1.26549 1.559246 -0.2963245 19.68522 0.5805416 0 0.0
-0.003827168 0.02640253 -4.836816 -0.7092088 1.582506 1.462841 0.03126698 20.66024 0.460638 0 0.0
-0.02112089 0.0004455615 2.090063 -4.826743 4.29653 2.635855 0.3987043 20.87231 nan 0 0.0
-0.09813072 -0.1114493 -8.882832 -27.91931 1.168877 1.118986 0.1223087 20.22822 2.178205 0 0.0
0.05852828 0.03328326 -6.349548 -0.7903294 1.711514 1.648238 -0.001576163 20.67106 0.7412853 0 0.0
-0.0389856 -0.02366777 -5.391315 -0.2573004 0.3612669 0.3457038 0.1863169 18.83678 0.8807774 1 0.9998631
-0.01562053 0.0287878 -4.016084 0.1433406 1.439512 1.344337 0.02961464 20.50088 0.5939655 0 0.0
-0.005061262 0.003213037 -4.526906 -1.508749 0.8505259 0.9912313 -0.07600657 19.86174 nan 0 0.0
0.00189597 -0.00166988 -4.226144 0.003004214 0.8321646 0.7815008 0.2289303 19.94737 0.6466331 0 0.0
0.006682987 -0.02131156 -6.191181 -0.3429081 1.157201 1.01302 0.08681825 20.25899 -0.3511696 0 0.0
-0.03763148 -0.02398869 -8.489402 -7.570415 0.9879722 0.9725847 0.1800463 19.3719 0.6876831 0 0.0
0.03437795 -0.04401315 -7.998209 1.303904 1.299682 1.289011 -0.1970859 20.24609 0.5170155 0 0.0
0.07510425 0.01611238 -5.413084 -0.4159801 0.2754373 0.2924651 0.05092004 18.36423 0.8472729 1 0.9998577
-0.03244272 0.01864455 -3.613708 2.235306 1.959328 3.006133 -0.6154999 20.49455 nan 0 0.0
0.07919983 0.04165287 -5.471835 -1.228098 0.3214037 0.333171 0.1416083 18.43343 0.9817829 1 0.9997123
0.04306283 0.001999104 -4.350192 -1.773244 1.256966 1.305923 -0.08560862 20.24401 nan 0 0.0
-0.07632402 0.01852987 -4.61696 -1.581468 1.696861 1.670422 -0.08983325 20.60978 1.231075 0 0.0
0.006278138 0.02245443 -5.20736 -0.3714251 0.4776151 0.4914546 0.1553417 19.12313 0.7530022 0 0.0
-0.004847263 -0.007197282 -1.589829 1.486735 1.71875 1.701571 0.3932304 20.35446 0.7368851 0 0.0
