scripts/get_globular_clusters/output/NGC_6293.csv
# %ECSV 0.9
# ---
# datatype:
# - {name: x, unit: deg, datatype: float64}
# - {name: y, unit: deg, datatype: float64}
# - {name: pmx, unit: mas / yr, datatype: float64}
# - {name: pmy, unit: mas / yr, datatype: float64}
# - {name: pmx_e, unit: mas / yr, datatype: float64}
# - {name: pmy_e, unit: mas / yr, datatype: float64}
# - {name: pm_corr, datatype: float64}
# - {name: g_mag, unit: mag, datatype: float64}
# - {name: bp_rp, unit: mag, datatype: float64}
# - {name: filter, datatype: int64}
# - {name: memberprob, datatype: float64}
# meta: !!omap
# - comments: [deg deg mas/yr mas/yr mas/yr mas/yr dimless mag   mag   zeroone float]
# - __serialized_columns__:
#     bp_rp:
#       __class__: astropy.units.quantity.Quantity
#       unit: &id001 !astropy.units.Unit {unit: mag}
#       value: !astropy.table.SerializedColumn {name: bp_rp}
#     g_mag:
#       __class__: astropy.units.quantity.Quantity
#       unit: *id001
#       value: !astropy.table.SerializedColumn {name: g_mag}
#     pm_corr:
#       __class__: astropy.units.quantity.Quantity
#       unit: !astropy.units.Unit {unit: ''}
#       value: !astropy.table.SerializedColumn {name: pm_corr}
#     pmx:
#       __class__: astropy.units.quantity.Quantity
#       unit: !astropy.units.Unit {unit: mas / yr}
#       value: !astropy.table.SerializedColumn {name: pmx}
#     pmx_e:
#       __class__: astropy.units.quantity.Quantity
#       unit: !astropy.units.Unit {unit: mas / yr}
#       value: !astropy.table.SerializedColumn {name: pmx_e}
#     pmy:
#       __class__: astropy.units.quantity.Quantity
#       unit: !astropy.units.Unit {unit: mas / yr}
#       value: !astropy.table.SerializedColumn {name: pmy}
#     pmy_e:
#       __class__: astropy.units.quantity.Quantity
#       unit: !astropy.units.Unit {unit: mas / yr}
#       value: !astropy.table.SerializedColumn {name: pmy_e}
#     x:
#       __class__: astropy.units.quantity.Quantity
#       unit: &id002 !astropy.units.Unit {unit: deg}
#       value: !astropy.table.SerializedColumn {name: x}
#     y:
#       __class__: astropy.units.quantity.Quantity
#       unit: *id002
#       value: !astropy.table.SerializedColumn {name: y}
# schema: astropy-2.0
x y pmx pmy pmx_e pmy_e pm_corr g_mag bp_rp filter memberprob
[from data line 1518]
-0.001807703 -0.03398016 -1.296807 -1.043412 0.5221084 0.3521679 0.382775 18.8913 1.383154 0 0.0
-0.05053604 0.02743486 -2.332191 -1.91985 0.5618991 0.374692 0.4664142 18.93694 1.139322 0 0.0
0.01835341 -0.04317122 -5.427772 -2.254539 0.6564908 0.4409207 0.3660186 19.29951 1.386362 0 0.0
-0.05598136 0.05401505 -5.205867 -5.072356 0.614454 0.4250466 0.434492 19.00638 1.136044 0 0.0
0.03404447 0.06298629 -3.39558 -2.780523 1.871947 1.382538 0.1985863 20.47043 nan 0 0.0
-0.04499607 -0.03799633 -1.965694 -6.324284 0.3618092 0.2573087 0.308103 18.22712 1.547121 0 0.0
0.04705394 0.0243865 3.977172 -1.169406 1.432744 0.955981 0.05320199 18.44149 2.597973 0 0.0
0.02506721 -0.03144802 1.351292 -3.0764 0.5844395 0.3519922 0.500666 18.70777 1.07217 0 0.0
0.02328008 0.03564143 -4.026566 -4.185774 0.6190308 0.413838 0.2315246 19.00723 1.260818 0 0.0
-0.07171751 -0.01928551 -0.2885041 -3.988152 0.5102519 0.3538721 0.3710028 18.56594 1.57939 0 0.0
0.01963583 -0.04205754 -5.947457 -1.216415 1.310043 0.7686025 0.3176784 19.90867 1.464254 0 0.0
-0.02707138 -0.03798687 -3.422425 -1.893762 0.1753997 0.1174475 0.2969106 17.03717 1.728359 1 0.0
0.003267453 -0.01983148 1.253411 -5.234086 0.5139319 0.336369 0.6474096 17.84478 nan 0 0.0
-0.01253014 -0.03420971 -2.041845 -6.187385 0.7975117 0.5351973 0.3482232 19.46729 1.95195 0 0.0
0.01537576 -0.07272895 -6.443753 -7.107601 1.065561 0.7159011 0.3543065 19.80943 nan 0 0.0
0.05886443 0.006215446 -10.57945 2.168834 1.163117 0.8581729 0.1415804 19.95226 2.239511 0 0.0
-0.04981664 -0.05739606 -3.067287 -4.028949 1.811538 1.058958 0.5440439 19.34838 nan 0 0.0
-0.03957318 0.0594235 -5.683537 -4.711675 0.410914 0.2897711 0.1292146 18.46647 1.417637 0 0.0
-0.004509382 -0.01870619 -0.07475978 -8.316795 1.417224 1.066497 0.415576 19.57907 nan 0 0.0
0.002094473 -0.0001037484 1.965228 -3.961808 0.2097061 0.1477789 0.3427381 13.47315 1.633392 0 0.0
-0.06246868 0.03349625 -1.634898 -6.070619 0.5946896 0.3981553 0.4643414 19.01774 1.229784 0 0.0
-0.003556772 0.06005017 -1.29789 -5.513583 1.265272 0.772031 0.04647268 19.96049 nan 0 0.0
-0.06251542 0.01909575 -5.027175 -4.164236 2.135846 1.420814 0.3909078 20.37166 1.014162 0 0.0
0.02236741 -0.02460008 0.1483351 -4.377935 1.284911 0.7705145 0.5352036 19.66709 nan 0 0.0
-0.02586394 -0.06891805 -2.802503 -6.234465 0.5362174 0.3543595 0.4243406 18.60785 1.52767 0 0.0
-0.005682743 -0.01853649 4.647176 -0.8101235 1.068276 0.7194766 0.346148 19.35678 1.117367 0 0.0
-0.07047615 0.003202907 -1.59268 -2.595781 0.9854024 0.7016185 0.3624488 19.42541 1.739416 0 0.0
-0.04540432 -0.04049321 -3.714521 -6.335284 1.246153 0.8851322 0.3085516 19.88513 nan 0 0.0
-0.05529062 -0.019408 -0.1270459 -5.851916 0.3006468 0.2011172 0.4844984 17.61478 1.732218 1 0.0
-0.003119877 0.06011694 -1.297763 -1.640024 0.4497476 0.3043666 0.5189532 17.99452 nan 0 0.0
-0.02169752 -0.03362553 -4.919752 -3.67245 0.2877811 0.1931186 0.1955384 17.04091 1.543175 0 0.0
0.0689852 -0.002083357 -2.067588 -3.432536 3.420949 1.978202 0.5592855 20.58638 nan 0 0.0
-0.001808186 -0.003386291 -0.5872029 -10.42364 0.6877545 0.58032 0.05094865 17.02111 nan 0 0.0
0.02780529 0.008308117 6.067576 -19.25536 2.222702 1.63071 -0.5601453 19.63762 nan 0 0.0
0.05815293 -0.05114961 2.660462 -1.039514 1.245844 0.750142 0.6005934 19.76623 1.49511 0 0.0
0.008098946 0.004155094 0.4186804 -4.329571 0.6786166 0.5427219 0.1585789 18.22009 nan 0 0.0
-0.06184118 0.03422711 -6.371839 -4.963289 0.666492 0.4466794 0.4337156 19.13929 1.034157 0 0.0
-0.01330744 0.0809349 -1.918429 -2.690501 0.5504081 0.369965 0.3642623 19.05419 1.201694 0 0.0
-0.0001161501 -0.00336911 3.013089 -2.934012 0.4507742 0.2771849 0.3597868 16.18084 1.380005 0 0.0
-0.06918834 -0.005184829 -9.445467 -6.479511 3.227556 2.27984 0.6316166 20.65351 0.8935623 0 0.0
-0.02613639 0.04926119 -3.839038 -3.112744 2.222159 1.445917 0.4403731 20.46814 nan 0 0.0
-0.05967482 0.01565068 -0.08385272 1.345681 2.319254 1.545332 0.4121737 20.43722 1.567757 0 0.0
-0.0539776 0.03164472 -1.658007 -0.7116566 0.7473625 0.4985903 0.3621455 19.40086 1.288027 0 0.0
0.06380258 0.05182704 -2.416358 -1.813134 0.4650517 0.2982569 0.2872336 18.76188 nan 0 0.0
-0.02017434 -0.006952888 -1.508231 -6.681448 0.4911551 0.3291744 0.2960733 18.74264 1.19684 0 0.0
0.03445412 0.06313304 -6.757317 -9.251564 1.57822 1.136215 0.3269468 20.17853 1.563854 0 0.0
0.07153837 -0.02160092 4.402803 -0.8627614 0.1497568 0.1037433 0.08298147 16.8148 1.434454 1 0.0
0.01536134 0.02304282 -2.336682 -3.565402 1.739979 1.208543 0.2681757 19.749 1.049639 0 0.0
0.03753476 0.04777792 3.320226 2.812103 2.044597 1.44927 -0.2094704 19.35999 1.306553 0 0.0
-0.01163328 0.0002542614 -4.766466 -8.372906 1.555961 1.156621 0.1028923 18.84727 1.381884 0 0.0
-0.001591011 0.07971496 -3.296871 -6.005804 1.039914 0.6862547 0.4142227 19.76814 1.123323 0 0.0
0.01374998 0.01622426 -0.2252577 -4.307854 2.578685 1.555917 0.6572372 19.94322 nan 0 0.0
0.04664898 -0.03155015 -5.589753 -4.750243 1.911215 1.287259 0.6713255 20.18382 nan 0 0.0
-0.0604971 0.0221257 -1.533967 -2.583456 0.6398154 0.4671098 0.4992314 19.05285 1.213909 1 0.0
-0.002463236 -0.0002124746 3.821014 -0.5341029 0.4115394 0.2640081 0.1814806 15.92879 1.129357 0 0.0
-0.06483518 0.01834296 -2.554453 -5.961441 2.048815 1.381721 0.4443368 20.36936 0.4479256 1 0.05645812
-0.01130581 0.0005594699 4.314622 -11.68574 1.645004 1.150083 0.4163143 18.91721 nan 0 0.0
-0.01847731 -0.03819688 0.130732 -2.714811 0.9197854 0.6163951 0.3816789 19.69518 1.787369 0 0.0
0.07528196 0.02802781 -2.428493 -6.558711 0.7152074 0.4644831 0.3536367 19.28776 1.215612 0 0.0
0.03083993 0.02706421 -4.498738 -6.9479 0.109884 0.07200895 0.1532118 16.06117 1.748087 1 0.0
-0.04342624 -0.004899409 -10.23294 -1.742833 2.509004 2.014662 -0.2603972 20.37813 nan 0 0.0
0.0004569119 -0.0151756 3.373065 -2.824167 2.477738 1.790234 0.8420613 19.87289 nan 0 0.0
0.01800852 0.01893592 13.34675 -18.1202 1.533409 1.194779 0.3138657 19.46025 1.1805 0 0.0
-0.07300207 0.0267609 3.882012 -10.26191 2.306509 1.740024 0.2324284 20.26152 1.292423 0 0.0
0.02697619 -0.03530512 -4.520104 -5.053516 0.4481341 0.335263 0.009821165 18.59038 1.366968 0 0.0
0.018406 -0.05540114 -1.640599 -2.744204 0.5055426 0.3564648 0.2672784 18.75833 1.406811 1 0.0
-0.05574766 0.02260304 0.07156317 -8.559807 0.9023778 0.6123631 0.5533674 19.36333 1.250006 0 0.0
0.0267003 -0.04838565 -6.073404 -6.00077 0.8999781 0.6364602 0.2962429 19.64921 1.081413 0 0.0
0.02245894 0.02473538 -0.8206677 -11.70564 2.789311 2.14856 0.02160605 20.27472 nan 0 0.0
-0.05640321 0.02344958 -2.867498 0.2616149 0.6426154 0.4330604 0.4945307 19.00998 1.355814 0 0.0
0.03083514 0.009249572 0.9694329 -4.310223 0.07587927 0.05018073 0.1043647 14.95283 1.629888 1 0.9964688
0.02311399 0.02426222 -1.083173 -2.878328 0.3711442 0.2497032 0.3577368 18.33668 1.283939 0 0.0
0.03697628 0.0092859 -4.424711 -0.9806204 0.7437868 0.5018982 0.3318765 19.24439 nan 0 0.0
-0.06842864 -0.04337903 -8.341855 -8.941917 1.810539 1.229857 0.0430899 20.19896 0.8243828 0 0.0
-0.06819491 0.02223009 -1.068515 0.3440595 2.629764 1.763638 0.3138509 20.50629 0.8095551 0 0.0
0.0221117 -0.07697962 -5.996401 -1.285098 1.783287 1.276726 0.2166899 20.19692 1.527233 0 0.0
-0.05082136 0.05526676 -5.674291 -2.937504 0.8130641 0.5374299 0.3746955 19.52763 1.06464 0 0.0
0.06606402 0.04349828 -2.940071 -5.676015 0.5702513 0.3530946 0.4543464 18.4198 1.360191 0 0.0
-0.02455056 0.0388684 10.5171 -2.270152 3.879763 2.008864 0.5000367 20.64258 nan 0 0.0
0.002940858 0.01324386 -2.760224 -1.264588 0.1279696 0.09050754 0.1896271 15.89398 1.477407 0 0.0
-0.06565469 0.0194354 -4.484583 -4.991306 1.73861 1.200938 0.3624517 20.19586 0.8288288 0 0.0
0.00236766 0.0129654 0.8242696 -4.297722 0.2082366 0.1439544 0.1271508 17.01038 nan 0 0.0
0.005175291 -0.06952369 -3.342502 -4.276842 0.40162 0.2698801 0.3451193 18.40665 1.604637 0 0.0
0.01287346 -0.01102975 -0.58388 -8.033957 0.962293 0.7035376 0.4917183 18.86611 nan 0 0.0
0.01470286 -0.002980955 0.8293477 -4.276002 0.07340352 0.05227929 0.1864353 14.62311 1.616108 1 0.9977347
-0.005216516 -0.06984603 1.114434 -3.606004 0.3023305 0.2143767 0.2253291 17.16483 1.510683 0 0.0
-0.05045127 0.02088316 0.8917616 -4.311513 0.4364062 0.2936514 0.4149032 18.59536 1.313528 0 0.0
-0.05513951 0.006787598 3.987262 -3.100145 1.5099 1.034977 0.3521351 20.02334 1.107008 1 0.4194134
-0.001071216 -0.01579358 -0.6380565 -8.939572 2.246461 1.72296 0.6949837 19.61637 nan 0 0.0
-0.004349305 0.07745659 -9.803174 -6.204122 0.6776966 0.4609139 0.385793 18.82041 1.341455 0 0.0
-0.006147612 -0.0001859103 2.344571 -6.426464 0.763495 0.5548592 0.4718966 18.24513 nan 0 0.0
0.008942038 -0.03399385 -0.8368693 -3.403516 2.904703 1.745839 0.8073066 20.33788 1.276545 0 0.0
0.02486124 0.02525559 -1.394395 -5.386942 0.6238255 0.3883986 0.8283096 17.7827 1.646883 1 0.05226891
0.05345331 0.04959502 -22.00687 -18.79544 1.92782 1.223711 0.5234224 19.38028 1.435745 0 0.0
-0.008553428 0.05543603 -1.800506 -5.500137 0.6668159 0.4328634 0.4484822 19.17896 1.255322 0 0.0
0.009160917 -0.02637782 -5.275148 0.1376036 0.9179216 0.6072688 0.4953108 19.40343 1.196615 0 0.0
-0.00205359 -0.01533393 -5.09024 -3.207437 0.3328853 0.2177506 0.420801 17.66507 1.247547 0 0.0
-0.04393759 0.04759635 1.248821 -7.47043 0.545041 0.3551488 0.3968019 18.75476 1.55756 0 0.0
-0.06068322 -0.03869975 -9.46978 -8.388778 2.716121 2.404442 -0.3955127 20.43937 0.808073 0 0.0
0.07328948 -0.01415764 -18.28546 -8.067081 2.591915 1.527014 0.626666 20.24103 0.9203148 0 0.0
0.08176232 0.004688859 -10.9035 -8.008531 1.622331 1.134183 0.3420781 20.3288 1.308731 0 0.0
0.02020382 -0.06990492 0.700071 -3.753794 0.2824201 0.1825704 0.151148 18.00094 1.590324 0 0.0
-0.002489442 -0.05010489 -5.031059 -2.896093 1.793043 1.348992 0.1094225 20.27371 1.434612 0 0.0
-0.04886144 -0.05849428 -2.126726 -4.241372 0.2602781 0.1794222 0.3121108 17.57975 1.322594 0 0.0
0.01743245 0.0002230078 3.784459 -2.171612 0.7026522 0.4984409 0.3996923 18.61149 0.7686729 0 0.0
-0.006339326 0.0119677 -5.597509 -0.8113599 1.203988 0.8922447 0.4459027 19.01755 nan 0 0.0
-0.03821078 0.06812147 -0.9143037 -6.961227 0.3434946 0.2315982 0.2740598 17.99108 1.539473 0 0.0
-0.04094511 0.00155788 -9.659927 -2.323334 1.961375 1.260708 0.4959914 20.24501 1.1931 0 0.0
-0.001616985 -0.01505163 0.4525169 -1.222707 1.10285 0.6946451 0.5062893 18.96464 nan 0 0.0
-0.05506165 -0.04157701 -3.898489 -7.496267 1.226003 0.9423367 0.1681947 19.65965 1.448833 0 0.0
-0.01021376 -0.003627058 0.8841445 -4.103196 0.05944681 0.03984911 0.1448704 14.21755 1.702013 1 0.9940443
-0.008608069 0.05585945 -4.040264 -4.616922 0.9374571 0.6261821 0.4262094 19.64151 nan 0 0.0
-0.04467823 0.05648431 -2.204646 -4.873416 0.5644368 0.3822862 0.4089748 19.07254 1.272892 0 0.0
-0.04667839 0.006325966 -1.162141 -1.98099 0.2790031 0.1818617 0.3285853 17.94226 1.338671 0 0.0
0.03832236 0.03522921 4.421376 -1.29779 0.7995823 0.5307705 0.1811355 19.34291 1.213371 0 0.0
0.002749778 0.01256866 -8.727303 -6.30219 1.710515 1.22759 0.5554731 19.08891 nan 0 0.0
-0.04354994 0.03334861 -2.578308 -6.441128 0.8821452 0.5882298 0.3478336 19.4704 1.407463 0 0.0
-0.005436094 -0.04090586 -0.8533313 -4.900634 1.446896 1.003741 0.1987251 20.06258 1.226845 0 0.0
-0.03972625 0.02833748 1.432897 -0.5334497 0.7230475 0.4782292 0.4298547 19.21289 1.326374 0 0.0
-0.01080952 -0.05271081 1.427394 -4.57372 1.222254 0.8839888 0.4091434 20.08924 0.6822281 0 0.0
-0.07846104 0.02581887 -1.136881 -3.321725 0.5771532 0.4342169 0.2389698 18.88839 1.248236 0 0.0
-0.02130885 -0.06955798 -2.890184 -7.037799 1.012355 0.7485013 0.3434631 18.24519 1.429079 0 0.0
-0.055049 0.04564796 -4.882303 -9.929062 1.659796 1.079757 0.734894 19.80797 nan 0 0.0
0.05269441 0.06179668 2.622193 -1.976717 1.383417 0.9619577 0.3048133 19.93027 nan 0 0.0
0.0564995 0.02564298 3.90228 0.5346786 0.8230119 0.5607184 0.299985 18.6883 1.2407 0 0.0
0.003949654 -0.01905712 -2.923136 -6.579199 1.043648 0.748785 0.5216693 19.11457 1.099796 0 0.0
0.007305916 -0.01999379 0.2548839 -3.832846 0.359884 0.2325138 0.4468042 17.92282 1.310337 0 0.0
-0.050659 -0.06474925 -0.6034857 -1.454282 0.9193963 0.6387498 0.3120381 19.77063 nan 0 0.0
0.003130697 -0.03154451 -4.702384 -2.998456 1.450285 1.121911 -0.2250777 19.87153 0.1684074 0 0.0
0.07292824 -0.02434647 -2.303363 -6.220036 0.4393962 0.3163102 0.3222297 18.46173 1.412649 1 0.0
-0.006041601 0.05970674 3.257193 -1.499166 2.505455 1.632253 0.4993857 20.38413 nan 0 0.0
-0.0474135 0.06798833 1.730101 -5.793291 1.266115 0.8274148 0.4365205 20.00451 nan 0 0.0
-0.05065883 -0.065125 3.446563 -1.926883 0.7086302 0.490198 0.3158483 19.36721 1.534803 0 0.0
-0.05664271 0.01096587 -3.331265 -7.672406 1.960635 1.374091 0.2868175 20.26561 0.8635502 0 0.0
-0.03091377 0.04658208 -4.959397 -9.085317 1.947997 1.297951 0.4977685 20.25615 1.070389 0 0.0
0.04982198 0.04970156 -7.46419 -9.304495 2.275301 1.381579 0.3998739 20.51271 1.353539 0 0.0
0.03720956 -0.02874099 -3.624242 -4.028955 1.327086 0.8899983 0.6557967 19.57586 1.328726 0 0.0
0.007551457 -0.02061942 0.7358472 -5.474472 0.3609019 0.2431576 0.3638339 17.60549 1.437193 0 0.0
-0.0338727 -0.01116564 -2.72443 -8.320108 1.445067 0.9681758 0.2710651 19.98978 nan 0 0.0
-0.04312474 -0.00837067 -0.8174896 -3.273238 0.6510374 0.4602388 0.600947 18.89769 nan 0 0.0
0.02612464 0.05908403 -1.12832 -5.982031 1.967245 1.267485 0.5499533 20.42367 nan 0 0.0
0.02651563 -0.02128218 1.179434 -4.360623 0.3134458 0.2330513 -0.01609784 17.60678 nan 0 0.0
-0.01682102 0.01594919 -0.8754244 -5.527063 0.1698238 0.1076099 0.2761249 16.89799 1.741881 1 0.0
0.05444156 -0.05400499 -0.2656109 -4.691707 1.524557 0.9018704 0.5681586 19.83631 nan 0 0.0
0.01777054 0.06856324 -2.530213 -6.540621 1.534284 1.004596 0.3717967 20.10106 nan 0 0.0
0.0482285 -0.03856985 -2.702368 -4.513436 0.5260623 0.3564274 0.2545673 18.88365 1.287687 0 0.0
-0.05848215 -0.02147716 1.124886 -3.869938 1.085721 0.8099385 0.09496375 19.69341 1.27198 0 0.0
0.0745844 -0.03703713 -4.5747 -6.89954 1.608921 1.096371 0.5044064 20.14791 1.272322 0 0.0
-0.001644616 0.008813114 0.2274952 -4.640172 0.2167691 0.1485766 0.3491713 17.15469 1.196147 0 0.0
-0.04052005 0.03441402 -1.98371 -3.834582 0.7798719 0.5192412 0.4442802 19.47243 1.424692 0 0.0
0.01064325 0.06974477 -1.411911 -3.700128 0.8521082 0.6159131 0.04617864 19.38491 nan 0 0.0
-0.007347829 -0.009799018 0.7595799 -4.240383 0.2299463 0.1417 0.5082431 16.71499 0.7535591 0 0.0
-0.01010032 -0.05213473 -5.52258 -7.006767 0.8682003 0.5851708 0.3872536 19.50681 1.550629 0 0.0
0.03315954 0.02451153 -1.430698 -4.624526 0.89773 0.6535795 0.2005236 19.58988 nan 0 0.0
0.03147677 0.05980366 1.965941 -1.843553 2.039624 1.429168 0.6052226 20.30449 0.5009747 0 0.0
-0.05364942 -0.02787013 -1.772769 -0.6209672 0.7969532 0.5639516 0.5481277 18.85599 1.560831 1 0.0
0.003292914 -0.08315352 1.917575 2.762632 0.8960071 0.6350465 0.3494501 19.59565 nan 0 0.0
-0.001480681 -0.004481104 19.60751 5.631135 1.289509 0.7336258 0.1081797 16.46872 1.254025 0 0.0
-0.0229706 -0.07962528 0.1823666 -1.331054 0.6091503 0.4493802 0.3774816 19.04288 nan 0 0.0
0.001139902 0.06408044 -6.062528 -0.5275605 1.516297 1.057183 0.6330775 19.8465 nan 0 0.0
0.002204885 0.0646698 -0.9306374 -2.799361 3.146384 1.814173 0.7401835 20.50739 nan 0 0.0
0.05165818 -0.05607317 0.2505737 -6.068212 1.876378 1.11013 0.5499195 19.89538 1.171654 0 0.0
0.07452835 0.00257473 -4.525153 -4.352067 0.8477319 0.5596217 0.3371471 19.46018 nan 0 0.0
0.00154872 0.00581667 7.614273 14.5799 2.334383 1.282867 0.04172437 18.9406 nan 0 0.0
-0.0004979276 -0.07114863 -6.729631 -6.982034 0.9030519 0.5980707 0.3845239 19.70393 1.281515 0 0.0
0.0008941364 0.06369516 -0.04246862 0.2329277 0.7398528 0.5369566 0.5394088 19.12969 1.13883 0 0.0
-0.03507755 0.002317046 0.02623099 -4.500206 0.5866677 0.3801005 0.5634914 18.81202 1.439154 1 0.8420591
-0.01620203 0.07828332 -2.743493 -4.091708 1.137211 0.7481709 0.4439975 19.9409 1.416452 0 0.0
