scripts/get_globular_clusters/output/NGC_5897.csv
# %ECSV 0.9
# ---
# datatype:
# - {name: x, unit: deg, datatype: float64}
# - {name: y, unit: deg, datatype: float64}
# - {name: pmx, unit: mas / yr, datatype: float64}
# - {name: pmy, unit: mas / yr, datatype: float64}
# - {name: pmx_e, unit: mas / yr, datatype: float64}
# - {name: pmy_e, unit: mas / yr, datatype: float64}
# - {name: pm_corr, datatype: float64}
# - {name: g_mag, unit: mag, datatype: float64}
# - {name: bp_rp, unit: mag, datatype: float64}
# - {name: filter, datatype: int64}
# - {name: memberprob, datatype: float64}
# meta: !!omap
# - comments: [deg deg mas/yr mas/yr mas/yr mas/yr dimless mag   mag   zeroone float]
# - __serialized_columns__:
#     bp_rp:
#       __class__: astropy.units.quantity.Quantity
#       unit: &id001 !astropy.units.Unit {unit: mag}
#       value: !astropy.table.SerializedColumn {name: bp_rp}
#     g_mag:
#       __class__: astropy.units.quantity.Quantity
#       unit: *id001
#       value: !astropy.table.SerializedColumn {name: g_mag}
#     pm_corr:
#       __class__: astropy.units.quantity.Quantity
#       unit: !astropy.units.Unit {unit: ''}
#       value: !astropy.table.SerializedColumn {name: pm_corr}
#     pmx:
#       __class__: astropy.units.quantity.Quantity
#       unit: !astropy.units.Unit {unit: mas / yr}
#       value: !astropy.table.SerializedColumn {name: pmx}
#     pmx_e:
#       __class__: astropy.units.quantity.Quantity
#       unit: !astropy.units.Unit {unit: mas / yr}
#       value: !astropy.table.SerializedColumn {name: pmx_e}
#     pmy:
#       __class__: astropy.units.quantity.Quantity
#       unit: !astropy.units.Unit {unit: mas / yr}
#       value: !astropy.table.SerializedColumn {name: pmy}
#     pmy_e:
#       __class__: astropy.units.quantity.Quantity
#       unit: !astropy.units.Unit {unit: mas / yr}
#       value: !astropy.table.SerializedColumn {name: pmy_e}
#     x:
#       __class__: astropy.units.quantity.Quantity
#       unit: &id002 !astropy.units.Unit {unit: deg}
#       value: !astropy.table.SerializedColumn {name: x}
#     y:
#       __class__: astropy.units.quantity.Quantity
#       unit: *id002
#       value: !astropy.table.SerializedColumn {name: y}
# schema: astropy-2.0
x y pmx pmy pmx_e pmy_e pm_corr g_mag bp_rp filter memberprob
[from data line 7090]
0.01762553 0.004997891 -9.435527 2.376745 1.373248 1.158114 -0.2294436 19.87303 0.5916176 0 0.0
0.04867172 0.06938688 -9.342257 -4.298199 1.436967 1.162214 -0.2161318 20.08687 0.726326 1 0.5561121
0.007212896 0.01203306 -8.863383 -7.467765 2.368142 1.78107 -0.1811104 20.33959 nan 0 0.0
-0.01706773 0.06713936 -5.957341 -2.935795 0.887207 0.7494401 -0.208071 19.41606 0.8021851 0 0.0
0.01782167 -0.02248703 -5.05118 -3.775405 0.1965772 0.1741821 -0.3159694 16.97353 1.113785 1 0.9987869
0.0383726 0.0307165 -5.060328 -1.292159 1.734734 1.530273 -0.4356348 20.23713 0.6189137 0 0.0
-0.0081169 0.04216912 -6.480359 -2.099889 1.309669 1.07409 -0.2073939 19.71655 0.8474903 0 0.0
-0.0002089671 -0.0185778 -3.299573 -2.219533 2.612049 1.451473 0.3988055 20.1382 nan 0 0.0
0.01347175 0.06842146 -6.136374 -4.184219 0.9762085 0.8574443 -0.422202 19.43955 0.7052422 0 0.0
0.003849715 -0.03608159 -5.76337 -4.657671 1.291635 1.050293 -0.2460643 20.06377 0.5534649 0 0.0
0.100296 -0.08912809 -4.953739 -3.822023 0.7427804 0.661637 -0.274374 19.26058 0.8557739 0 0.0
-0.04597563 -0.001493138 -12.63706 -0.1115047 2.691497 2.409129 -0.5224399 20.62406 0.7191467 0 0.0
0.01669557 -0.03106233 -5.435976 -3.637602 0.1652463 0.1482813 -0.2286694 16.57816 1.132896 1 0.9997477
0.05892136 0.005197105 -5.48741 -1.984793 0.7721295 0.6703086 -0.2231311 19.18862 0.7646523 0 0.0
-0.07907656 0.02048281 0.5676889 -18.14124 3.281087 2.606438 -0.5403205 20.68279 nan 0 0.0
-0.04588877 0.08679612 -5.516665 -1.236102 2.090445 1.608493 -0.1762469 20.41236 1.387386 1 0.8963841
-0.03692763 -0.07073118 -0.5946501 -4.565083 1.966691 1.610098 -0.3335613 20.52291 0.4154892 0 0.0
0.01151405 -0.000803667 -8.495351 -5.724653 2.035986 1.954685 -0.3583695 20.3456 nan 0 0.0
-0.002218139 0.04664396 -5.104127 -3.499041 0.4801258 0.4120129 -0.2583559 18.49536 1.014917 0 0.0
-0.02564254 0.04296441 -6.155497 -2.164631 1.217883 1.017855 -0.2381071 19.81217 0.6083107 0 0.0
-0.01812277 -0.04614581 -8.754569 -0.4479892 1.190593 0.9286441 -0.06536113 19.84586 0.8264217 0 0.0
0.03642221 -0.137696 -5.352535 -4.210165 1.138369 0.9103124 -0.2416393 19.98637 0.7135963 1 0.9275469
0.02928592 -0.0261395 -5.346755 -3.989203 1.112696 0.961605 -0.3075591 19.82006 0.3129883 0 0.0
-0.00616515 0.04890215 -5.421118 -5.442584 1.266273 1.109432 -0.3107563 19.86121 nan 0 0.0
0.1205827 -0.08829625 -4.892637 -4.17305 1.05198 0.9693411 -0.3293694 19.62415 1.982935 0 0.0
0.05694616 0.01788556 -5.448106 -7.005903 1.673904 1.42919 -0.2529694 20.41677 0.1112118 0 0.0
0.001984329 -0.02313829 -4.804127 -2.918782 0.3834736 0.317336 -0.2142742 18.25448 0.960577 0 0.0
-0.0568031 0.07842865 -6.354388 -2.868756 1.669595 1.225571 -0.1867769 20.13794 0.8783131 0 0.0
0.01551556 -0.01167592 -5.435554 -3.760466 0.169093 0.1475697 -0.2937198 16.63986 1.089696 0 0.0
-0.1112631 -0.03124786 -2.692809 3.171435 1.874189 1.487155 -0.2434446 20.4169 1.836214 0 0.0
0.01867569 -0.02655169 -5.434676 -3.567115 0.1851687 0.1644776 -0.210596 16.78006 1.110764 1 0.9998128
-0.01294572 0.02626149 -5.138071 -5.352984 2.066337 1.744538 -0.2967097 20.09906 nan 0 0.0
-0.03530623 -0.06365262 -4.687545 -3.564452 0.4844989 0.4002609 -0.2380818 18.5135 1.049105 1 0.9945725
0.009976937 0.01822225 -6.329812 -5.273791 0.8358495 0.7310653 -0.3289899 19.22029 0.8320694 0 0.0
0.007152824 -0.0523266 6.498337 -5.027017 3.586549 2.893442 -0.2037344 20.83218 nan 0 0.0
-0.01483071 0.07072732 -6.052844 -2.294649 0.6382538 0.5236409 -0.1762677 18.89063 0.9979191 1 0.9712294
0.06305602 0.01385096 -6.530733 -2.91733 2.735166 2.162956 -0.3653225 20.71369 0.2419987 0 0.0
-0.01242171 0.06385346 -2.88719 -0.7149342 2.654833 1.901864 -0.1373698 20.62297 1.273388 0 0.0
0.02078765 0.003372423 -8.175849 0.8801807 1.965392 1.691465 -0.2584687 20.12245 1.256336 0 0.0
-0.05084313 -0.01328213 -7.813818 5.62486 4.856568 3.493574 0.08992415 20.92504 1.519569 0 0.0
0.007155415 0.001628475 -6.275507 -4.300052 1.217945 1.039221 -0.2607419 19.65216 0.6451435 0 0.0
0.0429307 -0.02237388 -5.497511 -3.083582 1.155081 0.9932592 -0.1106105 19.83709 nan 0 0.0
-0.03540535 -0.006043096 -5.552798 -5.718729 1.170483 0.7867334 0.1879324 19.40718 0.8421059 0 0.0
0.04783072 0.02421925 -7.496663 -4.960256 1.479849 1.274355 -0.2690702 20.12729 0.7010841 0 0.0
-0.01219425 0.07059404 -4.209953 -1.109201 0.7130152 0.6130622 -0.2417849 18.90611 1.866573 1 0.03268065
0.0007311551 0.004291304 -4.711844 -3.205863 0.2741542 0.2453312 -0.3271831 17.44699 1.003923 0 0.0
-0.009650787 -0.03415162 -5.000579 -3.918469 0.5631848 0.4364568 -0.06050961 18.68317 0.9494877 0 0.0
0.05783878 0.005277637 -4.916917 -4.65871 0.8579239 0.7407757 -0.2048404 19.20436 0.7053471 0 0.0
0.05913562 -0.02923253 -6.977711 -2.389074 1.039237 0.9160804 -0.4523767 19.64081 0.627821 0 0.0
-0.003200493 0.008668636 -3.318528 -2.704865 1.10068 0.9258915 -0.3083435 19.7152 0.7323608 0 0.0
0.00449289 0.04146546 -3.482871 -7.217093 1.593858 1.267757 -0.2805164 20.15078 1.018766 0 0.0
-0.03931004 0.00115426 -0.6549142 0.9656235 3.380561 2.19308 0.06807647 20.46721 1.114382 0 0.0
-0.02668553 0.05900311 -5.181 -4.063172 0.2856852 0.2463754 -0.2702139 17.63595 1.07266 1 0.9919782
0.05694889 -0.01230778 -5.746932 -6.166839 1.664102 1.409391 -0.3085432 20.39466 0.2834167 0 0.0
0.002938321 -0.03487422 -5.654867 -2.956166 0.1727976 0.1417818 -0.1800983 16.74463 0.234478 0 0.0
0.01783791 -0.005795821 -6.630191 -3.265191 0.8233213 0.7209321 -0.303226 19.37313 nan 0 0.0
-0.01994455 -0.1590227 -15.57573 -7.569402 1.399039 1.122584 -0.2767985 20.11358 1.175838 0 0.0
-0.01756713 -0.04856235 -5.441207 -3.392733 0.1473434 0.1186194 -0.1229764 16.6049 1.148175 1 0.9998557
-0.128136 -0.03484531 -8.221838 4.599349 0.509767 0.4001789 -0.1477174 18.47625 1.14715 1 0.0
-0.02908263 0.001709735 -5.457487 -5.438883 1.593873 1.268972 0.0008661361 20.05031 0.7789593 0 0.0
0.09668952 -0.00891218 -9.885799 -0.4403728 0.2025568 0.1863309 -0.4522046 17.13577 0.9580288 1 0.0
-0.05900965 -0.03601692 -4.372758 -4.422986 0.5773933 0.4509361 -0.04503982 18.88607 0.982811 1 0.9423552
-0.0207496 0.001817939 -6.055893 -3.902932 0.462144 0.2816516 0.7955095 16.79512 nan 0 0.0
0.0167653 -0.04420969 -2.826746 -4.996597 2.146346 1.394737 0.1224719 20.30695 1.281593 0 0.0
-0.007358019 -0.03319781 -5.194357 -2.340306 0.9098076 0.6953937 -0.1238109 19.57498 0.6519184 0 0.0
0.02514418 -0.01049658 -5.898279 -3.016521 1.3609 1.152711 -0.2507797 20.07161 0.7004471 0 0.0
0.01920218 -0.0300918 -5.304373 -3.729207 0.2690354 0.2459597 -0.2534468 17.45405 1.069103 1 0.9994415
-0.01427261 0.04649071 -4.351053 -4.303229 0.9116953 0.7794984 -0.270779 19.42172 0.7429199 0 0.0
0.0434463 -0.0613011 -6.716799 -3.142759 1.663697 1.250249 -0.06076245 20.13589 0.6041203 0 0.0
0.03604773 0.02007789 -4.781858 -3.157967 0.3207201 0.2802195 -0.2974356 17.88535 1.047268 0 0.0
-0.04232419 -0.01883367 -4.665903 -4.999625 1.886143 1.650986 -0.200027 20.26171 1.102013 0 0.0
0.02288734 0.04069892 -8.059326 -0.7278043 2.741409 2.510303 -0.720965 20.35463 -0.1243458 0 0.0
-0.01128767 -0.04529064 -5.56388 -2.695457 1.148256 0.9751248 -0.2689684 19.88118 nan 0 0.0
0.01602568 -0.03614725 -5.627727 -1.223093 1.025388 0.9094605 -0.2762578 19.684 0.6808815 0 0.0
-0.04815011 -0.06066931 -5.074536 0.2713126 2.687154 2.220718 -0.3231901 20.83988 0.7365608 0 0.0
-0.02684866 -0.06387974 -4.946975 -3.357477 0.2889126 0.2339186 -0.118184 17.82237 1.047766 1 0.9976386
-0.0272939 -0.04282842 -5.267726 -3.79022 0.3060978 0.2414863 -0.0819313 17.80905 1.029488 1 0.9988017
0.01532084 0.03405469 -5.3828 -3.754916 0.1506996 0.1312909 -0.1880204 16.2115 0.5007343 1 0.9991572
-0.001149178 0.0074575 -6.691949 -4.066525 0.3960613 0.3602239 -0.3595721 17.93257 1.057724 0 0.0
-0.01046656 0.02334917 -9.789011 -2.071051 2.293641 1.504348 0.1829024 20.26927 nan 0 0.0
-0.007630895 0.01161724 -5.250678 -3.404707 0.4005416 0.230366 0.5306554 16.71547 0.2489719 1 0.9996805
0.0064026 0.05166398 -1.768415 0.5181463 2.08438 1.735128 -0.1936225 20.60589 1.909706 0 0.0
0.03016743 -0.03349441 -5.683455 -3.16805 1.298867 1.122502 -0.2889458 20.00509 nan 0 0.0
-0.02400466 -0.04125239 -5.355854 -2.784126 1.160159 0.9094901 -0.16332 19.92505 nan 0 0.0
0.01181772 0.05658461 -7.530882 -4.443749 3.161135 2.079619 0.1968515 20.70524 0.4062958 0 0.0
-0.01750734 0.04870098 -5.352456 -2.808799 0.8666022 0.737564 -0.278088 19.39709 0.8493271 0 0.0
-0.05367119 -0.03080594 -4.646797 -2.958084 0.6218692 0.5204925 -0.2993436 18.66955 1.038103 0 0.0
-0.01187066 0.1234447 -5.574184 -4.027328 1.871369 1.353414 -0.2604441 20.07244 0.6752472 0 0.0
0.02347142 0.0400923 -0.4021542 -6.779376 2.424496 2.225009 -0.7311266 20.2275 1.10726 0 0.0
-0.02215351 -0.04053494 -5.440904 -3.087183 0.6258081 0.4927674 -0.09371904 18.98578 0.9151936 0 0.0
0.0212615 0.02984635 -3.216162 -1.871004 1.819445 1.250627 0.1030635 20.02309 0.7674809 0 0.0
-0.0283714 -0.06782823 -3.679787 -4.160661 0.7727725 0.6071935 -0.1482362 19.37656 0.7093544 1 0.9461366
0.07480858 -0.04313842 -4.478338 -3.220352 1.199107 1.08711 -0.3418011 19.98255 0.5280933 0 0.0
0.008907614 0.003707391 -7.438274 -3.337004 0.9460831 0.8181946 -0.3048446 19.374 1.037458 0 0.0
-0.01848586 0.0109697 -7.289727 0.766097 1.784653 1.508914 -0.01801851 20.21053 nan 0 0.0
0.01531807 -0.1311883 -14.34386 -5.338795 0.3111994 0.2526689 -0.2443441 18.10542 1.350983 1 0.0
0.02694217 0.007922372 -4.856514 -3.1333 1.545948 1.25837 -0.3611742 20.08069 0.7112713 0 0.0
-0.1557366 0.007580305 -1.592775 -3.830411 1.828079 1.342933 -0.3336921 20.23404 0.7945862 0 0.0
-0.01984672 -0.03930819 -5.570832 -3.354178 0.8061006 0.6264886 -0.1183574 19.41247 0.773119 0 0.0
-0.02498956 0.05765873 -4.20361 -3.484971 0.9128798 0.7740095 -0.2235167 19.45918 0.7213268 0 0.0
0.001272466 0.0054853 -6.146313 -5.611901 0.7291464 0.5921088 -0.2404302 19.0399 0.65448 0 0.0
0.003750039 -0.03566769 -6.271995 -2.439649 1.400369 1.142067 -0.2302592 20.18012 nan 0 0.0
-0.01820252 0.02389202 -3.732508 -5.702098 0.766337 0.6425633 -0.2364508 19.23702 0.6379681 0 0.0
0.002725264 -0.004349009 -5.711612 -3.653243 0.2280045 0.2021052 -0.3119551 17.2317 1.046289 0 0.0
-0.1071453 -0.09331376 -16.63541 -5.330227 0.49471 0.3974755 -0.1687171 18.69178 1.001915 1 0.0
-0.0262951 0.02668508 -4.906881 -3.640354 0.3607176 0.2906364 -0.06095356 18.04626 1.027523 0 0.0
0.01390461 -0.02733318 -3.605675 -3.150502 1.331223 1.054457 -0.1899284 19.94785 nan 0 0.0
0.01492013 0.01620767 -4.225836 -6.178746 1.740026 1.572486 -0.5000097 20.07335 0.4853325 0 0.0
0.003920938 -0.03538541 -0.01922329 -2.361254 2.302261 1.902821 -0.2734099 20.55302 nan 0 0.0
0.01292163 -0.03081973 -6.640751 -2.613835 0.8543047 0.7261451 -0.2704554 19.38666 0.7718773 0 0.0
0.01134309 -0.001122181 -3.484195 -2.600838 0.9164954 0.7884365 -0.338276 19.55371 0.6856976 0 0.0
-0.02249124 0.02705382 -9.081562 -5.583527 0.4976615 0.4114514 -0.2285433 18.11143 1.03764 0 0.0
0.001856395 -0.003412487 -2.565154 -3.095985 1.341142 1.168853 -0.2893862 19.6563 nan 0 0.0
0.01884114 0.04307032 -3.118849 -2.694025 2.099493 1.644737 -0.2098052 20.58317 0.5945587 0 0.0
-0.02801355 0.07377909 -4.151123 -3.46613 1.452494 1.228871 -0.2755655 20.04928 0.8830528 0 0.0
0.00292471 -0.002754469 -5.163403 -3.107434 0.3371713 0.2930453 -0.3004363 17.82299 0.9932766 0 0.0
-0.009731531 -0.1059651 -6.321916 -1.743742 3.857277 2.46931 -0.2505036 20.7114 0.7723923 0 0.0
0.0315142 0.004823942 -8.835294 -3.043954 2.071722 1.730247 -0.4834429 20.43861 -0.7966843 0 0.0
-0.002829157 -0.04199053 -3.571382 -3.564164 1.319964 1.047946 -0.2297372 20.051 nan 0 0.0
-0.02734806 0.01951516 -5.446781 2.927971 0.5277753 0.4145736 -0.08767743 18.79791 1.218946 0 0.0
-0.01576675 0.02773179 -6.711328 -3.660741 0.6965642 0.5703666 -0.2223792 19.00481 0.9053802 0 0.0
0.01339194 -0.02701461 3.125283 3.391671 3.780684 2.623871 -0.06826795 20.55956 nan 0 0.0
0.01073416 0.04864058 -7.626535 -3.590363 1.681963 1.391206 -0.2573084 20.35526 0.8445377 0 0.0
-0.04295634 -0.04921219 -5.656389 -3.357894 1.212569 1.037881 -0.5624008 19.52634 0.7262897 1 0.9905282
-0.02364271 0.01111393 -5.422566 -3.496723 0.1355947 0.1069539 -0.06274144 16.42481 1.168487 1 0.9999247
-0.01954781 -0.03820951 -2.866602 -8.64512 0.8756774 0.6857468 -0.1062228 19.42892 0.7407188 0 0.0
-0.0238956 -0.01095032 15.05113 8.756076 2.358642 1.757105 -0.03522665 19.69528 0.7365208 0 0.0
0.04659348 -0.0142802 -5.362921 -2.922028 1.369871 1.201294 -0.3229427 19.99571 0.6281834 0 0.0
0.00202733 -0.002985243 -5.659921 -3.722299 0.5432086 0.4722109 -0.3013617 18.74504 0.8953838 0 0.0
0.01942991 -0.03115803 -3.529093 -2.085334 1.170553 0.9739465 -0.2264927 19.74539 0.3585148 0 0.0
-0.00644896 0.02177202 -9.062378 -5.703532 1.995037 1.856449 -0.5037465 20.35276 nan 0 0.0
0.02696175 0.03748818 -3.189853 -3.372946 2.211542 2.446502 -0.5972516 20.10298 nan 0 0.0
-0.09417291 -0.03211156 -8.611223 -2.003448 2.007506 1.775554 -0.01708446 20.31251 1.266333 0 0.0
-0.02569711 -0.05376106 -3.645183 -2.940875 1.91859 1.710253 -0.3595567 20.30258 0.5973969 0 0.0
0.00745058 -0.0776867 -6.718401 -4.222753 1.143906 0.8942507 -0.1968783 19.96216 0.6245995 0 0.0
0.005116801 -0.04639275 -11.53646 -4.621982 4.251521 2.683132 0.3578626 20.85532 0.8987617 0 0.0
0.02493879 0.03894574 0.4975412 -4.32922 2.72732 2.457593 -0.7428415 20.35594 0.6784954 0 0.0
-0.007785285 -0.032618 -2.259748 -3.060639 0.9754144 0.7589691 -0.09921364 19.44168 0.7031231 0 0.0
-0.01703588 0.03774523 -10.42305 -1.598611 2.765802 1.826703 0.1280849 20.20351 0.8093414 0 0.0
-0.02258931 0.01613232 -4.908005 -4.074139 0.4000561 0.327276 -0.1779525 18.2777 0.9454899 0 0.0
-0.0755403 0.07060785 -4.708108 -2.719675 1.027283 0.7394402 -0.1227147 19.52024 0.6781406 0 0.0
0.00185611 -0.02632165 -6.157779 -2.705121 0.6851498 0.5578907 -0.1926126 19.06285 0.7370987 0 0.0
0.03097296 0.005152119 -4.937516 -4.320478 0.7420729 0.6061886 -0.2622346 19.16464 0.6773529 0 0.0
0.01691806 -0.0782902 -6.792119 -4.101692 1.066816 0.801457 -0.2241603 19.81424 0.6242962 0 0.0
0.0206568 -0.01573156 -5.472617 -2.777507 0.9465719 0.8277661 -0.1550246 19.4452 0.7083683 0 0.0
-0.07497584 0.1102504 -7.468855 -2.060175 0.7631756 0.4755197 0.004701899 19.03483 0.7630539 0 0.0
-0.1443798 0.03343059 -28.44467 -0.7281525 0.9798854 0.6874266 -0.1357679 19.46726 1.043915 1 0.0
-0.04323698 -0.06350403 -2.461095 -1.838635 3.177819 2.317586 0.1915645 20.75841 1.292751 0 0.0
0.02724669 0.03737178 -4.272473 -3.499069 0.7057549 0.6246549 -0.4384681 18.9962 0.6863384 0 0.0
-0.02666753 -0.0417373 -3.040435 -4.397116 1.158456 0.9135955 -0.1766062 19.94351 0.8151512 0 0.0
-0.05828263 0.07159596 -6.20299 -4.736845 1.41066 1.02438 -0.1335454 19.99971 0.8417797 0 0.0
0.007466807 -0.03803104 -5.513808 -2.629351 0.7456255 0.6029305 -0.2267449 19.28964 0.6567173 0 0.0
0.02773472 -0.01990218 -5.887105 -3.252821 0.5508116 0.4779032 -0.3035896 18.71111 0.9078522 0 0.0
-0.005750841 0.02063145 -6.477333 -2.750275 0.783814 0.6765974 -0.2777376 19.28391 0.7640324 0 0.0
0.08901126 0.03714745 -8.793623 -3.489406 1.826184 1.570304 -0.280499 20.54508 1.198185 1 0.8414676
-0.01026475 -0.01101171 -4.845744 -2.030385 0.9418338 0.7112042 -0.1917332 19.45612 0.5874729 0 0.0
-0.002344202 -0.09165212 -4.377961 -3.523147 0.6564235 0.5276615 -0.1737805 18.96389 0.9308453 0 0.0
0.0125613 -0.08161809 -5.284104 -3.779257 0.1218046 0.10984 -0.3892741 16.26534 0.4431734 1 0.9940236
0.00470481 -0.01578552 -4.884849 -3.66786 0.3282437 0.2497985 -0.2386163 17.64836 1.013784 0 0.0
0.03740537 -0.01981846 -4.461507 -3.655348 1.700795 1.416275 -0.2208082 20.35962 0.7127151 0 0.0
0.06344984 -0.03151549 -2.339046 -2.860278 1.568495 1.359399 -0.3376326 20.3584 0.5826645 0 0.0
0.0008448997 -0.03337311 -3.605167 -4.182811 1.451765 1.203923 -0.4037501 20.08216 0.05866241 0 0.0
0.04428093 -0.0317508 -4.479391 -3.926023 0.5399464 0.4719842 -0.4602518 18.28631 0.9963188 0 0.0
-0.03015098 0.07239394 -7.995476 0.6465162 2.90887 2.633482 -0.4274428 20.71682 0.4890175 0 0.0
