scripts/get_globular_clusters/output/NGC_5466.csv
# %ECSV 0.9
# ---
# datatype:
# - {name: x, unit: deg, datatype: float64}
# - {name: y, unit: deg, datatype: float64}
# - {name: pmx, unit: mas / yr, datatype: float64}
# - {name: pmy, unit: mas / yr, datatype: float64}
# - {name: pmx_e, unit: mas / yr, datatype: float64}
# - {name: pmy_e, unit: mas / yr, datatype: float64}
# - {name: pm_corr, datatype: float64}
# - {name: g_mag, unit: mag, datatype: float64}
# - {name: bp_rp, unit: mag, datatype: float64}
# - {name: filter, datatype: int64}
# - {name: memberprob, datatype: float64}
# meta: !!omap
# - comments: [deg deg mas/yr mas/yr mas/yr mas/yr dimless mag   mag   zeroone float]
# - __serialized_columns__:
#     bp_rp:
#       __class__: astropy.units.quantity.Quantity
#       unit: &id001 !astropy.units.Unit {unit: mag}
#       value: !astropy.table.SerializedColumn {name: bp_rp}
#     g_mag:
#       __class__: astropy.units.quantity.Quantity
#       unit: *id001
#       value: !astropy.table.SerializedColumn {name: g_mag}
#     pm_corr:
#       __class__: astropy.units.quantity.Quantity
#       unit: !astropy.units.Unit {unit: ''}
#       value: !astropy.table.SerializedColumn {name: pm_corr}
#     pmx:
#       __class__: astropy.units.quantity.Quantity
#       unit: !astropy.units.Unit {unit: mas / yr}
#       value: !astropy.table.SerializedColumn {name: pmx}
#     pmx_e:
#       __class__: astropy.units.quantity.Quantity
#       unit: !astropy.units.Unit {unit: mas / yr}
#       value: !astropy.table.SerializedColumn {name: pmx_e}
#     pmy:
#       __class__: astropy.units.quantity.Quantity
#       unit: !astropy.units.Unit {unit: mas / yr}
#       value: !astropy.table.SerializedColumn {name: pmy}
#     pmy_e:
#       __class__: astropy.units.quantity.Quantity
#       unit: !astropy.units.Unit {unit: mas / yr}
#       value: !astropy.table.SerializedColumn {name: pmy_e}
#     x:
#       __class__: astropy.units.quantity.Quantity
#       unit: &id002 !astropy.units.Unit {unit: deg}
#       value: !astropy.table.SerializedColumn {name: x}
#     y:
#       __class__: astropy.units.quantity.Quantity
#       unit: *id002
#       value: !astropy.table.SerializedColumn {name: y}
# schema: astropy-2.0
x y pmx pmy pmx_e pmy_e pm_corr g_mag bp_rp filter memberprob
[from data line 4083]
-0.01694304 -0.02812537 -6.205609 -1.373851 0.7858749 0.6956185 0.2362895 19.78738 0.4893303 0 0.0
-0.008347083 -0.01724688 -4.248357 0.3010806 0.7754686 0.7361357 0.212296 19.88918 0.4972496 0 0.0
-0.0323534 0.004015154 -3.833286 -1.677816 1.182153 1.123881 0.01386247 20.31581 0.5582829 0 0.0
-0.07825453 -0.09063009 -6.030636 -1.812628 0.3357968 0.3078915 0.2221459 18.61395 0.9485722 1 0.9526598
-0.04847532 -0.01632245 -5.169616 -0.5426988 0.124892 0.1233655 0.1611106 17.113 0.9830494 1 0.9998837
0.08141528 0.1567553 -4.415524 -0.8079166 0.4834435 0.5442401 0.2246532 19.13319 0.7469559 1 0.9866068
0.01422943 -0.004501349 -14.6902 -5.456046 2.039721 1.583157 -0.02369348 20.40403 0.6483612 0 0.0
0.09587203 0.09753295 3.083495 -15.95138 1.905041 3.061014 -0.2512234 20.6649 1.228119 0 0.0
0.02049902 -0.05104725 -7.070897 -4.682101 2.511907 1.693708 0.2327471 20.74544 0.536953 0 0.0
0.00877064 0.02670991 -5.585091 -1.007354 0.5049926 0.4763798 0.1971693 19.31859 0.6290073 0 0.0
-0.05699375 -0.000305989 -6.970246 -1.316268 2.811015 2.68535 0.2565224 20.94081 0.3219051 0 0.0
0.01509295 -0.04322612 -6.57434 -0.02675352 1.954441 1.758117 -0.08447796 20.63475 0.6559353 0 0.0
-0.01682137 -0.02189408 -5.650182 -1.435681 0.3022376 0.294841 0.1969289 18.58574 0.8820744 0 0.0
-0.00274297 -0.02582834 -3.509109 -4.284804 1.028993 0.9065358 0.04269406 19.70367 0.5976772 0 0.0
-0.02577007 -0.04441043 -4.697994 -0.1384655 0.3213042 0.2933521 0.1997621 18.50109 0.8440742 0 0.0
0.09888153 -0.01235425 -7.928209 9.306099 2.739673 4.438277 -0.3798166 20.89389 0.3842621 0 0.0
-0.01746602 -0.02832555 -5.927341 -1.293859 0.8091938 0.7153067 0.2755731 19.78593 0.4312 0 0.0
0.005514177 0.02286256 -5.240233 0.3113346 0.6680001 0.6716839 0.0816641 19.64216 nan 0 0.0
-0.01367162 -0.03080567 -5.486405 2.993734 4.323693 3.593874 -0.1308238 20.86794 0.4038944 0 0.0
0.04037698 0.01462087 -2.45461 -2.817384 3.853117 3.149815 -0.6087117 20.66713 0.3471947 0 0.0
0.0681492 0.1174927 -4.863809 -3.613673 2.559718 1.824019 0.1929253 20.70101 0.4224987 0 0.0
-0.006748719 0.02755853 -4.947102 -1.031726 1.14223 1.110977 0.04032755 20.2356 0.5746746 0 0.0
0.009859024 -0.003517657 -7.273123 3.837077 1.680377 2.433648 -0.6397564 20.21609 nan 0 0.0
-0.002139583 -0.0258398 -5.629165 -0.9809715 0.9451363 0.8130822 0.2042333 20.03076 nan 0 0.0
-0.06858489 0.006586448 -8.154709 -2.005324 1.527443 1.303822 -0.02115675 20.52135 0.7468777 0 0.0
-0.005797487 0.02219501 -5.73631 -0.6155577 0.6395377 0.596538 0.2228677 19.58357 0.5392418 0 0.0
-0.04042422 0.001063458 -6.246679 -0.834259 1.077274 1.012288 0.009186125 20.21858 nan 0 0.0
-0.01024839 0.009036549 -5.533918 -1.460046 1.153846 1.062682 0.2295353 20.34015 0.2590427 0 0.0
-0.008870574 -0.02435553 -4.938519 -0.6982131 0.3695903 0.3661875 0.3120292 18.69376 0.7918816 0 0.0
-0.05419063 -0.02365914 -5.811793 -1.398264 2.578965 2.12222 0.2083829 20.89747 0.3086166 0 0.0
-0.01653532 0.006626459 -3.879227 -4.643448 1.116536 1.031909 -0.02332581 19.62195 nan 0 0.0
0.1110077 0.04516823 -4.691996 -1.145167 0.4505197 0.446822 0.2433004 19.15378 0.7708893 1 0.9972581
-0.001147197 -0.01202679 -3.788913 -1.914906 0.3914547 0.4133627 0.3486119 18.69194 0.5374088 0 0.0
-0.01317448 -0.02281203 -5.386348 -0.7925378 0.04167113 0.03792317 0.0592106 14.25889 1.295087 1 0.9999993
-0.004363779 0.01353939 -6.300334 0.4158829 2.316295 2.660774 -0.07901012 20.72713 nan 0 0.0
0.007557634 -0.06498596 -2.168492 -0.8448413 2.983689 2.091928 0.04275359 20.79541 0.4532051 0 0.0
-0.008686544 0.09333355 -5.134348 0.9178479 1.063206 1.042673 -0.02835347 20.11318 0.6384525 1 0.9966014
0.03358665 -0.04385319 -5.014629 -0.1162956 0.657577 0.608266 0.1717029 19.51427 0.3190155 1 0.9996598
0.0735294 0.04483594 -4.630028 -3.223824 1.380287 1.380606 0.0009063606 20.43507 0.4345131 0 0.0
-0.0339509 0.03834602 -0.2587143 0.341967 3.640274 3.312397 0.3699347 20.96294 0.5986691 0 0.0
0.01144098 -0.004179347 -5.438039 -1.306665 0.1346205 0.1326166 0.1678733 17.22486 0.9425602 1 0.9978338
0.0607806 -0.03807892 -9.42196 1.243353 2.002195 1.765022 0.01688959 20.78468 0.402504 0 0.0
-0.01782843 -0.03049033 -4.860383 -0.8887973 0.5598683 0.5018385 0.1776523 19.34037 0.6644955 0 0.0
0.04877001 0.1822305 -2.22535 -21.79861 0.3691545 0.3668686 0.246125 18.87953 0.9764671 1 0.0
-0.05884405 -0.02496699 -7.663002 -0.8669757 2.029715 1.885163 -0.1024591 20.81924 0.2968636 0 0.0
0.005124584 0.04182159 -5.471512 -2.190871 0.8031968 0.7656755 0.3614678 19.66879 nan 0 0.0
0.1032602 0.006820718 -4.303482 -1.385453 1.195282 1.234227 -0.07028447 20.35523 0.5436554 1 0.9957945
-0.05799476 0.00767872 -5.405542 -0.7356723 0.09067372 0.091067 0.04990229 16.44689 0.3408203 1 0.9999941
-0.06756179 0.03427286 -2.551725 -1.453316 1.876401 2.021986 -0.1650264 20.63207 0.7350788 0 0.0
0.01757406 -0.04390094 -6.086974 -0.5124174 0.8993814 0.7924576 0.2336164 19.99925 0.5499802 0 0.0
0.08346252 0.005962035 -5.434511 0.01584039 1.293425 1.319313 -0.08239162 20.40128 0.7222691 1 0.9981595
0.006186346 -0.01203616 -3.671531 -0.8797205 1.634087 1.595006 0.1318216 20.61128 0.632515 0 0.0
0.001574361 -0.00996876 -5.772763 -2.680796 0.7670835 0.7943151 0.2813406 19.80533 -0.3275547 0 0.0
-0.003305279 0.001345673 -6.179943 2.293432 1.555624 1.410419 0.05404692 20.57693 nan 0 0.0
-0.02010729 0.0434103 -6.728414 -2.531617 1.554657 1.242976 0.1200734 20.42471 0.4148235 0 0.0
-0.05836204 -0.02621848 -5.883944 -3.114351 1.87605 1.885419 -0.3236804 20.57994 0.5581188 0 0.0
-0.0904527 -0.04628212 -4.96321 -0.4986882 0.5995871 0.5492294 0.1860508 19.40062 0.6348457 1 0.999304
-0.009858233 0.02440402 -4.374894 -2.262597 1.789508 1.220557 0.1095873 20.40855 0.1624508 0 0.0
0.04596829 0.009887219 -5.403422 0.222187 1.70426 1.718825 0.04628903 20.70272 0.5092831 1 0.9987597
-0.05316357 -0.03433509 -2.48494 -0.4615026 1.950246 1.6209 -0.1017523 20.62823 0.4288368 0 0.0
-0.008786708 0.01659715 -5.71161 -1.975361 1.150485 1.072714 0.05907478 20.23445 nan 0 0.0
0.0126523 -0.04416295 -5.519406 -0.533329 0.524135 0.4665556 0.1986997 19.25411 0.6308365 1 0.9998777
-0.009883281 0.04310176 -5.970018 -3.448173 1.604165 1.422366 0.005200741 20.61834 1.105833 0 0.0
-0.06407976 -0.01343211 -3.4326 0.2979617 2.480396 2.616559 0.03914117 20.84016 0.3508053 0 0.0
0.0002605191 -0.01095106 -5.265762 -4.259245 1.174648 1.302183 0.2892649 19.72124 nan 0 0.0
0.02331696 0.00299615 -5.44539 -0.9089161 0.04271602 0.04438924 0.05156832 14.78276 1.212924 1 0.9999929
-0.002567801 0.009352702 -5.045194 -0.1686958 1.283817 1.24635 0.09025051 20.35326 nan 0 0.0
-0.003627725 -0.01967711 -10.64335 -1.572577 3.352446 1.952188 0.6018364 20.53303 nan 0 0.0
-0.05011491 -0.0245023 -4.666586 -1.718229 1.331869 1.123343 0.1412264 20.39618 0.903326 0 0.0
0.06023795 0.1830661 -5.261077 0.6721678 1.579068 1.536336 0.09251699 20.53876 0.2195473 0 0.0
-0.03639777 -0.02359049 -5.676304 0.09797975 1.327707 1.226611 -0.09408416 20.30308 0.7652607 0 0.0
-0.008817969 -0.03666174 -4.765731 -2.283072 1.441401 1.086756 0.5729767 19.47783 0.4835644 0 0.0
-0.06762146 0.02482962 -6.719815 -3.356345 2.367297 4.069235 -0.2473966 20.89952 0.169323 0 0.0
-0.06259713 -0.02278855 3.548742 -23.07432 1.306769 1.232409 -0.0922654 20.42612 1.750908 0 0.0
-0.006507488 0.02753562 -5.307947 1.521711 1.496333 1.881534 -0.1339632 20.5063 nan 0 0.0
0.0004079924 -0.01083089 -5.826322 6.08574 1.924873 3.882781 -0.5922145 20.3418 nan 0 0.0
0.003865031 0.04057794 -5.189008 -0.1528346 0.6447883 0.5802999 0.2068458 19.58143 0.5322838 0 0.0
-0.002715238 0.009669325 -4.792079 1.327981 2.810992 2.463135 0.3015598 20.71747 nan 0 0.0
-0.003587493 -0.01941199 -8.18821 -0.8187935 1.468419 1.360373 0.2277849 20.28307 0.5289841 0 0.0
-0.02146348 0.09523891 -2.076747 -9.479777 0.6487134 0.5842506 0.1706403 19.60081 0.9214325 1 0.0
-0.003801641 -0.008967345 -6.617705 -1.980328 3.223237 2.146112 0.2217738 20.77679 nan 0 0.0
-0.01580949 0.01990912 -6.652273 0.7967253 1.149536 1.148378 0.1399269 19.77139 0.5336819 0 0.0
0.0106335 0.02679209 -4.560934 -0.9382675 0.6235148 0.5770455 0.2391668 19.50872 0.4872894 0 0.0
0.03174686 0.008981705 -5.781509 0.7886519 0.8253523 0.7431733 0.2085097 19.70838 0.5440083 0 0.0
0.08998804 -0.05397676 -2.652854 -0.5628082 2.096004 1.626895 0.1418521 20.44024 nan 0 0.0
0.01276718 0.003890797 -2.413018 -2.1888 2.081693 3.538764 -0.4442643 20.70021 nan 0 0.0
0.02887935 -0.04357229 -3.665333 -1.165866 1.094331 0.9354523 0.209175 20.2189 0.6706066 0 0.0
-0.04288313 -0.0131148 -5.797831 -3.155038 1.847469 2.111333 -0.264478 20.0247 0.5710125 0 0.0
-0.003358856 0.002711336 -5.748479 -1.680058 1.553769 1.417742 -0.1644827 20.48457 0.4891129 0 0.0
0.0109016 0.02617986 -5.576889 -4.931361 0.9938371 0.9258368 0.1422337 20.18056 0.189909 0 0.0
0.0363931 -0.09319152 -4.721772 0.6146837 1.074865 0.9682762 0.1189731 20.24981 0.8273392 1 0.9967408
0.04219073 0.003923266 -5.588904 -0.4635537 1.066098 1.164101 -0.07642223 20.13167 0.5546761 0 0.0
-0.04451924 -0.04598346 -5.283106 -0.1674936 1.566881 1.28885 0.05392149 20.42198 0.369173 0 0.0
0.01554628 -0.02532178 -7.942181 -1.278847 1.083968 0.9421845 0.2166354 20.14445 nan 0 0.0
-0.01767776 -0.01161142 -4.450687 -0.9950871 0.7228094 0.701485 0.1950983 19.81862 nan 0 0.0
0.03255346 0.04470468 -5.103193 -2.942923 1.422208 1.429933 -0.009324222 20.44557 -0.2816315 0 0.0
-0.05496709 -0.02129935 -7.653417 -1.032614 1.580788 1.51744 -0.1821808 20.55653 nan 0 0.0
0.01463175 -0.005506467 -4.179616 0.3806439 1.274556 1.127801 0.02489156 20.33836 0.6226482 0 0.0
0.08549605 0.04384934 -5.488962 -0.7667281 0.2452627 0.2507462 0.1269699 18.19161 0.9051685 1 0.9999037
0.04659815 0.01018504 -4.340753 0.9541965 0.894442 0.9032074 0.1719407 19.98536 0.6481857 0 0.0
-0.004740353 -0.01477328 -9.090504 16.43773 1.800755 3.504779 -0.2859733 20.42455 nan 0 0.0
-0.0337075 -0.03860985 -5.84495 -1.04802 0.2509285 0.2261847 0.2518542 18.11346 0.9178276 1 0.9998764
0.03207709 0.0249692 -5.909576 -0.641003 0.3456394 0.3437771 0.1568655 18.70738 0.8385105 1 0.9998668
0.0005956167 0.001437175 -9.08649 -10.21316 2.104722 2.266783 -0.0116874 20.11845 0.3735065 0 0.0
-0.009429627 0.0214495 -6.221226 -3.38457 0.5944243 0.5570458 0.1377229 19.35077 0.3608932 0 0.0
0.01554259 -0.0002916455 -5.242395 -0.8092877 0.04036702 0.04056331 0.03939169 14.38335 1.2642 1 0.9998532
0.02144861 -0.03799126 -6.563909 -1.694325 2.823743 2.152901 -0.07397894 20.79728 0.5463257 0 0.0
0.001802358 -0.01494503 -10.748 -3.768732 2.380744 1.550737 0.181525 20.61931 nan 0 0.0
-0.004082783 0.001181668 -5.760364 -1.290645 1.206897 1.154399 0.02920384 20.30245 0.4396286 0 0.0
-0.004995077 -0.01450814 -4.467112 -0.06822595 0.3107163 0.3138901 0.2574988 18.57367 0.8179569 0 0.0
0.02019336 0.004332556 -5.705663 -1.269846 0.7896912 0.7687284 0.1663231 19.86811 0.3081589 0 0.0
0.02877781 -0.01547326 -5.873094 0.01065574 0.9795766 0.9387171 0.1072693 20.19859 0.5002289 0 0.0
-0.00140188 -0.008534436 -6.152758 -2.982518 1.868423 3.152345 -0.4076622 20.64537 nan 0 0.0
-0.02171916 -0.04052798 -4.73579 -1.003443 1.170585 1.022221 0.1686906 20.20549 0.5067062 0 0.0
-0.06949757 0.02511122 -4.321823 -3.277609 3.566272 2.803112 0.04432335 20.99509 0.3873539 0 0.0
-0.06129639 -0.0456279 -2.582295 -3.608074 2.137884 2.717313 -0.6343201 20.47915 0.3995819 0 0.0
-0.07009301 -0.003656932 -3.236293 -7.367962 2.463393 4.492098 -0.3275136 20.85254 0.4953651 0 0.0
-0.01268787 0.009662425 -5.554875 0.01449074 0.4381151 0.4305081 0.1918145 19.00219 0.8044987 0 0.0
-0.03043718 0.09427791 -4.884217 -2.174825 0.7880673 0.7226913 0.07056007 19.78545 0.6406536 1 0.9934819
0.04928311 0.02992351 -4.808626 -2.874043 1.746502 1.758905 -0.1324659 20.65347 0.6388931 0 0.0
-0.03300912 0.007563026 -2.958861 -3.96379 1.888582 1.642962 0.2045822 20.55993 0.4467793 0 0.0
0.009419084 -0.03094918 -5.318615 -2.762551 1.208825 0.9181405 0.2877137 20.07029 0.662302 0 0.0
-0.01340452 -0.0393697 -6.044876 -1.25349 0.6156183 0.5609625 0.2347121 19.16642 0.64361 0 0.0
0.01117272 -0.002884286 -5.881661 -0.4884192 1.582488 2.51425 -0.425186 20.45115 0.4947853 0 0.0
-0.06527024 -0.009008236 -1.692415 0.981759 1.514921 1.416042 -0.04990252 20.54771 0.6095161 0 0.0
-0.01737985 0.006329049 -6.302014 -1.862766 0.670724 0.6408137 0.2136176 19.3112 0.535059 0 0.0
0.04303572 0.002729607 -6.976988 -1.914635 0.7735187 0.7853787 0.113004 19.7558 0.4444809 0 0.0
-0.0406225 0.04305381 -5.089157 -1.792299 0.5823649 0.5321436 0.1878484 19.43571 0.5717888 1 0.9986939
0.02229907 -0.001148739 -3.735726 0.5948532 1.159799 1.242801 -0.1798249 20.2508 nan 0 0.0
-0.06634618 0.09179961 -3.73792 -1.877436 1.576858 1.39065 0.06418799 20.52713 0.8514614 1 0.9885832
0.05667622 -0.0364447 -4.766538 0.3568435 1.39748 1.311043 -0.1092976 20.36402 nan 0 0.0
-0.03331295 -0.02069806 -5.663825 -2.790122 1.176084 1.157278 0.02100968 20.37545 0.5008926 1 0.9976228
0.006843739 -0.01909521 -4.93346 -0.7517908 0.2772642 0.2621031 0.2106482 18.09282 0.927103 0 0.0
0.02478205 0.04317287 -6.77067 0.8782534 1.480389 1.459897 -0.05895674 20.54091 0.5535755 0 0.0
-0.03550672 -0.04531549 -3.843372 -1.023246 1.141303 0.9824975 -0.04615586 20.077 0.6422596 0 0.0
-0.04007053 -0.0913515 -5.462179 -0.6641056 0.1914205 0.1859062 0.174471 17.72201 0.9486504 1 0.9999266
0.03140556 -0.105444 -5.438085 -1.443446 0.665999 0.6084357 0.208142 19.59425 0.6231041 1 0.998518
0.06130648 0.02610749 -4.994098 -1.154318 0.6418022 0.6523535 0.1428831 19.49159 0.6056919 1 0.9995543
-0.03158157 0.02985186 -5.37104 -1.209939 1.08501 0.8001358 0.292744 19.90816 0.7598629 0 0.0
-0.03036147 -0.01468509 -6.54036 -0.240856 1.903119 1.576148 0.1287407 20.62801 0.4355946 0 0.0
0.01811818 -0.01056803 -5.765731 -0.8377107 0.4219062 0.4180853 0.1886057 18.89989 0.6692924 0 0.0
0.01211313 -0.02043179 -4.585481 -0.6628637 0.2893381 0.2728481 0.1895277 18.37155 0.8399067 0 0.0
0.02154082 -0.02985259 -6.04496 -0.6714222 1.70118 1.269831 0.1014921 20.39557 0.5108891 0 0.0
-0.006829483 0.02211687 -4.366615 0.4748687 1.752524 1.980686 -0.1454353 20.63408 0.4619503 0 0.0
0.1800813 -0.04048893 -5.541244 -1.26692 1.432628 1.340471 -0.05542193 20.33744 0.6474304 0 0.0
0.02272798 -0.0008644526 -4.201786 -0.9855866 0.8014526 0.7757136 0.1179367 19.91081 0.3384628 0 0.0
-0.05255338 0.006123283 -1.28806 -6.740371 1.994026 2.064461 -0.4275684 20.62181 0.4747696 0 0.0
0.05977672 0.02951314 -5.327066 -0.2917352 1.496072 1.498679 0.0003347765 20.554 0.9164772 1 0.9984936
0.1852311 -0.0329269 -4.552269 -2.079569 1.380906 1.304548 0.01553797 20.34527 0.6838417 0 0.0
-0.04455928 -0.01375879 -6.123585 -0.2917316 0.6054534 0.5820427 0.2003669 19.5673 0.6263676 0 0.0
0.03317834 -0.02481607 -4.446371 -1.269342 1.791385 1.321046 0.06316344 20.52951 0.5624294 0 0.0
-0.04605988 0.01915507 -5.267895 -0.8277873 0.1750894 0.1700325 0.1402273 17.57459 0.9355412 1 0.9999799
0.02045055 -0.008574423 -5.588791 -0.8290598 0.4151645 0.4429233 0.1634991 19.05629 0.6948624 0 0.0
0.001199058 -0.01707745 -3.550115 -1.218132 0.9037581 0.9014488 0.1136797 20.07963 0.4260616 0 0.0
-0.003694507 -0.01233191 -7.738817 -0.6766123 0.6913623 0.7126304 0.2609026 19.30807 nan 0 0.0
0.04139906 0.005919946 -5.707555 0.2846923 0.9045267 0.8705757 0.09761738 19.84257 0.5322037 0 0.0
-0.003962119 0.001648964 -8.642244 -2.750425 2.460899 2.154098 0.09041763 20.78999 nan 0 0.0
0.01971916 0.0311803 -6.014317 -0.8124957 0.7463762 0.7702766 0.05672933 19.74496 0.6060123 0 0.0
-0.03473178 0.02725505 -7.173691 -3.968343 2.341353 1.414515 0.4197313 20.26756 nan 0 0.0
0.06996199 0.009200421 -4.773803 0.05066151 1.194301 1.281234 -0.03305593 20.29881 0.6702766 0 0.0
0.01891301 -0.03193782 -3.220514 -2.903144 3.191952 2.520638 0.02496496 20.86354 0.5276051 0 0.0
-0.05280679 0.008658277 -3.537266 2.646632 1.947033 1.737584 -0.1729298 20.66644 0.5127392 0 0.0
-0.04823779 -0.0246405 -2.214059 -1.863267 1.897901 2.36275 -0.04889969 20.72751 0.7013378 0 0.0
-0.03508073 -0.01450051 -6.508713 -1.434653 1.257804 1.198665 0.0110061 20.41283 0.5158882 0 0.0
