scripts/get_globular_clusters/output/NGC_5286.csv
# %ECSV 0.9
# ---
# datatype:
# - {name: x, unit: deg, datatype: float64}
# - {name: y, unit: deg, datatype: float64}
# - {name: pmx, unit: mas / yr, datatype: float64}
# - {name: pmy, unit: mas / yr, datatype: float64}
# - {name: pmx_e, unit: mas / yr, datatype: float64}
# - {name: pmy_e, unit: mas / yr, datatype: float64}
# - {name: pm_corr, datatype: float64}
# - {name: g_mag, unit: mag, datatype: float64}
# - {name: bp_rp, unit: mag, datatype: float64}
# - {name: filter, datatype: int64}
# - {name: memberprob, datatype: float64}
# meta: !!omap
# - comments: [deg deg mas/yr mas/yr mas/yr mas/yr dimless mag   mag   zeroone float]
# - __serialized_columns__:
#     bp_rp:
#       __class__: astropy.units.quantity.Quantity
#       unit: &id001 !astropy.units.Unit {unit: mag}
#       value: !astropy.table.SerializedColumn {name: bp_rp}
#     g_mag:
#       __class__: astropy.units.quantity.Quantity
#       unit: *id001
#       value: !astropy.table.SerializedColumn {name: g_mag}
#     pm_corr:
#       __class__: astropy.units.quantity.Quantity
#       unit: !astropy.units.Unit {unit: ''}
#       value: !astropy.table.SerializedColumn {name: pm_corr}
#     pmx:
#       __class__: astropy.units.quantity.Quantity
#       unit: !astropy.units.Unit {unit: mas / yr}
#       value: !astropy.table.SerializedColumn {name: pmx}
#     pmx_e:
#       __class__: astropy.units.quantity.Quantity
#       unit: !astropy.units.Unit {unit: mas / yr}
#       value: !astropy.table.SerializedColumn {name: pmx_e}
#     pmy:
#       __class__: astropy.units.quantity.Quantity
#       unit: !astropy.units.Unit {unit: mas / yr}
#       value: !astropy.table.SerializedColumn {name: pmy}
#     pmy_e:
#       __class__: astropy.units.quantity.Quantity
#       unit: !astropy.units.Unit {unit: mas / yr}
#       value: !astropy.table.SerializedColumn {name: pmy_e}
#     x:
#       __class__: astropy.units.quantity.Quantity
#       unit: &id002 !astropy.units.Unit {unit: deg}
#       value: !astropy.table.SerializedColumn {name: x}
#     y:
#       __class__: astropy.units.quantity.Quantity
#       unit: *id002
#       value: !astropy.table.SerializedColumn {name: y}
# schema: astropy-2.0
x y pmx pmy pmx_e pmy_e pm_corr g_mag bp_rp filter memberprob
[from data line 2641]
-0.05558128 -0.03314207 -14.41666 2.508971 1.895823 1.298079 -0.2379028 20.02369 1.382174 0 0.0
0.1187027 -0.001363701 -3.505258 -2.057519 0.1778518 0.1298709 -0.005983785 17.02182 1.504715 1 0.0
0.00268685 -0.06830277 4.180992 2.846131 3.717864 2.737687 -0.08128426 20.59926 0.6662922 0 0.0
0.08355729 -0.01640373 -2.653629 -5.145321 1.414345 0.8321094 -0.02899543 19.79052 0.8704643 0 0.0
0.008690643 -0.05540984 -0.6190691 1.197868 1.833539 1.173885 -0.04162832 20.16465 0.8233337 0 0.0
0.1162993 0.03867403 -7.081173 0.846304 0.7464966 0.4400488 0.01770338 18.90884 1.067299 1 0.0
0.03955918 -0.01471567 -0.7614049 -2.080886 1.312999 1.088594 -0.03922417 19.76875 0.8101521 0 0.0
0.005460919 -0.01458065 0.1127779 -0.6955598 0.4016599 0.3017193 -0.02785085 17.81686 nan 0 0.0
0.1161143 0.05598946 -7.442362 0.7979273 3.152693 3.045193 -0.1538157 20.87501 0.257616 0 0.0
-0.04925191 -0.03294027 -7.705001 -3.338555 1.317682 0.9094902 -0.06208711 19.69214 1.269638 0 0.0
0.08033227 -0.03105786 -0.4573985 1.843792 1.835043 0.6262052 0.1362109 19.45328 0.9893265 0 0.0
0.0602244 -0.07783333 -7.656132 -9.461993 1.522963 1.010042 -0.09464111 20.15954 1.222237 0 0.0
0.04142575 -0.01442741 0.7371565 -0.7769411 0.4099997 0.3487725 -0.0863808 18.44022 1.169359 0 0.0
0.07312114 0.03107284 -4.9541 -0.7648784 1.258653 0.734445 -0.401666 19.38904 0.9347115 0 0.0
-0.08959665 -0.05388318 -6.506342 -2.943807 1.256915 0.8514379 -0.08062537 19.50629 1.318768 1 0.0
0.1162542 0.03971174 -5.863001 -3.479527 0.8660631 0.549196 -0.08502265 19.45661 1.151773 1 0.0
-0.06855201 -0.03483813 0.2296074 -0.02990882 0.1901489 0.1729782 -0.1575409 16.83428 0.664053 1 0.9979027
0.04460765 -0.01285111 -0.1194519 0.01593865 1.74526 1.024606 -0.06851619 19.86229 0.8715439 0 0.0
-0.108201 0.04886006 -7.88857 0.5803948 0.4476361 0.4635239 -0.2223613 18.34053 1.247934 1 0.0
-0.01996205 -0.1035701 -8.129111 0.3412018 0.2717048 0.3586995 -0.2132771 17.88052 1.682375 1 0.0
0.1222086 -0.001083007 -10.1538 -2.078555 0.7114378 0.4241586 -0.02162575 18.98561 1.128584 1 0.0
-0.03121549 -0.1016767 -4.031199 0.5266048 1.519302 0.8688243 -0.2150243 19.70422 1.11375 0 0.0
-0.01482512 -0.03122243 -9.72246 -1.83588 0.5611049 0.4467627 0.03249288 18.47893 nan 0 0.0
-0.02257926 -0.01901094 3.859421 -2.981328 2.113236 1.785504 -0.4585133 19.8903 nan 0 0.0
0.05117869 0.03030152 -9.433028 1.958804 2.076466 1.136584 -0.2169886 19.94848 0.8183899 0 0.0
-0.01171988 -0.03974356 -7.499359 -0.7545084 1.302161 0.9240356 -0.1698514 19.55812 0.6914215 0 0.0
-0.01257115 -0.02421034 -0.07112526 -0.3443681 0.1288691 0.1190362 -0.1162472 16.32131 1.35222 0 0.0
-0.008067698 -0.02693684 -2.970046 -3.604217 0.8665622 0.6964757 -0.009687623 18.30248 1.090824 0 0.0
0.01291321 -0.02680825 -2.696557 -3.123892 2.473692 0.9565232 0.1512919 19.62653 nan 0 0.0
-0.05280996 -0.0344663 0.3526925 1.430167 1.931019 1.443564 -0.4720213 19.81866 0.7240105 0 0.0
0.05551563 0.03043761 1.11327 -0.9133675 1.763339 1.378073 -0.4156639 19.82371 0.7074928 0 0.0
-0.03184064 -0.1046869 -6.075124 -2.145596 0.09180254 0.09274152 -0.1390564 15.6379 1.668756 1 0.0
0.02869009 -0.02187157 0.5509663 -3.658833 2.164108 0.9175003 0.2319806 19.3245 0.8378696 0 0.0
-0.008576963 -0.1030515 -9.691009 -0.5218058 0.9217102 0.6615012 -0.2479549 18.95545 1.310022 0 0.0
-0.02478969 -0.103828 -5.3718 -3.314291 0.9125084 0.7834135 -0.1980477 19.23783 0.9488258 0 0.0
0.08393711 0.02459601 -10.05753 -0.6210512 0.2340488 0.1598144 -0.0293742 17.0341 1.164413 1 0.0
0.002420585 -0.06757796 -0.7175157 -1.612141 2.192882 1.918992 -0.2634212 20.16783 0.7823944 0 0.0
0.04225165 -0.01715949 3.10553 0.9703416 2.488195 1.097661 0.3581421 19.86077 nan 0 0.0
0.05610201 -0.0121733 -7.425225 -3.805921 1.288686 0.8211534 -0.05818032 19.76153 0.893795 0 0.0
-0.02730292 -0.03296005 -0.1017816 -0.1075696 0.475387 0.4333466 -0.1178901 18.61625 1.071856 0 0.0
-0.03524417 -0.0536564 1.475336 -1.338545 1.037538 0.7129182 -0.1656753 19.4072 0.5719452 0 0.0
0.1005843 -0.03267338 -20.57888 -5.901803 2.837086 3.392118 -0.1360378 20.61516 2.088406 0 0.0
0.02145925 -0.01173959 1.120627 -0.3917754 0.2756124 0.2794453 -0.0392143 17.14285 0.6571007 0 0.0
0.008391076 -0.08070121 -1.433245 -1.10469 1.577924 1.001923 -0.2842302 19.84672 1.029076 0 0.0
-0.04086053 -0.08201952 -12.84763 -7.461096 1.042044 0.7176566 -0.1665152 19.44522 1.815756 0 0.0
-0.02211919 -0.1038915 -5.944204 0.3992844 0.2621766 0.2576952 -0.1474911 17.8054 1.15505 0 0.0
0.1220638 -0.0267747 -4.767321 -2.534689 1.556364 0.848009 -0.001036577 19.90633 1.393837 0 0.0
0.05459265 -0.02417633 -0.9491228 0.5733401 1.306721 0.7803271 -0.06051387 19.83139 0.8339443 0 0.0
0.1142483 0.03431898 -4.235057 -1.707917 1.031297 0.5995227 -0.01618103 19.60476 1.008152 1 4.668869e-05
-0.01556715 -0.0324472 3.940605 -1.647004 2.569269 2.25952 -0.4001142 20.20272 nan 0 0.0
-0.05325048 -0.03215129 1.145915 -1.978961 1.285597 0.8740183 -0.1725447 19.60468 0.7668762 0 0.0
0.07366559 -0.05103949 0.9732316 0.1815155 1.637766 0.9584662 -0.09348412 20.05164 nan 0 0.0
0.03892452 -0.03319734 -5.56744 -4.055723 0.7667341 0.44565 -0.008459958 18.87398 1.366827 0 0.0
-0.003708041 -0.02381967 9.813797 -15.77034 1.486233 1.45683 -0.1500623 19.66584 nan 0 0.0
-0.03395682 -0.05765704 -11.59394 -6.677947 0.7462802 0.5812184 -0.1408338 19.07906 1.082701 0 0.0
0.1082617 0.03416567 -5.511385 -3.640107 0.4238009 0.2859923 0.004288081 18.46142 1.078087 1 0.0
0.05157233 0.03283022 1.435762 -0.1515009 1.881784 1.938204 -0.233651 20.23191 0.5200062 0 0.0
-0.01382995 -0.1113002 -6.016518 -0.5595928 2.3762 1.45049 -0.1922292 20.4153 0.4980507 0 0.0
-0.01765426 -0.02572264 0.00101696 -0.07584674 0.72062 0.6691174 -0.2881584 18.95853 0.2443161 0 0.0
-0.0225437 -0.03319015 1.666327 3.171036 1.58993 1.055438 -0.1291341 19.77598 0.88064 0 0.0
-0.02897721 -0.01936931 1.63408 -1.6307 1.122504 1.039352 -0.3708892 19.33075 0.8923607 0 0.0
-0.01815283 -0.04075656 -0.2872731 -0.4180652 3.601129 3.257709 -0.4658167 20.59942 1.339342 0 0.0
-0.01969802 -0.03262426 -0.8142113 0.2226281 1.316734 0.8774137 -0.1677901 19.72193 0.725069 0 0.0
0.09019192 0.02128058 -9.187482 -1.802918 1.393856 0.7931559 -0.1037638 19.88633 1.911074 0 0.0
0.05603137 0.03129148 1.322032 -0.5316124 0.5289746 0.3868508 0.009414599 18.74937 0.9767895 0 0.0
0.01319998 -0.02269227 -5.008712 -0.6286743 2.954828 1.132789 0.004743099 19.92181 nan 0 0.0
-0.02246227 -0.08264383 -8.303935 -4.808542 0.8312021 0.5840851 -0.1670905 19.05889 1.303051 0 0.0
-0.01333525 -0.01561986 1.318799 0.1515025 0.2976757 0.2671121 -0.1410032 17.74889 1.128605 0 0.0
0.02662659 -0.0176589 0.3206659 -0.06108037 0.140906 0.1206858 -0.02812263 16.54865 1.325217 1 0.9994787
0.05306556 -0.01110538 -8.585821 -5.124375 1.392006 0.8980076 -0.06036029 19.85985 0.8251858 0 0.0
0.1196781 0.0365825 -6.734435 -2.254485 0.4998661 0.3335358 0.003520668 18.70942 1.332718 1 0.0
-0.0190952 -0.01740337 9.49671 1.635338 2.267804 0.9210143 0.05515341 19.44279 nan 0 0.0
-0.00900762 -0.03964377 -10.8161 -3.041409 4.328103 3.358609 -0.1025364 20.62973 nan 0 0.0
0.05914077 -0.01134171 3.058665 -2.552239 1.840572 1.030988 -0.05426981 20.07187 0.6435833 0 0.0
0.06381062 -0.015506 -1.581814 -0.2780426 1.853369 1.514627 -0.09213998 20.25013 0.7592144 0 0.0
-0.01470928 -0.03625017 4.079157 -2.551702 1.161949 1.312401 -0.100648 17.86196 0.7771454 0 0.0
0.04336209 -0.02092182 -13.20499 -4.479208 0.467261 0.3397142 -0.06795038 18.62707 0.922266 0 0.0
0.04574214 -0.01153235 1.111599 -0.4423031 1.214873 0.777991 -0.03980806 19.59321 0.9152012 0 0.0
-0.0300232 -0.07932176 2.559232 0.4572647 2.047206 2.589012 -0.3853674 20.38037 0.7102814 0 0.0
-0.00172627 -0.06590328 -8.754673 -0.09149074 0.8905145 0.6202193 -0.1425602 19.18696 1.073711 0 0.0
-0.06299491 -0.08217819 -6.237206 2.570687 3.631907 3.253809 -0.3591216 20.74394 0.9748707 0 0.0
0.06825492 -0.01073259 -1.054124 -0.5519671 1.413267 0.947774 -0.0947231 19.93472 0.5360184 0 0.0
-0.03162283 -0.1035805 7.524612 2.672213 2.395958 1.380209 0.1245218 19.48595 1.635391 0 0.0
0.0644582 -0.01543443 -7.477157 -2.249274 1.364977 0.9433777 -0.06034144 19.90808 0.6160507 0 0.0
0.009858721 -0.0650727 -8.12741 -1.624438 1.164756 0.8269441 -0.1357361 19.34281 1.027918 0 0.0
0.04297954 -0.01262449 -3.734869 -0.7532972 2.487742 1.163451 0.1646144 20.09752 0.8137779 0 0.0
0.1059323 0.03672696 -3.613757 -1.304762 0.3279034 0.2316546 -0.02411699 18.02823 1.379126 1 0.0
-0.01240813 -0.02854761 9.247755 7.564986 1.638991 1.536881 -0.1690749 19.22461 0.8827972 0 0.0
-0.02790867 -0.03855658 1.05983 -3.039478 2.077707 1.970655 -0.1926811 20.24433 1.010229 0 0.0
0.068522 -0.01043926 -1.629029 -1.277603 1.85628 1.096113 -0.007035797 20.0834 nan 0 0.0
-0.09079005 -0.003836614 -8.119741 0.2952491 1.07564 0.6998248 0.00599828 19.26367 0.9457378 0 0.0
0.002223003 -0.0233847 0.09485984 1.514096 0.6960577 0.6269457 -0.1807537 18.75246 1.067635 0 0.0
0.06323912 -0.001860024 -5.673289 -2.052602 1.605342 1.256619 0.01902914 20.00173 1.046322 0 0.0
0.1088903 0.001876489 -11.71145 -3.736915 2.214183 0.8877851 -0.03759543 19.92211 1.335575 0 0.0
0.04656173 -0.04829543 2.109653 0.3009742 2.12936 0.9268346 0.3254911 19.62123 0.8596153 0 0.0
-0.01223897 -0.05594471 0.4648518 0.1326138 1.317239 0.8930224 -0.1746802 19.74174 nan 0 0.0
-0.06822859 -0.04746431 -10.45967 -7.790105 1.115993 0.777797 -0.1176431 19.48584 1.021683 0 0.0
-0.0485083 -0.01611665 -2.292603 0.7355625 2.271683 1.458587 -0.3304952 20.12395 0.4777451 0 0.0
0.0689543 -0.0962058 -3.558563 -8.693114 0.3540496 0.2946233 -0.05757294 18.3982 1.359478 0 0.0
0.04550651 -0.06644469 -17.94104 -1.487879 0.5281906 0.4448388 -0.2476455 18.5885 1.370018 0 0.0
0.0525428 -0.01024647 0.8428046 2.084103 1.829418 1.0314 -0.06251638 20.03971 0.5359612 0 0.0
0.1191587 0.03845306 -7.196967 -4.435405 0.2356374 0.1686873 -0.008386488 17.48122 1.094496 1 0.0
0.01174026 -0.0348188 1.382012 -0.6462799 1.085857 0.7928761 -0.1158654 19.62646 1.027418 0 0.0
-0.02152603 -0.05175579 -0.6615893 -1.51354 3.251935 2.778072 -0.3519171 20.49051 0.621666 0 0.0
0.0937497 0.004259855 -9.449509 -4.00681 0.9770257 0.5675422 -0.1107113 19.35734 0.9863739 0 0.0
-0.01369449 -0.05603668 -0.3463707 -0.9130637 0.9943881 0.6849319 -0.1704937 19.3284 0.8611279 0 0.0
-0.02050907 -0.07057703 -4.787348 -4.591477 2.378873 1.517841 -0.1690942 20.31557 1.650047 0 0.0
0.06228845 -0.07039743 -9.309052 -3.954624 2.554372 1.835431 -0.430382 20.38115 0.6955051 0 0.0
0.09512984 -0.06035646 -5.032071 -2.519242 1.693987 1.022934 -0.07687927 20.04633 1.077095 0 0.0
0.01008713 -0.06447385 -0.8703749 -1.388878 2.25235 1.878949 -0.3197002 20.23559 nan 0 0.0
-0.1172552 0.04718984 -19.43412 -0.8280611 0.3891808 0.3164347 -0.03909228 18.13109 0.9329433 1 0.0
0.05784718 -0.01016131 -8.386115 1.07103 1.579133 0.8746425 -0.01416372 19.93585 0.5932922 0 0.0
-0.02602893 -0.03040346 -0.05091656 0.1655849 0.124553 0.1233121 -0.04847626 16.19121 1.379945 1 0.9961492
0.1161767 -0.0321343 -7.002743 -3.431387 3.676401 2.890802 -0.203907 20.77271 1.599379 0 0.0
-0.04671611 -0.0554367 -7.453366 -0.04560539 0.7226992 0.548989 -0.1208251 19.05886 1.003292 0 0.0
-0.01874968 -0.07050761 -9.249755 -1.243727 2.726305 1.522613 -0.2090751 20.31804 1.257244 0 0.0
-0.01785248 -0.03004477 0.3404672 -0.405792 0.1138618 0.1070411 -0.1207366 16.08284 1.43463 1 0.9986161
0.08293226 0.03809044 -8.786922 -1.306233 0.9712419 0.5825487 -0.1656465 19.30493 1.277597 0 0.0
0.05340306 -0.09705473 0.3541317 3.628202 0.401956 0.4056569 -0.1384956 18.54201 1.135843 0 0.0
0.01452909 -0.03446483 -0.1428966 -0.5106744 0.7792973 0.5452821 -0.003304073 19.04395 1.089872 0 0.0
0.1181541 -0.02938132 -0.6240361 -2.356505 1.763176 1.071504 -0.1020332 20.16956 1.531168 0 0.0
0.07114269 -0.06426487 -9.309326 -0.7464348 0.9699442 0.6629685 -0.08531869 19.45329 0.9249687 0 0.0
-0.08502781 -0.03459495 -9.077964 -7.722096 1.201114 0.9066914 -0.3210411 19.36539 1.348846 0 0.0
0.09065603 -0.03784825 -0.7003066 0.5317099 1.095865 0.6572009 -0.05737556 19.60815 0.7560005 0 0.0
-0.01506344 -0.03013914 -1.707105 0.4213936 1.261821 1.214817 -0.1724535 19.48029 0.8917809 0 0.0
-0.04713791 -0.01539424 -0.07175183 0.7410074 0.1378296 0.1236112 -0.0921136 16.42668 1.401955 0 0.0
0.05978309 0.03574612 1.068606 -0.1285696 2.228176 1.187974 -0.06863418 20.20714 0.8602333 0 0.0
-0.03431439 -0.05021865 -3.992748 -0.9188099 1.118865 0.7700222 -0.1394879 19.39594 0.8433456 0 0.0
-0.0125426 -0.05883634 -0.6655987 -3.146567 2.608431 2.640178 -0.2298662 20.60711 0.7152786 0 0.0
0.02359417 -0.008143379 -0.006442418 -0.225925 0.2270965 0.1793075 -0.02306338 17.06813 0.4820271 0 0.0
3.333569e-05 -0.05500466 -0.6283652 -0.2553507 1.6123 1.157549 -0.279837 19.72689 0.7654285 0 0.0
0.06005079 -0.06523315 -8.837577 -7.474382 1.525779 1.31386 -0.3458892 20.0999 1.137123 0 0.0
-0.0463732 -0.06522105 -6.462732 0.7296358 1.521745 0.8699519 -0.2005516 19.70191 0.9786587 0 0.0
-0.06700278 -0.03334811 -4.995177 -1.715665 0.3677948 0.3181499 -0.1706876 18.12873 1.08231 1 0.0
0.0264 -0.1130605 -10.6081 -0.3776782 1.284423 1.160528 0.1042044 20.01016 1.047606 0 0.0
-0.00926806 -0.06936411 -6.700694 -2.875262 1.845963 1.079623 -0.1751621 19.8853 1.28532 0 0.0
0.09201262 0.04055266 0.3604781 0.1294684 0.1620404 0.1220543 -0.02712323 16.79774 1.348875 1 0.9895898
0.1133289 0.06343892 -3.157467 -1.613361 3.391862 2.386056 0.0879179 20.67562 1.064978 1 0.115451
-0.03447361 -0.1165029 -4.560464 -0.236909 1.255007 0.7448585 -0.1825853 19.31775 1.341816 0 0.0
0.1216117 0.03959865 -1.775078 -0.5263294 1.37501 0.7809121 -0.002888283 19.96048 0.5970821 1 0.4061853
0.05068666 -0.009492878 -6.841428 -1.328839 2.395281 1.508298 -0.005530596 20.112 0.5968418 0 0.0
0.01512801 -0.03661651 -3.567166 -3.481746 2.077536 1.124789 0.005501849 19.63753 nan 0 0.0
0.1030729 -0.009660977 -7.430648 0.442916 2.578464 1.995427 0.1785261 20.50823 0.7595119 0 0.0
-0.07296072 -0.05745087 -6.416929 1.352272 0.2864195 0.2763852 -0.1326388 17.86705 1.30076 1 0.0
-0.110515 -0.03135351 -2.139294 -3.706242 1.128937 0.7003278 -0.173432 19.35545 1.383989 0 0.0
0.085493 0.04124812 -4.38672 -1.503721 2.212771 1.199617 -0.2582398 20.04963 1.405987 0 0.0
0.03629632 -0.01069609 0.616789 -0.400921 0.3844318 0.4245371 -0.4216898 17.97712 1.171192 0 0.0
-0.07317084 -0.05693241 -6.048421 -6.743556 2.515378 2.014904 -0.1759376 20.62687 1.684811 0 0.0
0.08605366 0.004759434 -8.518948 -1.983928 2.065045 1.840412 -0.09405188 20.45518 0.8370171 0 0.0
-0.0269084 -0.04021156 -0.2108915 2.188462 1.775119 2.223035 -0.2019294 20.40834 0.6513023 0 0.0
-0.02481551 -0.1087681 -6.473868 0.7332283 0.2256219 0.2657513 -0.2139603 17.38359 1.252995 1 0.0
0.01141778 -0.06840711 -9.509648 -3.400925 0.8919338 0.5962232 0.0001104848 19.17303 0.9767742 0 0.0
-0.02596549 -0.04154234 -3.63466 -2.627042 1.652192 1.040778 -0.1829469 19.95233 1.096685 0 0.0
-0.04905085 -0.04290786 0.1206482 -0.419508 0.2005502 0.1891831 -0.04241088 17.18154 1.338312 1 0.9962507
0.08438975 0.03751176 -8.287477 -2.000946 0.5660723 0.4037798 -0.1078183 18.83709 1.114311 0 0.0
-0.03591897 -0.0545343 1.612148 -2.431598 1.977786 1.076487 -0.1364357 20.0226 0.6862831 0 0.0
0.01303291 -0.04101803 -23.99962 -11.82528 3.597258 3.34904 0.03174086 20.40773 nan 0 0.0
-0.09627633 0.0189603 -5.179106 -3.043052 2.345218 2.184197 -0.1169808 20.28286 0.5727272 0 0.0
-0.07363945 -0.03768799 -0.1040257 0.3151997 0.5584534 0.4646044 -0.1786148 18.73626 1.242237 1 0.9771856
0.0228075 -0.1149239 -6.381165 -1.296831 0.4791467 0.5708104 -0.09844181 18.4975 1.138075 1 0.0
-0.0185095 -0.09990354 1.334789 0.2764467 1.415607 0.9285788 -0.1889432 19.77604 0.7045116 0 0.0
0.1144393 -0.01130542 -8.050902 -0.1216803 1.352647 0.7886434 -0.1119858 19.83683 1.128834 0 0.0
0.03099164 -0.09554248 0.9336087 -1.61769 1.45568 1.31941 -0.1782046 20.02466 0.8243885 0 0.0
0.09262008 0.06282931 -1.581862 0.4777899 2.219012 1.111388 -0.1583941 20.21751 0.8202019 0 0.0
