scripts/get_globular_clusters/output/NGC_5634.csv
# %ECSV 0.9
# ---
# datatype:
# - {name: x, unit: deg, datatype: float64}
# - {name: y, unit: deg, datatype: float64}
# - {name: pmx, unit: mas / yr, datatype: float64}
# - {name: pmy, unit: mas / yr, datatype: float64}
# - {name: pmx_e, unit: mas / yr, datatype: float64}
# - {name: pmy_e, unit: mas / yr, datatype: float64}
# - {name: pm_corr, datatype: float64}
# - {name: g_mag, unit: mag, datatype: float64}
# - {name: bp_rp, unit: mag, datatype: float64}
# - {name: filter, datatype: int64}
# - {name: memberprob, datatype: float64}
# meta: !!omap
# - comments: [deg deg mas/yr mas/yr mas/yr mas/yr dimless mag   mag   zeroone float]
# - __serialized_columns__:
#     bp_rp:
#       __class__: astropy.units.quantity.Quantity
#       unit: &id001 !astropy.units.Unit {unit: mag}
#       value: !astropy.table.SerializedColumn {name: bp_rp}
#     g_mag:
#       __class__: astropy.units.quantity.Quantity
#       unit: *id001
#       value: !astropy.table.SerializedColumn {name: g_mag}
#     pm_corr:
#       __class__: astropy.units.quantity.Quantity
#       unit: !astropy.units.Unit {unit: ''}
#       value: !astropy.table.SerializedColumn {name: pm_corr}
#     pmx:
#       __class__: astropy.units.quantity.Quantity
#       unit: !astropy.units.Unit {unit: mas / yr}
#       value: !astropy.table.SerializedColumn {name: pmx}
#     pmx_e:
#       __class__: astropy.units.quantity.Quantity
#       unit: !astropy.units.Unit {unit: mas / yr}
#       value: !astropy.table.SerializedColumn {name: pmx_e}
#     pmy:
#       __class__: astropy.units.quantity.Quantity
#       unit: !astropy.units.Unit {unit: mas / yr}
#       value: !astropy.table.SerializedColumn {name: pmy}
#     pmy_e:
#       __class__: astropy.units.quantity.Quantity
#       unit: !astropy.units.Unit {unit: mas / yr}
#       value: !astropy.table.SerializedColumn {name: pmy_e}
#     x:
#       __class__: astropy.units.quantity.Quantity
#       unit: &id002 !astropy.units.Unit {unit: deg}
#       value: !astropy.table.SerializedColumn {name: x}
#     y:
#       __class__: astropy.units.quantity.Quantity
#       unit: *id002
#       value: !astropy.table.SerializedColumn {name: y}
# schema: astropy-2.0
x y pmx pmy pmx_e pmy_e pm_corr g_mag bp_rp filter memberprob
[from data line 327]
0.01438526 -0.009027569 0.02227003 -0.6474997 1.790501 1.465736 0.06449857 20.55805 nan 0 0.0
0.01613047 -0.008442061 -2.118371 -2.315446 0.7600501 0.6653021 -0.02788672 19.42179 0.9965153 0 0.0
-0.02514786 0.005466939 -2.871084 -2.369428 1.031686 0.8216528 0.06706307 19.74236 0.8099174 0 0.0
0.03796501 -0.05400063 -14.49864 -8.856831 0.2611703 0.2051132 0.04825488 17.62322 0.9522457 1 0.0
-0.01007867 0.03733493 -0.6708771 -2.046582 1.410626 0.9810132 0.1587641 20.29627 0.8435688 0 0.0
-0.02367658 0.02386958 -4.12844 -4.892223 4.263401 2.655894 0.4221772 20.88108 0.5895462 1 0.9546555
0.01382366 -0.01291902 -2.459779 -1.389975 0.4037946 0.270294 0.2037031 18.26906 0.7814255 0 0.0
0.002229637 0.0001240746 -0.7207616 -2.754472 0.7728582 0.6508452 -0.06488996 17.5239 nan 0 0.0
-0.009895683 -0.01042365 -0.07152405 0.4707927 2.658001 1.896934 0.2975915 20.52085 nan 0 0.0
0.0006513613 0.0114399 -0.4345601 -3.16373 1.104447 0.786232 0.1715563 19.49502 nan 0 0.0
-0.01661907 0.009633867 -1.861325 -1.060962 0.3928185 0.3215153 0.1190244 18.3026 0.8925838 0 0.0
0.01256339 -0.04346565 -5.433411 -1.253592 4.823422 3.321509 0.4238231 20.95426 0.7868004 0 0.0
-0.002626372 -0.05501355 -1.544629 -2.66255 1.966947 1.311871 0.2776131 20.33453 0.8744621 0 0.0
0.02276354 0.02337562 0.8856061 -0.2740601 1.001602 0.7337949 0.1114668 19.80746 1.008162 0 0.0
-0.001033156 -0.008552928 0.7152036 -0.1098943 1.658718 1.503091 -0.1659439 20.16311 nan 0 0.0
-0.03367268 -0.06075618 2.981441 -0.5710693 0.2670282 0.2158856 0.02932563 17.74702 0.5919361 1 0.0
-0.01199038 0.01095292 -1.777337 -1.613649 0.2421596 0.2362913 -0.2000601 17.58892 0.5811672 1 0.9999337
0.01702688 0.02526458 -0.6226709 -0.6715404 0.6384881 0.5902869 -0.1076742 19.08155 0.880703 0 0.0
-0.01308225 -0.02303892 -0.1639509 -0.2636211 3.492804 2.286054 0.3598178 20.78622 0.9045544 0 0.0
-0.007893001 0.0237885 -1.176215 -1.063681 1.86361 1.351275 0.2426325 20.39336 0.7767353 0 0.0
0.0061756 0.02142913 0.136383 -2.376234 2.781851 1.226742 0.6811659 19.87589 0.5789776 0 0.0
0.00403559 0.003586379 -2.19159 -1.837731 0.274641 0.2111872 0.07695456 17.47754 0.8989067 0 0.0
-0.02929092 0.005718979 -2.0162 -6.006652 2.047315 1.74537 0.01353378 20.68101 0.1858063 0 0.0
0.001258378 -0.001506229 1.199036 0.3174118 1.630656 1.092836 0.2760922 18.43981 nan 0 0.0
-0.04708687 -0.05799485 -1.79918 -1.38933 0.9520893 0.7695302 0.04657834 19.67608 0.92696 1 0.9884066
0.01359612 -0.009171076 -2.094902 -2.042654 0.5733338 0.5027076 -0.0406791 19.00551 0.9586983 0 0.0
-0.001503667 0.01566801 -1.766937 -0.3951746 0.3474735 0.2463809 0.1694234 17.94611 0.9633236 0 0.0
-0.001048352 0.001857381 -4.458182 0.07206479 0.4786933 0.6885421 -0.8208935 17.0327 nan 0 0.0
0.00619077 0.02079732 2.884724 0.561673 2.094857 1.765469 -0.05533463 20.56951 nan 0 0.0
-0.006117054 -0.002653055 -0.5369744 -1.24602 0.6135958 0.446324 0.2499705 18.10511 nan 0 0.0
-0.01088218 -0.006365783 -1.475055 -5.903325 2.50793 2.673078 -0.4315044 20.27295 0.7250557 0 0.0
-0.008590229 -0.03301188 0.5537207 -0.6230372 2.589848 1.750856 0.3308025 20.6783 0.6214867 0 0.0
0.0103486 -0.006422993 1.253282 -1.777125 2.018396 1.657494 0.1347332 20.58089 nan 0 0.0
0.09021442 -0.02898759 -21.91611 -1.865917 0.6534185 0.5357528 -0.04253861 19.25121 1.529631 1 0.0
0.08751681 -0.006873828 -1.187176 -1.893484 0.3990403 0.342725 -0.1111388 18.46238 1.021898 1 0.9884656
-0.00467563 0.02965172 -1.040281 -1.295117 1.362421 1.094044 0.1146537 20.17907 0.8771439 0 0.0
0.004688097 -0.003313937 -1.456292 -1.657982 0.1593488 0.1384038 -0.09295323 16.18134 0.9652309 0 0.0
0.005082697 -0.0001033958 -1.917261 -1.660485 0.06360324 0.05320011 -0.01873794 14.75263 1.48622 0 0.0
0.01500734 -0.01351558 -6.08445 3.397966 3.78542 2.630243 0.3787863 20.54193 0.9925404 0 0.0
0.01740561 0.003587071 -1.498466 -1.315443 0.2759016 0.2277609 -0.04004627 17.66758 1.018412 0 0.0
0.004308699 -0.003764068 -1.126943 -1.75764 0.3824689 0.3235268 -0.05567477 17.95257 nan 0 0.0
-0.0004564876 -0.002600569 -5.494916 -2.621287 0.917418 0.5803881 0.3528674 18.12436 nan 0 0.0
0.01666199 0.003737774 -2.578083 -1.834266 1.248333 0.9098885 -0.1076171 19.81731 0.8220921 0 0.0
-0.03212736 -0.01931608 -1.899888 -1.346603 0.2344372 0.1966679 0.002192493 17.60055 0.2656059 1 0.9997917
-0.001260853 0.0185648 -3.819266 -1.866464 1.676015 0.9583346 0.4206209 20.08118 nan 0 0.0
-0.001306381 0.01822815 -1.7016 -1.510363 0.8112514 0.6081026 0.09469974 19.44026 0.5929222 0 0.0
0.004779196 0.001827797 -2.476549 -0.6357948 0.2431497 0.1908011 0.04699676 16.31712 0.9355898 0 0.0
0.01745112 0.003065409 3.276277 -0.2977872 1.867334 1.377348 0.199568 20.24728 nan 0 0.0
-0.002854244 -0.005945112 -1.933731 -1.486748 0.4105648 0.3506858 -0.03433622 18.10587 nan 0 0.0
0.006524511 0.009014669 -1.672941 -1.904682 0.3888564 0.294639 0.08423871 18.48636 0.7306843 0 0.0
0.008558278 0.01984695 -1.127494 -1.654875 1.063249 0.7912119 0.1130117 19.84415 1.000654 0 0.0
0.002578731 0.01049814 -5.967965 -10.67461 2.6457 2.631197 -0.2526331 20.32286 nan 0 0.0
0.008375876 0.001162566 7.142354 -2.380068 2.530207 2.79127 -0.4008346 20.47243 nan 0 0.0
-0.0009876702 0.01417408 2.256488 -0.5264768 1.931902 1.430559 0.182405 20.48271 0.1907463 0 0.0
0.0252986 0.03619432 -2.047485 -1.886051 0.4337482 0.3546276 -0.02287924 18.36471 0.9798222 1 0.9987264
-0.04885548 0.03582317 -4.523259 -2.793241 1.649584 1.352204 0.07240073 20.4076 0.9080677 1 0.9057068
-0.001958955 0.0154501 1.30606 -4.269545 2.364046 1.648677 0.2274924 20.21825 nan 0 0.0
0.01757316 0.02298099 -2.457263 -0.01127538 1.004974 0.9429061 -0.2955699 19.56684 0.431572 0 0.0
0.006524387 -0.001439509 -6.078203 7.025798 0.8105004 0.6691664 -0.0429611 17.56097 0.4742508 0 0.0
-0.0006385976 -0.002097506 -4.998144 -2.59542 0.8274899 0.6312404 0.07964581 15.50559 0.8783293 0 0.0
-0.007604394 0.005487014 -1.830777 -1.130948 0.3257934 0.2791398 -0.03810837 17.78698 0.3396759 0 0.0
0.003094628 -0.005674746 -1.693147 -1.423134 0.1302173 0.1116629 -0.07111556 16.29483 1.090703 0 0.0
0.01258007 0.02179571 -1.03919 -0.1213721 0.8967072 0.6690072 0.09545074 19.62701 0.8333282 0 0.0
-0.007665132 0.007947016 -2.493344 -1.687288 0.4036164 0.3512201 -0.06197377 17.93577 0.3039131 0 0.0
-0.0006386169 0.0145403 -0.9400751 -1.349061 2.47252 2.178568 -0.09000722 20.78588 nan 0 0.0
-0.01109489 0.006077279 4.314129 -8.001147 2.422499 1.998628 0.05589094 20.43205 0.7219563 0 0.0
-0.01070031 0.006277558 -3.565538 -0.795539 3.651099 2.360038 0.4198558 20.41795 nan 0 0.0
-0.0100174 0.006777296 -0.08167601 -2.228567 1.226351 0.7957699 0.3644056 19.59903 0.7420731 0 0.0
0.0007727375 -0.01208152 -1.582361 -1.54528 0.06623122 0.05882342 -0.07358236 15.08409 1.37224 1 0.9999757
-0.02098693 -0.06469183 0.7595837 2.250389 3.01344 2.103686 0.2773832 20.99068 0.4774742 0 0.0
0.01845386 0.03663996 -1.845005 -1.360136 0.9237623 0.6828676 0.1089116 19.68137 0.9704628 1 0.9979216
0.002275108 -0.01345625 -5.116892 -4.932045 3.106298 2.414277 0.08125791 20.65528 nan 0 0.0
0.0001201923 -0.001938718 -1.317676 -0.7854742 0.790814 0.7119917 -0.05275005 17.11431 nan 0 0.0
-0.05619992 0.02462776 -4.322262 -1.199545 4.119427 2.649809 0.5065578 20.65509 0.3388824 0 0.0
0.01467276 -0.04020366 -0.6534006 -0.8452869 1.570662 1.138391 0.1614209 20.33624 0.8118362 0 0.0
0.00309473 0.01224336 -2.044272 -1.11839 0.3343866 0.2611649 0.05274597 18.11692 0.9942436 0 0.0
0.008982515 -0.02291677 -3.761001 -0.3956584 1.476289 1.246703 0.01139051 20.32127 1.039427 0 0.0
0.001106556 -0.03341903 -3.439835 -1.762157 1.42777 1.134475 0.07995003 20.2872 0.5036201 0 0.0
0.01063719 0.006909845 0.3476122 -0.534819 1.647453 1.556093 -0.1384805 20.02249 0.6963596 0 0.0
-0.004918214 0.002542575 -1.296705 -1.431375 0.3039273 0.2856945 -0.1784553 17.56866 0.5923538 0 0.0
-0.003309675 0.0205985 -0.3095778 -1.524661 1.585723 1.237495 0.09193357 20.10576 0.8244839 0 0.0
0.005628991 -0.003626751 -1.491474 -2.508565 0.5663813 0.4306107 0.05469328 18.68736 nan 0 0.0
-0.001215279 -0.001695056 -5.780048 8.116581 0.8298425 0.6554989 0.03735854 16.75922 0.6461353 0 0.0
0.005477067 -0.02020113 -3.281228 -1.208588 3.079698 1.987456 0.5029034 20.69915 0.6746731 0 0.0
-0.006785103 0.02273947 -1.947933 -1.356475 0.5768118 0.414128 0.1614595 19.05731 nan 0 0.0
0.01285275 0.0006451112 -1.577155 -1.861466 0.2404691 0.1908729 0.04474745 17.4388 1.069366 0 0.0
-0.05123544 0.00583419 -1.213402 -0.9657627 1.17192 0.914491 0.07734497 20.04383 0.8324642 1 0.993561
-0.05884102 0.02818231 0.0216055 -0.6028353 0.5607183 0.4589747 0.007740604 18.8911 0.9487209 1 0.6442257
0.002472423 -0.006018066 -1.509583 -1.598202 0.3473996 0.2671406 0.05495869 17.71297 nan 0 0.0
-0.009546957 0.007434863 -1.832245 -2.369191 0.5025328 0.3922283 0.08628655 18.38692 nan 0 0.0
-0.006117339 0.02290303 -1.656801 -1.404654 0.2706364 0.2068263 0.08396301 17.75262 0.3057518 0 0.0
0.004005244 0.004369823 -1.324208 -1.709646 0.3332348 0.2598151 0.06420707 17.84758 nan 0 0.0
-0.00236845 -0.04554071 -3.135994 -0.7958125 1.171991 0.9494977 0.05719148 20.08224 0.7341328 0 0.0
-0.006602965 0.02107674 -1.644662 -2.310887 1.435219 0.9759191 0.2337407 20.3 0.8153496 0 0.0
0.009817504 -0.003385054 -1.927155 -1.613846 0.07088111 0.06002102 -0.03223959 15.22671 1.339892 1 0.9998656
-0.005844088 0.01593311 -0.1059682 -3.141971 2.041284 1.605276 0.110959 20.44578 0.9832687 0 0.0
-0.00883389 0.02038005 -0.3303083 -1.270575 0.8766094 0.67996 0.03755429 19.61554 0.7663136 0 0.0
-0.04169226 0.03922504 -2.438605 -0.5746754 0.5512827 0.4246493 0.07167196 18.88196 1.026119 1 0.9726834
0.00921055 0.001167798 -2.472301 -1.587037 0.4382255 0.3411872 0.06963556 18.26768 0.7751465 0 0.0
0.003944686 0.02468022 -1.959054 -2.418543 0.8989532 0.6821169 0.08332157 19.63593 0.9285583 0 0.0
0.009786829 -0.02143763 -1.883008 -1.216037 0.1711522 0.1356515 0.1246363 16.72243 1.169649 1 0.9996686
0.007374243 -0.0006479699 -2.272642 -1.225712 0.4400405 0.3304395 0.09355216 18.44921 nan 0 0.0
-0.01888104 0.03093363 -0.2709815 -1.595318 1.519623 1.157815 0.1372597 20.17005 0.5917816 0 0.0
0.02181993 -0.04336867 -2.547846 -15.33854 0.9952168 0.7124445 0.1332477 19.68525 1.435863 0 0.0
-0.001913408 0.01021776 0.9250437 -2.85968 1.943179 1.789382 -0.1517162 20.40053 nan 0 0.0
-0.004204916 -0.001277361 -1.186529 -0.9586803 0.1796912 0.1576272 -0.07547721 16.70059 0.8653965 0 0.0
0.03106083 -0.05132752 -3.857779 -5.227378 2.006708 1.929816 -0.1914887 20.65934 2.15856 0 0.0
-0.01132242 0.0009960972 -1.588087 -2.062552 0.3885993 0.3284537 -0.01387576 18.3976 0.1631298 0 0.0
-0.00555576 0.01803835 -2.88303 0.8002394 1.620664 1.524696 -0.134905 20.38594 0.6706028 0 0.0
0.07801694 -0.00624535 -13.02915 -5.977866 0.4034914 0.2956121 0.119916 18.22941 0.9050217 1 0.0
0.01511421 0.009972942 -1.697986 -1.54997 0.2659591 0.2185568 -0.02653943 17.60929 1.046585 1 0.9999337
-0.03036434 -0.06733681 -2.075372 -2.729822 1.02525 0.8620806 -0.01398768 19.83937 2.027163 0 0.0
0.002669758 0.004383659 -10.86565 0.5345189 1.881464 1.690119 -0.2883474 19.39811 nan 0 0.0
-0.01038034 -0.06087492 -6.348278 -8.360197 1.974745 1.275557 0.3655462 20.14786 2.165314 0 0.0
0.00306433 0.003774259 -3.54575 -6.587947 1.794798 1.384294 0.1759345 19.47108 nan 0 0.0
0.003474185 0.02027902 2.411982 3.818932 2.704229 2.284463 -0.02278433 20.68079 nan 0 0.0
-0.002019362 -0.06492747 -6.472897 -11.04087 1.576558 1.346875 -0.06977476 20.32047 2.108032 0 0.0
-0.01249129 0.01529976 -2.839287 -4.68798 1.654548 1.19395 0.3371081 20.1194 0.6177349 0 0.0
0.02297433 -0.01667824 -3.562902 -1.113652 0.7641826 0.5825667 0.06065562 19.35013 nan 0 0.0
0.006433427 0.00665528 1.889753 3.315022 3.758671 2.454901 0.3612786 20.75702 nan 0 0.0
0.007860068 0.01313929 -1.874911 -1.584789 0.2604674 0.2134917 -0.01134077 17.74453 0.3046341 0 0.0
0.0101211 0.001234539 -2.95421 -2.065867 0.6665952 0.4869475 0.1476647 18.86731 nan 0 0.0
0.001561911 0.004273514 -5.017924 -4.201295 1.751187 1.709359 -0.2890061 19.15858 nan 0 0.0
-0.04285728 -0.007000592 -1.409749 -3.190847 2.313984 1.474341 0.4288939 20.44411 0.6146984 0 0.0
-0.001200149 0.01943312 -2.414054 -2.162121 1.082527 0.8557671 -0.002337357 19.89043 0.7213898 0 0.0
0.007025286 0.006166515 -1.744337 -1.571942 0.1401719 0.11802 -0.01020212 16.67721 1.000989 0 0.0
0.004187368 0.006030645 -1.751033 -1.545731 0.1015711 0.08352746 0.0009715981 16.07185 1.104627 0 0.0
0.009590138 0.01209976 -1.68361 -1.310088 0.1324221 0.1009461 0.1032167 15.96792 1.269041 1 0.999942
0.02177626 0.003084805 -3.059971 -0.01873398 1.944561 1.863222 -0.213448 20.49327 nan 0 0.0
0.008952513 -0.001712771 -1.847195 -1.971106 0.2940471 0.2278797 0.1835798 17.63332 0.9497852 0 0.0
0.003549785 -0.02327624 -2.028137 -1.643784 1.20845 0.9367213 0.1006848 20.02788 0.9342556 0 0.0
-0.00892457 -0.00289485 -6.883147 -2.763404 2.89791 2.542985 -0.06662192 20.71886 nan 0 0.0
0.01377887 0.01634543 -3.510159 -0.2044095 2.058077 1.735448 0.01095191 20.69318 0.5647221 0 0.0
0.009651013 0.02176525 -1.639745 -1.644511 2.330674 1.939354 0.06863319 20.81408 0.6737995 0 0.0
0.01714734 -0.005156207 3.358825 0.8140151 2.234529 1.992625 -0.09327714 20.55222 nan 0 0.0
0.002609039 0.001167869 -1.973215 -1.280337 0.3607734 0.3008723 -0.05355084 17.64196 nan 0 0.0
0.01676795 -0.005065597 -5.460236 -0.8164177 2.628146 1.852706 0.3325352 20.59784 0.9472752 0 0.0
0.001076339 0.03414212 -4.177555 -2.270072 2.71149 2.403495 0.04404701 20.72162 0.8867226 0 0.0
0.01345977 -0.0001679107 -5.065034 -2.557209 2.930198 2.259611 0.09128454 20.70162 nan 0 0.0
0.0004844108 -0.002856153 -5.821681 -1.722117 0.384452 0.3005772 0.1373859 17.422 nan 0 0.0
0.007510854 0.00139766 -4.70833 -0.1434202 1.085458 0.8848777 -0.130688 19.65836 nan 0 0.0
0.01770925 0.007407003 0.46443 0.2348621 1.532947 1.479333 -0.2104022 20.25797 nan 0 0.0
-0.008135432 -0.0027618 -1.706021 -1.457226 0.4210568 0.3395717 0.05163321 18.4745 0.8440475 0 0.0
-0.003886171 -0.0086917 7.547782 2.878948 1.161514 0.9591922 0.05522702 17.88979 0.5501156 0 0.0
0.01878796 0.04287363 -1.527437 -1.241444 1.843781 1.569617 0.02180935 20.53521 0.4368534 0 0.0
-0.03953414 -0.002414122 -0.1403193 0.03152436 1.421189 1.161945 0.04233254 19.9531 0.9411163 0 0.0
0.006296764 -0.0001725498 -4.223075 -0.9826208 0.5253427 0.4064636 0.07120127 17.99122 nan 0 0.0
0.009969534 0.01160909 -1.974477 0.4390443 3.052162 1.89385 0.5640915 20.39611 nan 0 0.0
-0.02063949 -0.02356463 -1.826259 -1.850441 0.2266832 0.2038992 -0.1358059 17.47137 1.122395 1 0.9996409
-4.673892e-05 -0.03167524 -2.23501 -2.314244 1.40132 1.234411 -0.1110395 20.08638 0.9486446 0 0.0
-0.02030624 -0.007194794 -1.558227 -1.548876 0.4786594 0.3954785 0.02907597 18.75468 0.9842014 0 0.0
-0.01613383 0.02327858 -0.7296448 -2.422259 0.7706304 0.5722158 0.18659 19.23508 0.9664383 0 0.0
0.00748089 0.02990775 -2.76411 -2.186688 2.58768 2.378076 -0.1522777 20.81504 0.5312309 0 0.0
-0.01101878 -0.005286703 -0.5859772 -0.9915855 0.5183178 0.4307393 0.01222503 18.86494 0.822813 0 0.0
-0.002702372 -0.02909985 -2.022365 -1.979186 0.4205403 0.3569542 -0.01544858 18.58117 1.049561 0 0.0
0.004035533 -0.004152211 -1.448387 -0.6888875 0.3766587 0.3115625 -0.006054081 17.92253 nan 0 0.0
-0.01294582 -0.01670032 -1.715861 -1.440712 0.5146249 0.4264498 0.01187915 18.89216 0.9393635 0 0.0
0.02179147 0.003851558 -0.4721807 -0.2517273 1.774111 1.669235 -0.1451545 20.3603 0.9109802 0 0.0
0.01649417 -0.02544608 -2.227854 -2.134275 0.3854523 0.3171176 -0.03672796 18.41619 1.004854 1 0.9972883
0.003109863 0.004736993 8.865472 7.274581 2.065578 2.244592 -0.3534165 19.06969 nan 0 0.0
0.003231237 -0.00103989 -1.153973 -1.725013 0.1389028 0.1171131 -0.06608351 14.8598 1.176493 0 0.0
0.00893776 0.02427724 -4.277446 1.193202 2.185363 1.870887 0.009694875 20.77261 0.9252415 0 0.0
0.0122757 -0.01559833 -1.685879 -1.315254 0.3000571 0.1980757 0.2537522 17.59946 0.4916286 1 0.9999013
0.0004692319 -0.006514925 -10.75627 -6.453457 1.651713 1.254113 0.1327109 19.41763 nan 0 0.0
