scripts/get_globular_clusters/output/NGC_5286.csv
# %ECSV 0.9
# ---
# datatype:
# - {name: x, unit: deg, datatype: float64}
# - {name: y, unit: deg, datatype: float64}
# - {name: pmx, unit: mas / yr, datatype: float64}
# - {name: pmy, unit: mas / yr, datatype: float64}
# - {name: pmx_e, unit: mas / yr, datatype: float64}
# - {name: pmy_e, unit: mas / yr, datatype: float64}
# - {name: pm_corr, datatype: float64}
# - {name: g_mag, unit: mag, datatype: float64}
# - {name: bp_rp, unit: mag, datatype: float64}
# - {name: filter, datatype: int64}
# - {name: memberprob, datatype: float64}
# meta: !!omap
# - comments: [deg deg mas/yr mas/yr mas/yr mas/yr dimless mag   mag   zeroone float]
# - __serialized_columns__:
#     bp_rp:
#       __class__: astropy.units.quantity.Quantity
#       unit: &id001 !astropy.units.Unit {unit: mag}
#       value: !astropy.table.SerializedColumn {name: bp_rp}
#     g_mag:
#       __class__: astropy.units.quantity.Quantity
#       unit: *id001
#       value: !astropy.table.SerializedColumn {name: g_mag}
#     pm_corr:
#       __class__: astropy.units.quantity.Quantity
#       unit: !astropy.units.Unit {unit: ''}
#       value: !astropy.table.SerializedColumn {name: pm_corr}
#     pmx:
#       __class__: astropy.units.quantity.Quantity
#       unit: !astropy.units.Unit {unit: mas / yr}
#       value: !astropy.table.SerializedColumn {name: pmx}
#     pmx_e:
#       __class__: astropy.units.quantity.Quantity
#       unit: !astropy.units.Unit {unit: mas / yr}
#       value: !astropy.table.SerializedColumn {name: pmx_e}
#     pmy:
#       __class__: astropy.units.quantity.Quantity
#       unit: !astropy.units.Unit {unit: mas / yr}
#       value: !astropy.table.SerializedColumn {name: pmy}
#     pmy_e:
#       __class__: astropy.units.quantity.Quantity
#       unit: !astropy.units.Unit {unit: mas / yr}
#       value: !astropy.table.SerializedColumn {name: pmy_e}
#     x:
#       __class__: astropy.units.quantity.Quantity
#       unit: &id002 !astropy.units.Unit {unit: deg}
#       value: !astropy.table.SerializedColumn {name: x}
#     y:
#       __class__: astropy.units.quantity.Quantity
#       unit: *id002
#       value: !astropy.table.SerializedColumn {name: y}
# schema: astropy-2.0
x y pmx pmy pmx_e pmy_e pm_corr g_mag bp_rp filter memberprob
[from data line 3960]
-0.03308272 0.009673016 -0.5453695 2.013445 1.498434 1.461249 -0.1747282 19.8027 0.8868446 0 0.0
-0.03268615 0.01467437 -5.361059 0.9948895 2.753409 2.913962 -0.1589774 20.60991 nan 0 0.0
0.0370966 0.02502792 -2.721282 -5.3805 2.388446 1.448404 0.02136196 19.5634 0.373394 0 0.0
-0.02141711 0.0001279555 -1.010211 -5.43528 1.22728 2.11535 -0.5680878 19.22037 0.8987026 0 0.0
-0.01062243 -0.01179301 -0.1148156 -0.01888668 0.2261142 0.1996008 -0.1097603 15.90858 1.291673 0 0.0
0.004772647 0.05108562 5.539271 0.1388393 2.564005 1.314269 -0.01381314 20.19744 1.003372 0 0.0
-0.004834345 0.003943592 -0.4346594 -0.1968828 0.06929065 0.05826664 -0.003961406 14.0983 1.473482 0 0.0
-0.05069151 0.08981134 -10.69645 -0.7522785 1.914526 1.269847 -0.08575993 20.15963 1.797485 0 0.0
-0.008919222 0.09312293 1.996475 2.427767 1.626209 1.307035 0.06900954 19.84969 1.765139 0 0.0
-0.01760815 0.0276984 -4.069392 -5.92364 0.3102214 0.2869714 -0.1370729 17.50674 1.359735 0 0.0
0.002299546 -0.01578964 -8.594233 -3.261179 1.147659 0.817278 0.02846443 18.57979 0.9744511 0 0.0
-0.006080787 -0.006958961 -1.018866 -2.532659 0.4746202 0.3170475 -0.01391353 16.0552 0.967515 0 0.0
0.0514661 0.06559479 1.366584 -6.339032 2.27476 1.74749 3.962124e-05 20.45184 0.7088127 0 0.0
-0.01175472 0.02183327 -1.426354 0.7957322 1.288341 1.288745 -0.1175945 19.30144 nan 0 0.0
0.02128446 0.06302855 0.1883823 2.339323 2.284057 1.562967 0.02060884 20.21548 1.143488 0 0.0
0.003377393 0.009795469 -0.06509229 -0.3396425 0.06622377 0.06440602 -0.1591514 14.33587 1.503164 0 0.0
-0.02557961 0.01724237 -1.251879 4.923024 2.017432 1.426195 0.02064348 19.65299 0.9664993 0 0.0
-0.07105801 0.0899102 -9.066103 -0.5893928 0.3846064 0.3219291 -0.05626452 18.16017 1.152536 1 0.0
0.006832557 -0.0114566 0.7156284 -3.524086 0.7575334 0.6871319 -0.0625501 17.13264 0.6788292 0 0.0
-0.05695092 -0.003331873 -6.80021 -3.387626 3.389765 2.715996 -0.2466682 20.62651 0.7633209 0 0.0
0.03429835 0.02990528 5.070699 -3.449267 1.679274 1.061396 0.05046865 19.85161 0.6164036 0 0.0
0.004214807 -0.0007522387 0.5349486 -0.4708145 0.3430381 0.2582896 0.0546127 14.90345 nan 0 0.0
-0.03359508 0.006815434 -1.065984 -0.5722683 0.744823 0.7844938 -0.1153331 19.02469 1.077108 0 0.0
-0.005498898 -0.0148515 -1.866196 -1.634843 1.008624 0.7783924 0.01199581 18.76853 nan 0 0.0
0.00289017 -0.01144473 1.604811 -0.959927 0.3367734 0.27308 -0.00476641 14.07978 1.516409 0 0.0
-0.0258325 0.1281011 -6.592968 -6.941936 1.405381 0.8551659 -0.02718291 19.77868 2.153187 1 0.0
-0.03721193 0.06156118 0.2872135 0.1164057 0.7352619 0.7784052 0.006863153 18.88401 1.084848 0 0.0
0.004975456 -0.0131043 0.4793814 -0.2036466 0.2299191 0.1915681 -0.02736079 16.05627 1.294288 0 0.0
-0.02849524 0.01701939 4.749702 -0.1461723 1.216722 1.22273 0.007388884 19.33291 1.033905 0 0.0
0.02580423 0.09464242 -4.933871 -4.274703 2.344247 1.592439 0.05481255 20.25314 1.443708 0 0.0
-0.008801634 0.02749113 0.409217 -0.2033496 0.180793 0.1510856 -0.05033883 16.8674 0.5168972 0 0.0
-0.04756945 0.02422478 -0.1060533 1.456765 2.458554 2.764197 -0.2681372 20.46098 1.22868 0 0.0
-0.02973542 0.09283187 -5.000446 -1.438243 1.044216 0.6522288 0.1406669 19.2889 1.115553 1 4.871937e-05
0.01154708 0.02950086 0.2613395 -2.341986 2.107269 1.576765 -0.124645 20.16494 nan 0 0.0
-0.02987394 0.01250573 6.510963 5.499167 1.639677 1.511661 -0.0932576 19.63121 0.9283295 0 0.0
-0.02472066 -0.002936912 0.06657086 -0.1591951 0.0824502 0.06684193 0.1494598 14.56747 1.476503 0 0.0
0.03434154 0.02395432 0.2891413 0.03760759 0.3827199 0.2934764 0.005456057 17.87792 1.037224 0 0.0
-0.03361752 -0.001542586 -0.9821162 1.193858 1.007165 0.9730425 -0.1142087 19.20005 0.9174957 0 0.0
-0.06011329 -0.01037022 0.2137039 -0.6350574 1.223893 0.9005996 -0.3227005 19.44189 0.8274994 0 0.0
-0.02312953 0.1094296 -6.954307 0.809257 1.055741 0.6684566 -0.08668408 19.33712 1.345692 1 0.0
-0.002318532 -0.01542343 3.64221 -0.9288481 1.060324 0.5723763 0.2327544 17.9654 nan 0 0.0
-0.002986276 0.003203699 0.873725 -0.1802285 0.8296951 0.6589668 0.03850892 16.2768 nan 0 0.0
0.02551228 0.0159683 1.320731 0.774817 0.8946454 0.6114337 -0.0597647 19.17098 0.4354973 0 0.0
-0.009683866 0.0079597 0.6298218 -0.3633171 0.1876033 0.1468532 -0.1009958 16.21037 1.244002 0 0.0
0.01423218 0.05152616 0.6567343 0.5454015 1.019147 0.5446845 -0.02953324 18.98729 1.005606 0 0.0
0.01983936 0.007830541 0.6691614 -0.9913261 0.5246221 0.6366013 -0.2419725 18.65417 0.8764992 0 0.0
-0.005536599 -0.01804822 0.649379 -0.3335694 0.08711466 0.07798587 -0.007413752 14.51279 1.365553 0 0.0
0.0353977 0.09595209 -11.35201 1.025498 0.1546998 0.1169687 0.02343598 16.62902 1.218059 1 0.0
-0.02701255 0.07199007 -1.441769 -0.6160612 2.206101 1.910108 -0.119972 20.2012 0.7862549 0 0.0
-0.02491076 0.08406095 -7.837358 -4.01908 1.016382 0.6157115 0.01126581 19.20629 1.97213 0 0.0
0.02653411 0.08587202 -8.544795 -1.59769 0.1102473 0.09252683 0.0425413 15.94091 0.8376789 1 0.0
-0.06225231 0.01497942 -5.680658 -3.338104 1.577935 0.8388098 -0.05809785 19.23774 1.168215 0 0.0
0.0123241 0.01262444 11.63349 1.858751 2.158307 1.683743 -0.1184185 19.50899 nan 0 0.0
-0.025103 -0.0004537513 0.8535357 -1.380864 0.4506609 0.5140219 -0.09303148 18.40781 1.01232 0 0.0
0.006185176 -0.01026632 0.3914348 -0.3248521 0.2470227 0.1773515 0.09409251 15.85037 1.123003 0 0.0
-0.061872 0.07918514 -4.537285 -1.252287 0.5412817 0.4141337 -0.01312546 18.48905 1.047678 1 0.0
-0.00237558 -0.0170256 5.103358 3.136865 0.8210966 0.7175683 -0.1025374 18.79282 nan 0 0.0
0.02444492 0.01563319 0.800102 -0.5816006 1.010445 0.7038577 -0.4060022 19.09431 nan 0 0.0
-0.007653496 0.0008990795 5.595032 4.002932 1.128535 1.262789 -0.1622669 16.31641 0.6976118 0 0.0
-0.02485551 -0.0001713286 1.678621 -0.758217 1.495268 2.230373 -0.498572 19.47603 nan 0 0.0
0.04236819 0.08845794 -6.74485 -2.98108 1.769762 1.115157 -0.003448286 19.99387 1.261246 0 0.0
0.009557104 -0.006368277 0.2838785 -2.05179 0.3963766 0.3683261 -0.2363697 17.34134 1.116329 0 0.0
-0.03694464 -0.009643755 0.03398436 -0.2963991 0.2994629 0.2038336 0.06560559 17.04391 0.4093876 0 0.0
0.03891469 0.1011677 -4.338126 -0.4041021 0.3874306 0.270255 -0.008833743 18.21042 1.026962 1 0.0
0.03987679 0.0988018 -11.17702 -0.09155675 2.011507 1.746088 0.04752489 20.338 2.244074 0 0.0
-0.003199186 0.05112009 -0.07109391 -2.054173 0.9400123 0.4971406 -0.0147143 19.01671 1.023798 0 0.0
-0.03341241 0.004530564 1.72956 0.4761651 1.781766 1.460045 -0.3049155 19.79546 0.9270802 0 0.0
0.06477805 0.0897402 -8.99951 -1.72628 0.256153 0.1944914 -0.09771877 17.27054 1.090258 1 0.0
-0.007716038 -0.02361418 -3.107271 1.659813 1.009528 0.9614793 -0.1278357 19.04876 nan 0 0.0
-0.04827343 0.02303767 -0.3012648 -7.534772 3.7027 4.362457 -0.1438611 20.70996 1.255007 0 0.0
0.01863846 0.05336327 -7.886056 -5.889302 2.472932 2.518306 -0.06520863 20.14226 0.8675461 0 0.0
-0.04147913 -0.01847867 -0.03908159 -1.038047 1.541746 1.379819 -0.2861164 19.77532 0.5655766 0 0.0
0.0217135 0.1030254 -11.72709 -1.066142 0.720821 0.4629213 0.008522605 18.93967 1.382719 1 0.0
-0.09224699 0.0955602 -7.759434 -2.793756 0.5987247 0.4998491 -0.02519645 18.79838 1.2729 1 0.0
-0.0003570697 -0.01048715 1.98107 -1.95209 0.5422264 0.5283383 -0.2754958 16.45622 0.8103933 0 0.0
-0.06379679 0.06359183 -5.569087 -3.337418 1.603976 1.002226 -0.00439389 19.8567 1.219267 0 0.0
0.05034701 0.06280367 -5.697584 0.9186311 0.06021527 0.04913332 -0.01962727 14.42387 1.46254 1 0.0
0.04177353 0.08519692 -5.140218 -1.708845 1.560185 1.063201 -0.02071915 20.06541 0.8582649 0 0.0
0.03588412 0.1199232 -4.530965 1.911213 0.6575324 0.4220869 0.0361353 18.76387 1.491499 1 0.0
-0.03272691 0.1254187 -5.95463 -2.574787 2.59119 1.082026 0.1970938 19.80532 nan 0 0.0
0.02858212 0.03397949 2.125883 1.765718 1.332587 1.129515 -0.02779352 19.78779 0.5692444 0 0.0
-0.02067373 -0.0008139331 20.83969 -17.42712 1.608617 2.300549 -0.7213512 19.19598 nan 0 0.0
-0.04334212 0.01841537 4.013967 -2.310636 3.824002 2.813341 0.0146679 20.42869 0.8888721 0 0.0
0.03169628 0.01609032 -6.366574 -1.216034 0.5471298 0.479135 -0.1075135 18.66522 0.9967327 0 0.0
-0.08187868 0.04603836 -2.485707 -2.155612 2.900484 1.379379 -0.09758304 20.30632 0.9740543 0 0.0
0.007027855 0.02012144 0.8592956 1.007717 2.215422 1.717762 -0.2031448 19.33478 nan 0 0.0
0.01299639 -0.002081404 4.046036 2.1381 0.4745091 0.3930562 0.1961647 16.95045 nan 0 0.0
-0.02410065 0.04964902 -7.726894 -3.730539 3.192015 1.585649 0.02785303 20.28607 0.6261234 0 0.0
0.07612106 0.08703342 -6.722321 0.09430778 1.687517 1.083669 -0.1422939 19.95544 1.156548 0 0.0
0.003166849 -0.003914538 7.153087 -4.462548 1.009272 0.739398 0.09200496 15.78761 nan 0 0.0
-0.001674192 0.07076585 -0.5548124 -0.6714342 1.719199 0.8427455 -0.003274156 19.78991 0.6699944 0 0.0
-0.03485041 0.003968731 -15.59684 17.82731 2.323603 1.303952 -0.4416604 19.97971 0.3003368 0 0.0
0.06003351 0.06685466 -1.560996 -10.42355 2.040365 1.043137 0.04299208 20.10521 0.9238148 0 0.0
0.008293509 0.01053489 0.02893839 1.420207 0.164814 0.1390419 -0.03156206 16.07105 0.5011492 0 0.0
-0.01920281 0.1261359 -7.279821 -1.857517 0.5141139 0.3794767 -0.003169608 18.61261 1.067234 0 0.0
0.07269571 0.08744334 -9.380571 0.7701938 0.1401858 0.1104043 -0.0469208 16.53022 1.181415 1 0.0
0.05865812 0.06546408 -6.853086 -3.291604 0.6415645 0.3919831 -0.04950481 18.85835 1.05088 0 0.0
0.03248804 0.08467419 -5.71688 -0.6142414 0.1617264 0.1245152 0.01054153 16.78589 1.069456 1 0.0
-0.07371915 -0.01185115 -7.178956 -6.528913 0.3996089 0.3009509 -0.116331 18.13191 1.044544 1 0.0
-0.01252145 0.002915982 -1.144207 2.371327 0.6706283 0.7579017 0.2653249 18.12714 nan 0 0.0
0.0181434 0.007301001 3.874835 -0.9050223 0.8306191 0.8606735 -0.2920181 18.93309 0.9728966 0 0.0
0.006030301 0.04305172 -0.3411426 -0.151408 1.441473 0.8279298 0.06117886 19.58166 0.9729424 0 0.0
0.0263055 0.02009535 0.4580246 -0.04524003 0.6743076 0.5828011 0.1358489 18.73726 0.8692932 0 0.0
0.006768985 0.009425067 0.3653174 0.2747668 0.308522 0.237728 -0.08411386 16.77781 0.6482286 0 0.0
-0.04028273 0.1155136 -8.155585 -3.922573 0.3178929 0.318296 0.02913799 17.88921 1.230261 1 0.0
0.0347014 0.02094044 1.247138 0.5094659 0.8940525 0.6416488 -0.08895897 19.1119 0.8470669 0 0.0
0.02718482 0.07278724 -9.59137 -6.801956 4.508383 3.005656 0.06459471 20.7006 2.533363 0 0.0
-0.04745712 -0.01059186 -4.262205 1.300729 2.235647 1.344219 -0.4758155 19.84328 0.737114 0 0.0
0.01856404 0.1288446 -10.4244 -8.149338 1.693125 0.9487227 0.04060254 19.98218 2.063356 0 0.0
-0.02605252 0.06136289 -0.8917568 0.04190403 0.8318887 0.5463572 -0.1664132 19.03625 1.078634 0 0.0
-0.01132341 0.05038638 1.439436 -0.4885473 0.9318057 0.5854031 -0.02424601 19.18273 0.9540138 0 0.0
0.06711454 0.1016311 -7.303111 -1.337415 1.11242 0.6158571 -0.134439 19.37466 1.110222 1 0.0
-0.03805019 0.01433453 1.337488 -0.625308 3.038093 2.228355 -0.02041092 20.26922 0.8368912 0 0.0
0.08138481 0.1008946 -4.189057 -6.060155 0.8753581 0.5545591 -0.1226961 19.24572 1.417061 1 0.0
0.02582934 0.1053541 -10.06304 -4.39934 3.005153 2.459016 -0.02073373 20.56301 1.494036 0 0.0
0.04214245 0.09204777 -7.381401 -3.025249 2.430712 1.593002 0.1098407 20.23799 0.9464741 0 0.0
-0.05334344 0.04772078 -1.183336 0.5377214 1.878283 1.234759 0.01452557 20.08204 0.6989746 0 0.0
-0.0414507 0.03429008 0.02161459 -0.3021388 0.3717851 0.3220245 -0.1015609 18.15063 1.257219 1 0.9957208
-0.08059504 0.004700703 1.479297 -0.1890799 2.175763 2.516776 -0.1015708 20.51345 0.7973881 0 0.0
-0.04384008 -0.01880512 0.1230016 0.1515559 1.182037 0.7799522 -0.1844859 19.15579 0.8719578 0 0.0
0.03359752 0.04903269 0.4904791 0.6553123 2.423846 1.698813 -0.01571029 20.34652 0.2349262 0 0.0
0.04077907 0.09367406 0.8258619 -4.893405 3.7238 2.493686 0.08516613 20.72512 1.745647 0 0.0
-0.03304818 0.1073102 -5.422862 -4.458842 0.3908754 0.2962933 0.007501226 18.18653 1.231846 1 0.0
0.09295724 0.09274733 -15.1006 -2.351169 2.327937 1.962033 -0.003297605 20.57274 nan 0 0.0
0.01379706 -7.892227e-05 3.730419 4.790214 1.855906 2.020796 -0.1433757 19.02676 nan 0 0.0
0.05939828 0.08460146 6.825338 -5.284711 1.257358 0.7083739 -0.02565799 19.74464 0.9675713 0 0.0
-0.04212719 0.08590231 -10.49407 -2.066983 0.5983164 0.4771797 -0.06471032 18.65479 1.255274 1 0.0
-0.01095417 0.02154355 0.2651304 -0.2027115 0.05640665 0.04750772 0.03117297 14.03213 1.638535 1 0.9997146
-0.03847793 -0.009549651 -0.1870748 -0.3654692 0.8688338 0.5328849 -0.05215942 18.86779 0.9830341 0 0.0
-0.04333936 0.01550095 4.224607 2.835543 2.281993 2.217441 -0.1771158 20.3903 0.7806664 0 0.0
0.02117281 0.1105254 -7.691165 -4.073576 2.557199 1.760043 0.03471894 20.37937 1.387457 0 0.0
-0.06962433 0.09481047 -7.644126 0.5512891 1.779311 1.106082 -0.04986858 19.88948 1.229002 0 0.0
0.01154794 -0.004884818 -0.9588086 1.599225 0.546339 0.49674 -0.1606967 17.59327 0.7818737 0 0.0
-0.02967682 0.002374018 2.316826 -4.913982 1.75331 2.62806 -0.5111829 19.76682 nan 0 0.0
0.05425509 0.09293913 -2.984279 -0.2374076 1.000749 0.5359032 -0.0247955 19.22208 1.562033 1 0.06089723
-0.0264581 0.02045003 3.550918 -4.720191 3.473265 2.100243 0.2252009 20.19251 1.158211 0 0.0
-0.003736923 0.09707185 -11.08669 -9.942701 0.9599665 0.5680207 0.0213476 19.12002 2.058285 0 0.0
0.006294443 0.02259347 -0.1374397 -0.4006983 0.5310376 0.375818 0.07394555 16.53568 0.6271181 0 0.0
0.04398957 0.1173146 -2.142623 0.7842178 0.5709834 0.3742553 0.0002314987 18.77513 1.07638 1 0.001188227
-0.07419068 0.02647059 -4.347117 -0.5956637 1.485272 0.9201011 -0.08325655 19.76239 0.9730377 0 0.0
-0.04365444 0.01617585 10.74065 -8.408845 2.716443 1.474933 -0.09487484 19.8814 0.9326725 0 0.0
-0.087915 0.05147076 9.78687 -6.224714 3.282862 3.468171 -0.1282709 20.48681 1.831516 0 0.0
-0.01128613 0.09269135 -1.057173 -0.6679871 2.537646 1.131449 0.03189317 20.2218 1.100248 0 0.0
0.01674119 0.002353873 1.03044 -2.641352 0.6623453 1.151961 -0.5970353 18.05039 nan 0 0.0
-0.02320789 0.01903654 0.05530463 -0.2847639 0.054252 0.05243843 -0.08359439 13.87585 1.563089 1 0.9993074
0.03881273 0.08219354 -0.07957862 -0.4830737 1.722565 1.104914 -0.02851726 20.071 0.8392525 0 0.0
-0.04723028 0.00953091 0.5522636 -0.04873491 1.179445 0.7468555 -0.1127106 19.44635 0.9647522 0 0.0
-0.02738013 0.0006512059 0.5292613 -0.4695493 1.786415 1.233474 0.62032 19.06425 0.9292393 0 0.0
0.02650677 0.02208651 -3.036689 0.89755 1.100209 0.9191092 0.07578728 19.25606 nan 0 0.0
0.04633082 0.09053311 -10.32648 -3.614748 0.9778254 0.5360549 0.01166266 19.10759 1.469387 0 0.0
-0.03026894 0.04798216 -3.28266 -0.3722905 0.3270237 0.2830067 -0.1158949 17.92303 1.007708 0 0.0
0.01521417 0.05094983 0.3995976 -0.4682627 0.3482975 0.2469558 -0.02421184 17.88939 1.218397 0 0.0
-0.01622192 0.04259911 -3.0931 -1.424751 3.630519 3.106102 0.02510933 20.86302 0.4252434 0 0.0
-0.1108017 0.07155135 -11.7432 -3.343989 2.901214 2.228344 -0.09911812 20.65894 1.904886 0 0.0
-0.0226891 0.02976754 5.238099 -13.20261 2.365632 2.254573 -0.1810005 19.88501 0.8435268 0 0.0
-0.0347349 0.05268251 1.574398 0.1555668 2.64484 1.925748 -0.1108141 20.09535 nan 0 0.0
-0.07727313 0.01193529 -8.68839 -4.819333 2.922479 2.556434 -0.2727848 20.46556 0.7021046 0 0.0
0.02083869 0.005693866 -1.966708 0.5834081 0.622338 0.781232 -0.1725552 18.73064 0.8555317 0 0.0
0.0319691 0.02473042 -1.507076 -0.1587449 1.213047 0.692776 0.0632495 19.43133 0.4494648 0 0.0
0.01147188 -0.004346927 -4.223462 1.942838 1.087813 1.155604 -0.1476968 18.27438 nan 0 0.0
0.02843593 0.02881448 -9.65227 -2.050488 0.6185847 1.089256 -0.5728183 18.53894 1.16328 0 0.0
-0.09809167 0.08363857 -7.092551 -8.309658 3.448585 1.755983 -0.130517 20.54346 1.410727 0 0.0
0.004864602 0.01904216 6.471295 4.238327 0.996335 0.7034675 -0.06763498 18.70355 1.058897 0 0.0
0.009090403 0.08960957 -3.248509 1.170959 2.363625 1.702789 0.09598035 20.32235 1.472763 0 0.0
0.03393865 0.0332663 -6.588232 -2.584053 1.977132 1.756096 0.1715745 19.84915 0.6554413 0 0.0
