scripts/get_globular_clusters/output/NGC_5986.csv
# %ECSV 0.9
# ---
# datatype:
# - {name: x, unit: deg, datatype: float64}
# - {name: y, unit: deg, datatype: float64}
# - {name: pmx, unit: mas / yr, datatype: float64}
# - {name: pmy, unit: mas / yr, datatype: float64}
# - {name: pmx_e, unit: mas / yr, datatype: float64}
# - {name: pmy_e, unit: mas / yr, datatype: float64}
# - {name: pm_corr, datatype: float64}
# - {name: g_mag, unit: mag, datatype: float64}
# - {name: bp_rp, unit: mag, datatype: float64}
# - {name: filter, datatype: int64}
# - {name: memberprob, datatype: float64}
# meta: !!omap
# - comments: [deg deg mas/yr mas/yr mas/yr mas/yr dimless mag   mag   zeroone float]
# - __serialized_columns__:
#     bp_rp:
#       __class__: astropy.units.quantity.Quantity
#       unit: &id001 !astropy.units.Unit {unit: mag}
#       value: !astropy.table.SerializedColumn {name: bp_rp}
#     g_mag:
#       __class__: astropy.units.quantity.Quantity
#       unit: *id001
#       value: !astropy.table.SerializedColumn {name: g_mag}
#     pm_corr:
#       __class__: astropy.units.quantity.Quantity
#       unit: !astropy.units.Unit {unit: ''}
#       value: !astropy.table.SerializedColumn {name: pm_corr}
#     pmx:
#       __class__: astropy.units.quantity.Quantity
#       unit: !astropy.units.Unit {unit: mas / yr}
#       value: !astropy.table.SerializedColumn {name: pmx}
#     pmx_e:
#       __class__: astropy.units.quantity.Quantity
#       unit: !astropy.units.Unit {unit: mas / yr}
#       value: !astropy.table.SerializedColumn {name: pmx_e}
#     pmy:
#       __class__: astropy.units.quantity.Quantity
#       unit: !astropy.units.Unit {unit: mas / yr}
#       value: !astropy.table.SerializedColumn {name: pmy}
#     pmy_e:
#       __class__: astropy.units.quantity.Quantity
#       unit: !astropy.units.Unit {unit: mas / yr}
#       value: !astropy.table.SerializedColumn {name: pmy_e}
#     x:
#       __class__: astropy.units.quantity.Quantity
#       unit: &id002 !astropy.units.Unit {unit: deg}
#       value: !astropy.table.SerializedColumn {name: x}
#     y:
#       __class__: astropy.units.quantity.Quantity
#       unit: *id002
#       value: !astropy.table.SerializedColumn {name: y}
# schema: astropy-2.0
x y pmx pmy pmx_e pmy_e pm_corr g_mag bp_rp filter memberprob
[from data line 1655]
-0.007912637 -0.03115054 -11.66731 -0.6287693 1.798975 1.240654 -0.4727642 19.67904 0.8201675 0 0.0
0.02881352 -0.006428866 -5.613534 -3.276945 1.135515 0.7987522 -0.2019071 19.40103 1.031956 0 0.0
-0.009549972 -0.04668418 -2.604596 -12.96419 3.505663 2.159981 -0.4776244 20.2898 0.9564686 0 0.0
-0.002308994 0.0159461 -2.755658 -3.579901 1.249983 0.5739263 -0.2916959 19.03416 0.6365871 0 0.0
0.1125293 0.03898139 -11.60534 -2.846653 1.341463 0.8955812 0.04999264 20.0805 1.041056 0 0.0
0.05790241 -0.04630953 -4.196494 -4.317356 0.2458654 0.1353106 -0.1504303 17.0345 1.430244 1 0.9768789
-0.03262882 -0.04604227 -5.564834 -0.875284 3.172204 2.095023 -0.5919227 20.42652 0.8976326 0 0.0
0.1126352 0.01347232 -2.811284 1.406589 0.4930281 0.4068863 -0.7298421 17.45965 nan 0 0.0
-0.014986 -0.04266057 -3.273168 -5.957516 3.778091 2.404636 -0.5894036 20.58344 1.086821 0 0.0
-0.085806 -0.030849 -12.13446 -7.614923 0.3630674 0.2474956 -0.3571558 17.87012 1.435017 1 0.0
0.02550902 -0.04304493 -0.4419148 -5.373053 2.551963 1.106337 -0.3252812 20.10961 1.106876 0 0.0
0.02655295 0.04484914 -4.881905 -4.539857 4.227548 3.450832 -0.1621369 20.77767 0.4231834 0 0.0
0.00460272 0.02178248 -1.527059 -1.250691 2.051236 1.059459 -0.317474 19.03251 nan 0 0.0
0.1221232 -0.01101025 -4.854509 -5.01755 0.8099445 0.5432978 -0.01458783 19.31861 1.196825 1 0.7426953
0.08762383 -0.06463029 -9.068075 -4.946695 0.3551388 0.236392 -0.2175512 17.93976 1.135569 1 0.0
-0.0245061 -0.0459285 -3.984254 -4.89895 1.041554 0.5860092 -0.4419816 18.85894 1.454433 0 0.0
-0.02364557 0.01419522 -9.762941 -1.649547 3.182566 2.655406 -0.4457537 20.18536 nan 0 0.0
-0.01961709 -0.1216144 -3.16054 -3.699953 2.253337 1.560368 -0.5404995 20.29439 0.7350235 0 0.0
0.002986327 0.02182071 2.584591 -10.43572 1.887918 1.205987 -0.2710006 19.04317 0.9703197 0 0.0
-0.005685428 0.005009181 4.886736 -0.6226479 1.736105 0.7935171 0.1051552 18.25249 nan 0 0.0
0.001671409 0.01788017 -3.78957 -4.627192 0.4533617 0.3453463 -0.3027697 18.14317 0.7655239 0 0.0
0.04054844 -0.04587071 -2.774789 -4.454551 0.1750522 0.1104158 -0.1993405 16.57887 0.9672022 1 0.0
0.06566442 -0.07245432 -4.006851 -3.652017 1.568642 1.025809 -0.3165847 20.03881 0.9740467 0 0.0
0.02175211 0.05027139 -5.505861 -3.980497 2.34954 1.403202 -0.3201026 20.50964 0.7858582 0 0.0
-0.0120694 -0.04260663 -4.130353 -5.10437 0.8533569 0.5613131 -0.4829003 19.03432 1.099874 0 0.0
-0.03691935 -0.04572385 -4.142815 -4.463061 0.2350422 0.191806 -0.5897989 16.91944 0.5771751 1 0.991736
-0.03350031 -0.1172363 -1.600387 -8.028016 2.971469 1.789369 -0.5283663 20.50762 0.9042206 0 0.0
-0.1127349 -0.03073641 1.045593 0.7146642 3.436749 3.071904 -0.3853012 20.73277 1.124907 0 0.0
0.09796242 -0.07299365 -8.420723 -1.545061 0.8645995 0.5910823 -0.2916526 19.29527 1.087769 1 1.298921e-06
-0.01739734 0.01237735 -16.37621 -1.973951 2.56973 1.361502 0.3673983 19.65985 nan 0 0.0
0.03438452 0.01990924 0.04340629 -7.10882 1.745958 1.26998 -0.6080684 19.88884 0.7997875 0 0.0
-0.01025466 -0.09229657 -4.032859 -1.897104 1.44778 0.9159538 -0.5365888 19.64672 1.946112 0 0.0
-0.0213168 0.01100684 -9.310175 -8.283046 2.760469 1.385188 0.1292882 19.7505 1.14163 0 0.0
0.003983085 -0.06050049 -3.735227 -5.701936 1.259964 0.8489755 -0.4867703 19.66352 0.9042053 0 0.0
-0.03823245 -0.1163726 -7.402365 -5.223659 2.863354 1.735367 -0.4978542 20.32129 nan 0 0.0
-0.09341836 -0.04495736 3.04162 -2.035737 1.55131 0.9825374 -0.3759942 20.00374 1.299618 1 0.0
0.1167782 0.04781346 3.822824 5.045347 1.46269 0.9529965 0.03202327 20.24715 1.666031 0 0.0
-0.01814302 -0.04528579 -4.131029 -4.758413 0.1451568 0.09924065 -0.3857185 16.15022 1.490366 1 0.9951229
0.0007066898 0.04322121 -5.42559 -1.222546 1.971628 1.234893 -0.2983447 20.26634 nan 0 0.0
0.004661374 -0.004527491 1.960266 -1.193369 1.006559 0.6797916 -0.3284483 16.70124 nan 0 0.0
0.02097137 -0.021994 -4.260398 -5.31671 3.02508 1.291341 -0.1107982 19.84267 1.228588 0 0.0
0.02997695 0.008024561 -5.787018 -5.206867 1.168379 0.7258003 -0.4204809 19.54191 0.9491329 0 0.0
-0.07412097 -0.01145386 -5.765654 -3.384241 2.097424 1.340192 -0.4963657 20.22355 1.038443 0 0.0
-0.03587072 0.003631218 -1.916998 -2.30657 0.9002025 0.6145259 -0.4466611 19.07108 1.736683 0 0.0
-0.01761346 -0.04226824 -4.130403 -4.298668 0.9022433 0.5883962 -0.4825945 19.16018 1.190514 0 0.0
-0.05579057 0.03195826 -5.706858 -3.631934 1.047965 0.71385 -0.4665013 19.31583 1.102715 0 0.0
0.03566893 0.0069234 -4.428079 -4.135068 1.075338 0.6880901 -0.3593128 19.56972 1.065899 0 0.0
0.0001515166 -0.02051093 -8.419817 -8.628274 3.551763 2.000161 0.04311844 19.74913 nan 0 0.0
0.0656346 0.002435851 -4.754312 -4.454084 0.7665074 0.4531943 -0.3332845 18.88473 1.20879 1 0.941832
0.0293547 0.05075705 -7.354621 -3.178392 1.135677 0.7120603 -0.3117224 19.61704 1.092228 0 0.0
0.04610598 -0.06234965 -7.170256 -4.841437 2.39095 1.50249 -0.4540728 20.34372 0.9560509 0 0.0
0.02639476 -0.09376923 1.574715 -8.004624 1.931303 1.437989 -0.4870673 20.19772 2.194376 0 0.0
0.01749532 0.01175934 3.837022 -11.58555 3.042678 1.861487 -0.5978016 19.70005 nan 0 0.0
-0.004452463 -0.04231205 -0.9225616 -0.1826541 2.273976 1.484367 -0.4582442 20.02126 0.925436 0 0.0
0.03261797 0.00754279 -6.431071 -4.10624 2.303811 1.813502 -0.5245322 20.20852 0.7333202 0 0.0
0.03554486 -0.1003229 -7.572653 0.5960128 3.346498 2.4455 -0.4668425 20.62792 1.652954 0 0.0
0.02797797 -0.015786 -3.23167 -4.930504 0.4417372 0.2830923 -0.2779268 18.17706 0.6618309 0 0.0
-0.02720517 -0.0798993 -0.881821 -1.558754 1.277619 0.6891465 -0.4720718 19.30289 1.097887 1 0.0
0.09260401 -0.09010709 0.2137646 -4.470677 0.8904075 0.6325391 -0.3012261 19.3097 1.369329 1 8.51326e-05
0.001526777 0.02334282 -4.825123 -4.913052 0.1414208 0.09208389 -0.2933785 15.32542 1.45664 0 0.0
-0.05340915 -0.04133941 -4.851357 -4.274187 0.4847999 0.3338577 -0.4460176 18.27296 1.376041 1 0.947925
0.004180206 0.01610242 -0.1188195 0.007208532 1.828334 0.9780812 -0.1825442 19.01953 nan 0 0.0
0.09187545 0.06996621 -3.621013 -3.319926 1.299728 0.744838 -0.05025571 20.03366 1.534843 1 0.4065151
-0.05728705 -0.01407104 -3.871032 -6.285602 3.394526 2.113746 -0.7182528 20.35541 1.134434 0 0.0
-0.02735723 -0.05966622 -8.370433 -1.640108 2.293964 1.65096 -0.6209475 20.24921 0.8784866 0 0.0
-0.01150614 -0.02209111 -13.00168 2.422363 1.78684 1.330107 -0.6779071 19.67591 nan 0 0.0
-0.03704285 0.00829983 -8.762681 -2.982366 1.186185 0.8645979 -0.46253 19.40681 1.155291 0 0.0
0.02015409 -0.05698599 -1.755683 3.241227 2.985268 2.082469 -0.3842446 20.54488 1.499178 0 0.0
-0.04088327 -0.004092333 -6.071492 -1.728344 0.3749667 0.269257 -0.439141 17.87342 1.32859 1 0.0
-0.04258184 -0.06965649 -2.708635 -4.255421 1.693405 1.091922 -0.5060067 19.93542 0.9256458 0 0.0
-0.003333155 -0.008082717 -4.924704 -4.87908 0.5008863 0.342515 -0.4760463 17.35999 nan 0 0.0
-0.05111429 -0.01361256 0.3763947 -5.138101 3.265548 2.756055 -0.6392789 20.53425 1.147017 0 0.0
-0.06533822 -0.03083187 -13.21487 -16.0844 0.8532456 0.5140637 -0.4686353 18.88547 1.987518 1 0.0
0.03051515 -0.09032997 -4.553607 1.445002 2.134319 1.462618 -0.4776824 20.2957 1.304354 0 0.0
-0.05367511 -0.04022571 0.5583634 -12.19898 1.896777 1.206222 -0.5436836 20.04334 1.742571 0 0.0
0.07426355 -0.02717057 -6.103926 -4.588488 1.082251 0.7452273 -0.242852 19.48756 1.130135 1 0.6672931
-0.02971484 -0.009889153 -4.182084 -6.00945 2.572649 1.763101 -0.6961583 19.98184 0.8951035 0 0.0
-0.05913729 0.007923058 -5.349164 -3.174007 0.844382 0.5673493 -0.4493338 19.06465 1.244436 1 0.5875341
0.02191355 -0.01575343 -2.288866 -3.786989 1.547623 0.9836612 -0.1912214 19.44765 1.021257 0 0.0
0.05539778 -0.07560447 -2.814216 -1.091619 0.6060114 0.3756634 -0.3027766 18.61965 1.708532 1 0.0
0.01531283 -0.0437402 -3.749076 -4.92758 0.2183189 0.148356 -0.397448 16.90118 0.5574169 1 0.9642539
-0.006542491 0.01415294 -7.583852 -4.361196 0.4406439 0.2733792 -0.2460221 16.06041 1.345835 0 0.0
-0.001488057 -0.02088097 6.39325 -8.08821 1.601424 0.828076 -0.481774 19.37792 1.170519 0 0.0
0.01118885 0.02127442 1.875342 -8.757562 2.380436 1.575985 -0.6664354 19.82725 nan 0 0.0
0.01936219 -0.04408066 -5.461007 -4.347563 2.482532 1.206662 -0.4869177 19.98089 1.126732 0 0.0
-0.02867672 -0.07494839 -7.918769 -9.548921 0.7528181 0.502166 -0.4619355 18.86282 1.239361 1 0.0
0.05000435 -0.03488255 -3.071895 -5.003711 0.9231933 0.6026791 -0.2655859 19.29185 1.119581 0 0.0
0.02917865 0.03272123 0.0352057 -6.150465 1.324872 1.065186 -0.5402138 19.37903 1.02047 0 0.0
0.02109188 0.02010115 -6.243666 -4.843204 3.118473 2.542711 -0.6932842 20.31435 1.040384 0 0.0
0.01813445 0.01133576 -6.005708 -5.267738 2.629232 2.063471 -0.7803968 19.75036 nan 0 0.0
0.01338965 -0.01543478 -6.960194 -4.651836 0.5987582 0.4026715 -0.3450529 18.08552 nan 0 0.0
-0.05432386 -0.01029225 -8.124271 -1.012636 4.575421 2.812508 -0.3507852 20.7055 1.187195 0 0.0
0.09075906 -0.05271696 -6.840039 -3.743942 2.024032 1.399987 -0.2619728 20.33304 0.3068905 0 0.0
-0.04017045 -0.02879592 -2.736332 -8.154137 1.238608 0.869478 -0.618692 19.26792 1.410162 1 0.01101838
0.04407565 -0.03225045 -6.239534 -6.135244 2.6816 1.678497 -0.1073535 20.3256 0.9908352 0 0.0
-0.0233869 -0.04089274 -8.344547 -4.905226 1.721642 1.02222 -0.5637775 19.80251 1.002506 0 0.0
0.02092495 -0.01563489 -4.268322 -4.798478 2.391596 1.11842 -0.1410578 19.47867 nan 0 0.0
0.008694394 0.0425188 -6.557923 -6.89481 2.37828 1.736701 -0.01830829 20.11687 nan 0 0.0
0.04341834 -0.04312195 -9.641132 -3.413128 2.652481 1.3401 -0.007465648 20.19231 0.7570839 0 0.0
-0.03295672 -0.01342294 0.2233426 -7.707265 2.092388 1.234577 -0.6543171 19.66183 nan 0 0.0
-0.09545116 -0.03869241 2.093008 -3.939639 2.130213 1.421703 -0.4654066 20.2295 1.625174 0 0.0
0.0240837 -0.01582659 -2.228061 -7.663356 3.20231 1.504839 0.08614614 20.13958 nan 0 0.0
-0.03972717 -0.001291714 -7.262109 -3.36437 1.132618 0.8119218 -0.5086642 19.44911 0.8855801 0 0.0
0.1033841 -0.0210868 -4.040311 -2.682386 1.407696 0.9352463 0.04514294 20.17872 1.287737 1 0.3046437
-0.09090072 -0.01463499 -4.510802 -4.613101 0.237189 0.1732951 -0.3697401 17.27107 0.481842 1 0.9730443
-0.03288413 -0.01399893 -1.537679 -8.966889 0.9778616 0.7689962 -0.5968883 19.0484 0.9917965 0 0.0
0.04805692 -0.04536405 -6.131878 -4.865956 1.229046 0.7218727 -0.2029623 19.40674 0.9714279 0 0.0
-0.01261905 -0.07033193 -6.335142 -1.742547 1.729127 1.295438 -0.378428 19.94326 0.9419842 0 0.0
-0.004419631 0.01326427 -5.914956 -9.678199 2.440539 1.169657 0.4035149 19.2771 nan 0 0.0
-0.02701013 0.0126186 -8.892627 -3.89126 2.131729 1.089712 -0.0275174 19.62164 0.9314537 0 0.0
-0.06686048 -0.0003881245 -5.48516 -5.811926 2.533285 1.991425 -0.6134873 20.32849 1.042343 0 0.0
0.0257802 0.008796712 -6.366851 -12.11228 2.763539 2.267009 -0.5335657 19.89428 0.7938213 0 0.0
0.04271824 0.05934504 -12.96401 -1.550582 0.5905224 0.3611943 -0.2660998 18.75152 1.335516 1 0.0
0.006098254 0.01893661 -9.633187 1.36766 2.276594 1.607993 -0.1836323 18.94872 nan 0 0.0
0.02082876 -0.01470026 -0.5183378 -3.923429 1.99076 1.097612 0.1381453 19.61214 1.161013 0 0.0
0.0334833 -0.07879944 -3.133403 1.918154 0.9560023 0.6657245 -0.4336546 19.20726 1.192764 1 0.0
-0.05278697 -0.0349913 -5.508188 -3.589306 1.304806 0.7348801 -0.5411669 19.35071 1.373928 1 0.8107514
0.04369069 0.05066986 -4.022288 -3.622255 1.708222 1.119607 -0.3857302 20.15144 1.066837 0 0.0
-0.005451427 -0.06081339 -5.682413 -2.816591 1.372926 0.9677456 -0.5305587 19.78589 0.9103374 0 0.0
0.04433315 -0.04503366 -4.266862 -4.022816 1.8099 1.145588 -0.2627889 20.09186 0.941309 0 0.0
-0.001620225 -0.0411599 -0.6544494 -5.248459 1.317646 0.8686835 -0.5026837 19.66994 0.9494534 0 0.0
0.08552987 -0.03129881 -5.222827 -3.326665 1.604272 1.017227 -0.373877 20.03506 0.6616745 0 0.0
-0.008938939 -0.0170172 -7.215284 -3.73634 1.633438 1.023044 -0.4714009 19.44503 nan 0 0.0
0.03678136 -0.05986868 -7.368997 -5.296649 3.253391 2.343475 -0.4361047 20.6443 1.391565 0 0.0
-0.04021377 0.00650145 -5.277726 -3.552564 0.8157509 0.6179391 -0.4258634 19.01444 1.184958 0 0.0
-0.00837506 0.007412184 -4.002036 -3.04518 1.198705 0.7940091 -0.2363175 18.39705 nan 0 0.0
0.08531824 -0.09956639 0.03985113 3.440272 2.287797 1.583483 -0.3069018 20.436 1.002811 0 0.0
-0.06578928 0.01547817 -10.60136 -10.2535 1.691393 1.150346 -0.5199174 20.00468 1.899637 0 0.0
0.00252571 -0.04355937 -4.207237 -4.756267 0.2617402 0.1788791 -0.4009059 17.26821 1.319792 0 0.0
-0.00768508 -0.01703614 -4.196922 -7.238888 1.379088 0.9619303 -0.6892177 19.29997 nan 0 0.0
0.006973141 -0.04091988 -5.100069 -3.819989 0.5367484 0.3554109 -0.4468539 18.42068 1.245977 0 0.0
0.009373808 -0.118038 -8.516946 0.2340601 4.086741 2.76565 -0.2780838 20.5266 2.367723 0 0.0
0.07662675 -0.02669996 -4.9968 -4.181473 0.8638883 0.5731583 -0.2847249 19.26854 1.207897 1 0.8694355
0.006170557 0.01809737 -0.7139367 -8.138772 1.361463 0.7937036 -0.3119076 19.37631 nan 0 0.0
0.03155304 -0.0009406349 -3.600482 -4.136501 1.095629 0.6950843 -0.2409155 19.25869 0.9332027 0 0.0
-0.00401523 -0.1038583 3.481613 0.08662101 0.8140274 0.5515974 -0.4325755 18.98923 1.747959 1 0.0
-0.01528752 -0.04164211 -3.959709 -5.840027 0.6847822 0.4752403 -0.4450299 18.74868 1.262842 0 0.0
-0.02398273 0.0124518 -4.307936 -5.722025 1.166491 0.9615156 -0.3064954 18.90705 0.7956829 0 0.0
0.005490684 -0.04105709 -3.109588 -8.905082 1.09642 0.7144986 -0.4216281 18.81451 1.165192 0 0.0
-0.007447803 0.0211719 -4.787129 -4.544773 1.956482 1.030381 0.05945968 19.6552 nan 0 0.0
0.01043685 -0.09304428 -0.1600471 -0.7913231 2.960968 2.454066 -0.4301159 20.57495 0.9498482 0 0.0
0.01821664 0.002268202 -3.997178 -4.851617 0.08774149 0.05922689 -0.2682447 14.83391 1.40261 0 0.0
-0.05022166 0.02126584 -21.45544 -4.935386 1.377716 0.821497 -0.45578 19.52164 1.222534 0 0.0
0.0107213 -0.04185875 -0.9970318 -1.680497 2.672168 1.258978 -0.4711265 20.02919 0.8411865 0 0.0
-0.07438596 0.0002569975 -6.629456 -5.531469 1.146188 0.8566456 -0.6187926 19.39378 2.154402 1 0.03653753
0.03726238 -0.06176101 2.221669 -3.142825 4.234861 3.486123 -0.3513565 20.79383 nan 0 0.0
-0.03167127 -0.002622967 -12.46073 -5.360543 2.668653 1.940344 -0.4254866 20.13842 nan 0 0.0
0.0189632 0.0449087 1.125796 -7.635175 1.661813 0.9879244 -0.4217873 19.73595 0.8632622 0 0.0
0.001116601 0.02086327 2.346086 -7.347558 1.080865 0.6521428 -0.1992942 19.48867 nan 0 0.0
0.04102059 -0.04204102 -4.264397 -4.486702 0.1212916 0.06584566 -0.0930466 15.58077 1.493469 1 0.9963961
-0.0500646 0.02090355 -4.51216 -5.792848 1.67042 0.8602407 -0.4851986 19.52775 1.008238 0 0.0
-0.01374127 -0.06070003 -4.668669 -0.1421737 1.609334 1.062726 -0.4989312 19.89376 0.9986877 0 0.0
-0.02769792 -0.05085059 1.527972 -5.9016 3.542837 2.35508 -0.3441353 20.67525 0.4745121 0 0.0
-0.01826148 -0.004857664 -8.383418 -2.7108 1.510847 0.9718553 -0.4090635 19.05947 nan 0 0.0
-0.0340967 0.000942696 -5.686878 -3.805138 0.9486523 0.6513908 -0.4709882 19.22897 1.200474 0 0.0
-0.02611007 -0.04279337 -3.692189 -4.461527 1.893921 1.43115 -0.5979999 20.06995 0.9011898 0 0.0
-0.03905946 -0.1007557 -3.474871 -3.343011 3.683594 2.744898 -0.4278692 20.73399 0.9180508 0 0.0
0.03154751 -0.04208214 -1.711291 -5.370859 2.02522 0.8635156 -0.2629449 19.66016 0.9053383 0 0.0
0.08785642 0.03983116 5.94252 -1.812102 0.6851067 0.4737467 -0.03468006 19.15225 1.033108 1 0.0
-0.0402081 -0.04817461 -6.229199 -8.260293 2.535605 1.58458 -0.493037 20.43536 2.14827 0 0.0
0.03534983 -0.02984632 -5.959273 -4.961372 1.130511 0.7189318 -0.3749532 19.33925 nan 0 0.0
0.07776109 -0.002660907 -1.899825 -6.613665 1.976911 1.371733 -0.278614 20.35773 1.392859 1 0.5707966
-0.08762793 0.01130511 -7.800778 0.3138919 2.41778 1.571132 -0.510011 20.35432 0.8472385 0 0.0
0.02150592 -0.007872148 -1.554189 -7.281709 1.7366 1.184965 -0.1810748 19.10992 1.080639 0 0.0
0.02141848 0.06495044 -6.677884 -3.625586 2.734815 1.472227 -0.2261595 20.55772 0.7008286 0 0.0
