scripts/get_globular_clusters/output/NGC_6528.csv
# %ECSV 0.9
# ---
# datatype:
# - {name: x, unit: deg, datatype: float64}
# - {name: y, unit: deg, datatype: float64}
# - {name: pmx, unit: mas / yr, datatype: float64}
# - {name: pmy, unit: mas / yr, datatype: float64}
# - {name: pmx_e, unit: mas / yr, datatype: float64}
# - {name: pmy_e, unit: mas / yr, datatype: float64}
# - {name: pm_corr, datatype: float64}
# - {name: g_mag, unit: mag, datatype: float64}
# - {name: bp_rp, unit: mag, datatype: float64}
# - {name: filter, datatype: int64}
# - {name: memberprob, datatype: float64}
# meta: !!omap
# - comments: [deg deg mas/yr mas/yr mas/yr mas/yr dimless mag   mag   zeroone float]
# - __serialized_columns__:
#     bp_rp:
#       __class__: astropy.units.quantity.Quantity
#       unit: &id001 !astropy.units.Unit {unit: mag}
#       value: !astropy.table.SerializedColumn {name: bp_rp}
#     g_mag:
#       __class__: astropy.units.quantity.Quantity
#       unit: *id001
#       value: !astropy.table.SerializedColumn {name: g_mag}
#     pm_corr:
#       __class__: astropy.units.quantity.Quantity
#       unit: !astropy.units.Unit {unit: ''}
#       value: !astropy.table.SerializedColumn {name: pm_corr}
#     pmx:
#       __class__: astropy.units.quantity.Quantity
#       unit: !astropy.units.Unit {unit: mas / yr}
#       value: !astropy.table.SerializedColumn {name: pmx}
#     pmx_e:
#       __class__: astropy.units.quantity.Quantity
#       unit: !astropy.units.Unit {unit: mas / yr}
#       value: !astropy.table.SerializedColumn {name: pmx_e}
#     pmy:
#       __class__: astropy.units.quantity.Quantity
#       unit: !astropy.units.Unit {unit: mas / yr}
#       value: !astropy.table.SerializedColumn {name: pmy}
#     pmy_e:
#       __class__: astropy.units.quantity.Quantity
#       unit: !astropy.units.Unit {unit: mas / yr}
#       value: !astropy.table.SerializedColumn {name: pmy_e}
#     x:
#       __class__: astropy.units.quantity.Quantity
#       unit: &id002 !astropy.units.Unit {unit: deg}
#       value: !astropy.table.SerializedColumn {name: x}
#     y:
#       __class__: astropy.units.quantity.Quantity
#       unit: *id002
#       value: !astropy.table.SerializedColumn {name: y}
# schema: astropy-2.0
x y pmx pmy pmx_e pmy_e pm_corr g_mag bp_rp filter memberprob
[from data line 2671]
-0.02893344 0.01552184 0.03724991 -8.026959 1.1539 1.006964 0.2269997 18.51123 1.041599 0 0.0
-0.0394966 0.005189892 -4.169153 -5.325101 0.2371845 0.1987903 0.02254695 16.55614 1.888617 1 0.0
-0.02977415 -2.330591e-05 -4.544845 -9.879606 0.7222751 0.6284943 -0.3029515 18.32417 1.752777 0 0.0
-0.03553577 0.009337969 -3.986304 -5.000712 2.016744 1.403564 0.5588587 19.10787 nan 0 0.0
-0.04400481 -0.01467514 -2.945554 -7.150611 0.2467293 0.2127323 -0.006596641 16.20235 1.852463 0 0.0
-0.03522287 0.02086419 -1.704448 -4.16188 0.1991336 0.1598076 -0.181534 16.4509 nan 0 0.0
-0.04812598 -0.01223565 0.5348976 3.021298 0.7269019 0.6212783 0.07595845 18.6195 1.409477 0 0.0
-0.02615657 0.004343637 -3.100125 -7.222533 0.8278455 0.640498 -0.3092178 18.36833 nan 0 0.0
-0.03426882 0.01235012 -0.06750881 -1.931538 0.9089403 0.8046632 0.287376 18.88166 nan 0 0.0
-0.02645087 0.01833396 0.1069959 0.5150479 0.9550375 0.7641849 -0.03121551 18.55127 1.107332 0 0.0
-0.03836676 0.02074095 -1.500221 -4.396037 0.1995106 0.1477277 -0.5691098 15.94249 1.829726 1 0.0
-0.03677328 -0.001618294 3.556915 -9.461161 1.033506 0.8568057 -0.005541623 18.90002 nan 0 0.0
-0.03310886 0.01955075 0.7638711 -4.554517 0.8819106 0.6502838 -0.2771354 18.67027 1.179806 0 0.0
-0.03722302 0.0002545543 -1.562701 -3.455039 0.3373768 0.2846114 0.04994812 16.93132 1.334168 0 0.0
-0.03855519 0.02972067 -0.9993306 -4.2465 0.228894 0.1846905 -0.153515 16.7773 1.803808 0 0.0
-0.0279257 0.001884581 -8.428227 1.93799 1.307606 1.101168 0.04101133 18.09525 1.268929 0 0.0
-0.02924622 0.001167037 0.3161013 -6.212259 0.2061201 0.1768692 0.1268678 16.18209 1.901559 0 0.0
-0.0375106 -0.00759048 -2.369353 -3.605441 0.6742253 0.5519526 0.04182262 18.5662 nan 0 0.0
-0.03738477 0.008915764 -2.142487 -0.7250625 1.017329 0.8248262 0.3971442 19.06802 1.305386 0 0.0
-0.02988671 0.02287057 -4.93411 -6.875877 0.5969302 0.4844579 0.09030787 17.74725 nan 0 0.0
-0.04564611 -0.006287362 -2.689519 -0.210053 0.8297077 0.707468 0.1319491 18.51975 1.214081 0 0.0
-0.03570298 0.03351165 0.537682 -0.1206714 0.3056665 0.227589 -0.2032205 17.12447 1.064552 0 0.0
-0.03957535 0.003955806 -4.233797 -9.330148 0.4809709 0.400924 0.05157977 18.02748 1.681902 0 0.0
-0.03101532 -0.000943029 -2.751558 -4.712202 0.6637145 0.5760977 0.4203444 18.44607 nan 0 0.0
-0.04797907 0.01160819 -4.531551 -5.381748 0.1831114 0.1470086 -0.1701651 16.46493 1.874058 0 0.0
-0.04571975 -0.01839334 -4.093101 -5.25216 0.8227908 0.6699772 -0.05895045 18.82718 1.752869 0 0.0
-0.01910513 0.01171334 -0.7360144 -10.70916 0.1259125 0.09553896 -0.297782 14.13279 2.174948 1 0.0
-0.0276395 0.01751538 -6.676566 -2.732651 1.000554 0.9145154 0.5704519 18.65838 1.114254 0 0.0
-0.04550994 -0.01522323 -4.070258 -4.126106 0.546012 0.4466677 -0.03600572 18.5518 1.672075 0 0.0
-0.03770996 0.03044007 -3.130619 -2.640433 0.4316778 0.3020708 -0.4269614 17.45933 1.281343 0 0.0
-0.03052115 0.0240453 0.1876921 -6.111511 0.37893 0.2901494 -0.3894966 16.89782 1.574754 0 0.0
-0.02238023 0.008931736 3.720756 -4.145201 0.6630857 0.5798503 0.419051 18.322 nan 0 0.0
-0.03164916 -0.001217888 -4.882117 -5.514101 1.661437 1.353503 0.7237177 19.18562 1.258566 0 0.0
-0.04649029 -0.008458318 -0.7832663 -6.816133 1.455511 1.085041 -0.1418239 18.8394 nan 0 0.0
-0.04309558 0.0200886 -2.722229 -1.525003 0.2904683 0.2369243 -0.1041386 16.98374 1.740703 0 0.0
-0.03439804 0.004112235 -4.131852 -1.28082 0.2694334 0.2229429 -0.003761775 17.24053 1.545712 0 0.0
-0.04549815 0.01659898 -0.305002 -8.044787 0.2069399 0.1617651 -0.2906064 16.66421 1.705854 0 0.0
-0.03686002 0.01853854 0.06550235 -9.036925 0.6777225 0.554882 -0.1485007 18.61743 nan 0 0.0
-0.02111258 0.01053419 -1.074426 -4.233367 1.666642 1.417933 0.3073697 18.87547 nan 0 0.0
-0.03271356 0.02255496 3.405054 -1.959737 0.743469 0.6265152 0.06316501 18.03067 1.573606 0 0.0
-0.03777695 -0.001752186 -3.192238 -3.139171 0.1459343 0.1199138 -0.1117953 15.4088 2.042151 0 0.0
-0.04319579 0.00755346 -0.559804 -5.142101 0.7676901 0.5814106 -0.4404395 18.77063 1.352961 0 0.0
-0.03385268 0.03150576 2.148879 -0.1783525 0.4312394 0.3469646 0.1108906 17.93894 1.323441 0 0.0
-0.03349749 -0.003091512 -2.848649 -0.09838348 0.8129699 0.5810419 -0.8546297 16.64325 nan 0 0.0
-0.03662556 0.02748409 -2.462785 -7.485073 1.052848 0.8867491 0.4622435 18.99549 1.287474 0 0.0
-0.03944059 -0.002788526 1.047655 -9.055268 0.1510204 0.1242704 -0.06454562 16.09249 1.885309 1 0.0
-0.02166841 0.01545693 -3.322961 -0.03949871 0.1073141 0.08133414 -0.1475789 14.89937 1.798034 1 0.0
-0.03934598 0.02501684 -2.228661 0.7557731 0.7855471 0.6501917 0.2155516 18.75365 nan 0 0.0
-0.04407309 0.020071 -0.6416391 -1.698807 0.2142083 0.1724714 -0.1288501 16.89815 1.281313 0 0.0
-0.02909133 0.01341035 0.4249931 -2.478871 0.5166727 0.4351831 0.2094779 18.31928 1.335203 0 0.0
-0.04071164 0.005017739 -4.536407 -6.391589 0.2842015 0.2295786 -0.1994455 14.91499 3.749647 1 0.0
-0.03942535 0.02528384 -1.237905 -7.952518 0.5650013 0.4789691 0.1378838 18.09112 1.510342 0 0.0
-0.02697509 0.003042606 -5.460566 -5.798084 0.4330431 0.3401426 -0.31539 17.12279 2.011337 0 0.0
-0.02663477 0.01446962 -4.055871 -4.642893 0.4177044 0.3466407 0.01847041 17.76368 nan 0 0.0
-0.04195951 0.01999372 -1.965973 -2.590808 0.5103792 0.4195712 -0.08034458 17.37001 1.428967 0 0.0
-0.02624038 0.02158223 1.672633 -0.2065858 0.1283053 0.09927767 -0.05931243 15.40137 1.223901 0 0.0
-0.02592124 0.01353903 -1.687799 -6.936421 0.2964621 0.2605171 0.3010777 16.96758 1.70306 0 0.0
-0.040661 0.01034498 -2.567654 -8.696598 1.331058 1.051995 0.1909731 19.01261 1.6374 0 0.0
-0.0314435 0.0165682 -2.227907 -6.726661 0.152782 0.1271464 -0.06026922 13.63042 2.943042 1 0.0
-0.03038451 0.009246223 -4.505728 -3.579823 0.3531754 0.2951723 0.008803981 17.28859 nan 0 0.0
-0.03028277 0.02207508 -5.408799 -7.474142 0.4185506 0.297217 -0.2694097 17.09081 1.592168 0 0.0
-0.03019754 0.00250571 -2.60331 -5.562721 0.4247334 0.3512808 0.01544191 17.83591 1.869734 0 0.0
-0.03526894 0.001849813 -2.096987 0.3859457 0.1050574 0.08566745 -0.1512387 14.54178 1.822263 1 0.0
-0.04617336 -0.008420023 5.4904 -10.17585 1.404932 1.127772 -0.185993 18.4285 1.655807 0 0.0
-0.04058107 0.008683717 -0.3833141 -7.687564 0.6515762 0.5337383 0.02763179 18.66216 nan 0 0.0
-0.03136251 0.01110749 -8.693867 -3.41655 0.2255038 0.1879063 -0.01428733 16.37505 1.606213 0 0.0
-0.04425226 0.00716008 -3.661564 -6.77697 0.9059626 0.7994444 0.3022118 18.9621 nan 0 0.0
-0.02967444 0.01982841 1.069415 -4.9788 0.5213294 0.439652 0.1320027 17.85097 1.542814 0 0.0
-0.04525991 0.01557485 8.42307 -6.255363 0.8532283 0.710856 0.003901235 17.89124 1.475035 0 0.0
-0.02866837 0.0124549 2.398516 -3.635301 0.3433449 0.2820675 0.0114804 17.77249 1.726807 0 0.0
-0.02267311 0.01896432 -4.857231 -7.920829 1.652339 1.424178 0.1431644 18.94394 nan 0 0.0
-0.02845647 0.01050565 2.288476 0.1356226 0.883309 0.7574591 0.1353362 16.94334 1.252478 0 0.0
-0.04514436 -0.006104027 -2.767907 -8.482983 1.082992 0.9005814 0.02643554 18.56032 nan 0 0.0
-0.0401833 0.004928309 -8.341622 -7.234552 0.8731602 0.7391731 0.1699928 18.79091 nan 0 0.0
-0.02409729 0.008895093 1.072484 -1.858609 0.3983856 0.3295954 -0.0808546 17.88866 1.276461 0 0.0
-0.03604269 0.02311075 0.7394403 -8.48411 0.3036327 0.2457692 -0.07566589 17.2825 nan 0 0.0
-0.04499766 0.01982263 4.310503 -0.05227784 1.641492 1.388039 -0.004490441 18.89633 1.407873 0 0.0
-0.03218449 0.02049329 -2.67148 -7.249557 0.5017113 0.3794361 -0.420859 17.59607 nan 0 0.0
-0.03945251 0.02714922 1.85581 -6.631194 0.1954132 0.1570588 -0.1443879 16.87563 0.8467007 1 0.0
-0.04121249 0.002499831 -2.963138 -0.7936691 0.3105417 0.2646475 0.06356746 16.24411 1.917529 0 0.0
-0.03028111 0.01664295 -1.359164 -7.46857 0.1825088 0.1511768 -0.01374185 16.51976 1.845446 0 0.0
-0.03072742 0.007621057 -2.681434 -6.500492 0.3659888 0.3041588 0.003541859 17.50716 1.60129 0 0.0
-0.03785997 0.008131663 0.9130383 -2.713235 1.473875 1.273207 0.1290989 18.94529 1.430689 0 0.0
-0.0414246 0.004399462 -0.809484 -4.699974 0.8293575 0.6903643 0.1058832 18.80269 nan 0 0.0
-0.03627769 0.01549844 -5.994464 -8.028809 0.2256452 0.1849555 -0.08410896 16.39799 1.568152 0 0.0
-0.01868294 0.0142788 -2.808446 -7.527013 0.1880839 0.1545287 0.149951 16.57951 1.767588 0 0.0
-0.04140587 0.02279013 -5.014726 -2.791497 0.9254879 0.6765701 -0.324631 18.91185 nan 0 0.0
-0.03902187 0.007076448 -5.141002 -5.047764 0.3519104 0.2980115 0.1539067 17.67954 1.984863 0 0.0
-0.02520659 0.008129971 -3.546706 -9.342083 0.289914 0.2423232 -0.03075079 16.38766 2.002272 0 0.0
-0.0300947 0.01176592 -12.78321 -10.19548 1.101963 0.8307208 -0.1420526 18.9374 nan 0 0.0
-0.02771528 0.005087079 -4.035328 -6.585204 0.8914318 0.7586378 0.04047925 18.72097 1.224085 0 0.0
-0.04199968 -0.009856305 -3.230278 -6.845227 0.5386264 0.4452124 0.008472379 18.16515 1.70607 0 0.0
-0.03693521 0.007615121 0.2873375 -2.630457 0.3357603 0.2814968 0.01853846 17.37674 1.416746 0 0.0
-0.03621945 0.0007126902 -0.964507 -2.94513 0.3600258 0.2936478 -0.04838514 17.68415 1.544739 0 0.0
-0.02497217 0.02132888 -3.455815 -6.433608 0.1907067 0.1571447 0.2302571 16.4098 1.908833 0 0.0
-0.03543565 0.02484284 0.8297123 -0.4997387 0.5828098 0.4662348 -0.129034 18.53835 1.259836 0 0.0
-0.02864358 0.01810065 -0.3835883 -6.525789 0.2954066 0.2500421 0.05013262 16.0835 1.849157 0 0.0
-0.02222275 0.01347889 -3.064752 -3.726226 0.2501438 0.1984263 -0.3100828 16.15249 1.637432 0 0.0
-0.03075257 0.003518342 2.124536 -3.180985 0.8572344 0.7187474 0.1508754 18.87683 1.529551 0 0.0
-0.03181468 0.02070131 -4.819368 -8.528871 0.2327458 0.1913699 -0.09860803 16.47875 nan 0 0.0
-0.04282556 0.006613298 -2.418322 -6.062967 0.162743 0.1313507 -0.1824038 14.94823 2.8379 1 0.002297249
-0.03947303 0.01232148 -2.838815 -9.268245 0.2020865 0.1456182 -0.6462281 13.84795 2.641136 1 0.0
-0.04320215 0.02212369 0.4649063 -9.137606 0.754378 0.6408521 0.1509925 18.66521 1.411415 0 0.0
-0.01886758 0.01280629 3.061901 -2.25883 0.3725404 0.2909345 0.02592722 17.38059 1.475239 0 0.0
-0.0429779 -0.007573629 1.279991 0.5585391 1.265326 0.9229424 0.03496306 19.04873 nan 0 0.0
-0.02327858 0.009726893 -1.550991 -0.2022086 0.375055 0.3126777 -0.07610473 17.74564 1.550726 0 0.0
-0.0266106 0.02283145 -7.52799 -8.670886 0.453816 0.3579505 -0.04192037 15.22184 2.09251 0 0.0
-0.04327334 0.00365862 -3.279651 -5.351386 0.3418864 0.2802414 -0.1104423 14.78256 3.799069 0 0.0
-0.04112989 -0.005560591 -2.119047 -5.572539 0.3321972 0.2909557 0.2483077 17.06477 1.568405 0 0.0
-0.03706644 0.005347234 -1.832498 -0.5385709 0.4788162 0.4007567 0.009426175 16.9938 nan 0 0.0
-0.02216962 0.01213994 -1.362929 -2.45911 0.3840529 0.295003 -0.3899126 17.04966 1.527505 0 0.0
-0.02972655 0.01741941 -1.125815 -6.16732 0.2258424 0.1735892 -0.4434408 16.17328 1.626149 0 0.0
-0.02182592 0.01092122 -2.09571 -3.367646 0.4647924 0.3800889 -0.08809484 17.7855 1.702185 0 0.0
-0.04615701 0.01315401 -0.4244931 -7.108842 0.2430876 0.196006 -0.1414352 16.95354 nan 0 0.0
-0.04342823 -0.004558307 -3.027748 -4.244177 0.4226857 0.3666063 0.06060019 17.18223 1.873417 0 0.0
-0.03553872 0.01755101 0.1259059 -9.915325 0.6924751 0.58314 0.02995089 16.67757 1.744971 0 0.0
-0.02819626 0.02442746 -5.759646 2.695429 0.7498083 0.5626899 0.1198886 18.50005 0.9172096 0 0.0
-0.04440127 -0.01398676 -2.523724 -12.52355 1.474714 1.238372 -0.06202364 18.86369 1.536871 0 0.0
-0.03331946 0.01730001 1.487568 -8.629878 1.127358 0.9562552 0.3769694 19.00845 1.346399 0 0.0
-0.04203401 0.008797551 0.7347954 -2.109325 0.2729194 0.2043389 -0.5038391 16.42013 1.823842 0 0.0
-0.03855438 0.02763594 0.1574704 -3.880525 0.5636064 0.451727 -0.09129988 18.47732 nan 0 0.0
-0.04258379 -0.002766939 -3.864414 -4.491359 0.4685574 0.3906313 0.07640463 18.17298 nan 0 0.0
-0.02607743 0.004734664 -3.857556 -4.037528 0.7968554 0.6543709 -0.02469499 18.5638 nan 0 0.0
-0.02967501 0.02175102 -0.9699967 -6.818369 1.08107 0.8296764 -0.08923758 18.77596 nan 0 0.0
-0.03115392 0.0198146 1.60499 -3.482163 0.95004 0.8353178 0.5018547 18.58507 1.449615 0 0.0
-0.0426627 -0.003528005 1.287439 -7.812559 0.5459777 0.4612429 -0.04830476 17.94454 1.438047 0 0.0
-0.04055052 -0.001400424 8.919131 -10.20581 1.178977 0.9253082 -0.2501365 18.39265 nan 0 0.0
-0.03902358 0.01142711 -12.45884 -1.430038 1.482972 1.12229 -0.3691556 18.87056 nan 0 0.0
-0.02740282 0.02144268 -2.27462 -4.139391 0.8400891 0.6660507 -0.04377135 17.9206 nan 0 0.0
-0.03216035 0.02750853 -4.205407 -5.194001 0.2172885 0.1619135 -0.2828671 16.44784 1.966889 0 0.0
-0.02785249 0.02333464 -1.241551 -4.06945 0.6524744 0.5013266 -0.1360287 18.39114 1.445644 0 0.0
-0.04334687 -0.00940103 -2.566507 -5.703904 0.1335609 0.1092327 -0.1319201 15.14836 2.462515 1 0.216662
-0.03614539 0.01492819 1.682228 -3.67518 0.3785899 0.2848098 -0.4187681 17.44325 nan 0 0.0
-0.02626281 0.006514172 -7.701126 -8.967237 0.7134603 0.5971735 0.004898243 18.1396 1.267273 0 0.0
-0.04443811 0.009250451 1.562868 -5.96949 0.5742128 0.5183183 0.3647516 18.13671 1.573534 0 0.0
-0.04446561 0.01166896 2.290624 0.6097305 0.550594 0.4416105 -0.1236603 18.42677 1.342382 0 0.0
-0.04818759 0.005817377 -1.542275 -8.93949 0.8800485 0.7023203 -0.25756 18.85627 1.044649 0 0.0
-0.03344557 -0.0004212065 2.401634 1.402586 0.5577076 0.4734379 0.02390911 18.07474 1.428764 0 0.0
-0.04424898 -0.0001832118 -5.809923 -5.553718 0.2353952 0.1993187 0.01677084 14.19044 3.437252 1 0.0
-0.02957021 0.02470935 -1.860445 -4.87213 1.219577 1.008253 -0.07177963 19.00885 1.093864 0 0.0
-0.03893744 -0.006086132 -2.681232 -14.26294 0.9955243 0.800142 0.3024293 19.03415 1.164667 0 0.0
-0.03447865 0.008022272 -6.243428 -1.926258 0.137446 0.1133509 -0.06116721 15.82853 2.052179 1 0.0
-0.03756451 -0.004729477 -6.397384 -9.837577 1.818965 1.657267 0.720733 19.29565 nan 0 0.0
-0.04341014 0.01443317 -3.183433 -0.7702191 0.6324842 0.4839773 -0.2899886 18.48833 nan 0 0.0
-0.04536221 0.008195268 -2.043521 -7.673412 1.604995 1.581958 0.1210683 19.02928 1.029137 0 0.0
-0.02787322 0.003118651 -5.869128 -2.635107 0.8669127 0.7291907 0.06633007 18.57914 nan 0 0.0
-0.04311776 0.01034395 3.978707 -2.058192 0.3857482 0.3132967 -0.1838321 17.79847 nan 0 0.0
-0.04534014 0.01770723 0.4251458 -2.048985 0.6601324 0.5333703 -0.1515504 18.66944 1.172316 0 0.0
-0.04277503 0.01194627 -0.9452793 -5.507543 0.1984655 0.1600194 -0.1605546 16.39264 1.688588 0 0.0
-0.03041358 0.0178846 4.100255 5.75603 1.500905 1.216249 -0.2449569 18.57753 nan 0 0.0
-0.04525152 -0.002785289 -5.12235 -7.356268 0.8453901 0.6666644 -0.2391603 18.58061 1.422962 0 0.0
-0.04485961 0.006679155 -3.561886 -7.725298 0.5273885 0.4415453 0.04714499 17.97027 1.586555 0 0.0
-0.02969956 0.01552161 -0.01121219 -0.3160477 0.3937963 0.3310877 0.07987404 17.73784 1.617254 0 0.0
-0.03339809 0.01545177 -0.2953661 -6.530706 0.8715716 0.7286028 -0.02171037 17.74896 1.326941 0 0.0
-0.04499707 0.01851228 -11.01895 -7.425555 0.6464192 0.4837237 -0.4302434 18.15008 1.469254 0 0.0
-0.02927602 0.01263019 -2.169609 -1.726333 0.7538641 0.5980951 -0.165797 18.40593 nan 0 0.0
-0.03778179 0.01095075 -0.530956 -2.610514 0.4245843 0.3425204 -0.1002662 17.88961 1.390579 0 0.0
-0.03049482 0.02432187 6.945176 -1.756801 0.7906299 0.6181125 -0.3139203 17.9242 nan 0 0.0
-0.04694387 0.001217449 -5.522148 -8.480264 0.222237 0.17937 -0.1589009 16.50499 nan 0 0.0
-0.0292481 0.007550933 -5.630427 -10.62284 0.469923 0.3855984 0.01328916 18.13435 1.466732 0 0.0
-0.04419901 0.006210244 -3.044937 -1.310178 0.1966382 0.1579147 -0.1822274 16.31794 1.777721 0 0.0
-0.04622762 -0.005341587 -6.557132 -11.13551 0.7485649 0.6638515 0.2851936 18.30263 1.511612 0 0.0
-0.04464779 0.005592061 -5.763523 -3.357078 0.5071987 0.4271614 0.0683862 17.86497 nan 0 0.0
-0.04604711 0.004067449 -6.549682 -7.111161 0.6385503 0.5126446 -0.1299802 18.44625 nan 0 0.0
-0.04614526 -0.01204779 1.44137 -2.27979 1.00627 0.9200426 0.3618846 17.96082 1.883765 0 0.0
-0.03897729 0.02807447 -4.624756 -5.982716 0.3601671 0.2900732 -0.1278795 17.68502 1.335232 0 0.0
