scripts/get_globular_clusters/output/NGC_6558.csv
# %ECSV 0.9
# ---
# datatype:
# - {name: x, unit: deg, datatype: float64}
# - {name: y, unit: deg, datatype: float64}
# - {name: pmx, unit: mas / yr, datatype: float64}
# - {name: pmy, unit: mas / yr, datatype: float64}
# - {name: pmx_e, unit: mas / yr, datatype: float64}
# - {name: pmy_e, unit: mas / yr, datatype: float64}
# - {name: pm_corr, datatype: float64}
# - {name: g_mag, unit: mag, datatype: float64}
# - {name: bp_rp, unit: mag, datatype: float64}
# - {name: filter, datatype: int64}
# - {name: memberprob, datatype: float64}
# meta: !!omap
# - comments: [deg deg mas/yr mas/yr mas/yr mas/yr dimless mag   mag   zeroone float]
# - __serialized_columns__:
#     bp_rp:
#       __class__: astropy.units.quantity.Quantity
#       unit: &id001 !astropy.units.Unit {unit: mag}
#       value: !astropy.table.SerializedColumn {name: bp_rp}
#     g_mag:
#       __class__: astropy.units.quantity.Quantity
#       unit: *id001
#       value: !astropy.table.SerializedColumn {name: g_mag}
#     pm_corr:
#       __class__: astropy.units.quantity.Quantity
#       unit: !astropy.units.Unit {unit: ''}
#       value: !astropy.table.SerializedColumn {name: pm_corr}
#     pmx:
#       __class__: astropy.units.quantity.Quantity
#       unit: !astropy.units.Unit {unit: mas / yr}
#       value: !astropy.table.SerializedColumn {name: pmx}
#     pmx_e:
#       __class__: astropy.units.quantity.Quantity
#       unit: !astropy.units.Unit {unit: mas / yr}
#       value: !astropy.table.SerializedColumn {name: pmx_e}
#     pmy:
#       __class__: astropy.units.quantity.Quantity
#       unit: !astropy.units.Unit {unit: mas / yr}
#       value: !astropy.table.SerializedColumn {name: pmy}
#     pmy_e:
#       __class__: astropy.units.quantity.Quantity
#       unit: !astropy.units.Unit {unit: mas / yr}
#       value: !astropy.table.SerializedColumn {name: pmy_e}
#     x:
#       __class__: astropy.units.quantity.Quantity
#       unit: &id002 !astropy.units.Unit {unit: deg}
#       value: !astropy.table.SerializedColumn {name: x}
#     y:
#       __class__: astropy.units.quantity.Quantity
#       unit: *id002
#       value: !astropy.table.SerializedColumn {name: y}
# schema: astropy-2.0
x y pmx pmy pmx_e pmy_e pm_corr g_mag bp_rp filter memberprob
[from data line 1840]
0.01572196 -0.001699364 -1.371962 -7.385764 1.177176 1.158294 0.6307448 19.20905 nan 0 0.0
-0.002958672 -0.02975136 0.6976538 -5.467543 1.405495 1.294094 0.6924934 19.5066 nan 0 0.0
-0.03761786 -0.01725438 4.162566 -6.306109 1.606746 1.536868 0.7774358 19.37056 nan 0 0.0
-0.03600423 -0.03063188 -4.530977 -8.298322 0.5282609 0.4702973 0.1406834 18.77915 nan 0 0.0
0.01981995 -0.009016741 0.1500601 -6.269305 0.7528528 0.6503321 0.2249963 18.84823 0.8004665 0 0.0
-0.01946623 0.02040228 -1.512744 -3.721874 0.1050237 0.08847988 0.1544069 15.13452 1.923807 0 0.0
-0.03536618 -0.003411864 -7.393336 -9.807273 1.439996 1.338176 0.3534955 19.10226 1.427258 0 0.0
0.002437621 0.009829954 -3.013873 -3.606565 0.4553307 0.3981889 0.2994766 18.45425 nan 0 0.0
0.000180048 0.0407996 -3.237608 -5.155493 0.1416858 0.1229288 0.4893329 15.80813 1.941106 1 0.0
-0.006175961 -0.01642297 -2.253501 -4.470372 0.4667018 0.4070991 0.1070101 18.20737 1.300472 0 0.0
-0.01810361 -0.04638516 -5.853126 -8.869204 1.044947 1.089699 0.5664924 19.19001 nan 0 0.0
0.03150049 0.007148616 -10.90641 2.061471 1.376296 1.37196 0.5667982 19.0258 1.333824 0 0.0
0.03757772 0.01985883 0.4428986 -3.325203 0.9352455 0.9528926 0.6282811 19.22746 1.244606 0 0.0
-0.002648393 0.004680107 -0.5661197 -6.076116 1.002735 1.033106 0.6659963 19.16245 nan 0 0.0
0.02280668 0.003605405 2.411036 -4.066497 0.1139753 0.09974908 0.1629613 15.95805 1.869465 0 0.0
0.02412759 -0.005777178 -4.74662 -10.64741 1.846699 2.117956 0.8372065 19.51599 nan 0 0.0
0.02833368 0.003807964 0.8480229 -1.990496 0.6799361 0.6147871 0.3505551 18.44559 1.169292 0 0.0
-0.0442645 -0.005904782 0.2987469 -0.163555 1.323276 1.485322 0.8677373 19.06948 nan 0 0.0
-0.01862253 -0.0452275 -3.700414 -0.4847973 1.694958 1.72525 0.5533923 19.66686 0.6355591 0 0.0
0.01688757 -0.01256573 0.159001 2.884233 0.331948 0.2888108 0.1241458 17.95684 1.046459 0 0.0
-0.02511307 -0.01964768 -1.931688 -2.405288 0.3327048 0.3038161 0.5573837 17.66016 1.197567 0 0.0
-0.02169591 0.01072962 -5.496839 -1.59197 0.9991264 0.9410199 0.5586294 19.16049 nan 0 0.0
0.01798461 0.02556959 -4.088202 -7.986973 1.393764 1.534668 0.5717863 19.59679 nan 0 0.0
-0.003972394 0.01946773 0.7549865 -6.588076 0.6464446 0.591173 0.2468316 19.06877 1.16386 0 0.0
0.02973792 0.01329468 -0.6159346 -8.721453 0.7561408 0.6837379 0.1627495 19.0745 1.187788 0 0.0
-0.01040529 -0.01012909 -0.7011163 -5.476933 0.896297 0.7856531 0.1693341 18.38245 1.191738 0 0.0
0.005059547 0.0280641 -10.21376 -8.570056 2.245622 2.110235 0.1511088 19.80778 1.191654 0 0.0
0.03749658 0.01175263 -2.550993 -6.334539 1.220627 1.220997 0.7259368 19.41242 0.5293388 0 0.0
0.02569028 0.01574302 5.246827 -6.611746 0.4006405 0.3524448 0.04775297 16.36747 0.9940004 0 0.0
0.01632681 0.04413602 -0.4702828 -5.162123 0.8164029 0.7044363 0.2179153 19.17542 nan 0 0.0
0.04147322 0.02567267 -1.274124 -7.897606 1.797035 1.753632 0.4725908 19.56477 nan 0 0.0
-0.02452608 0.0168248 0.2039533 0.6285856 0.3841721 0.3188441 -0.09636394 18.14552 0.718483 0 0.0
-0.0277099 -0.01070677 1.639857 -0.3128965 0.7441374 0.6817446 0.3960972 18.61435 1.193714 0 0.0
-0.01888552 -0.02736715 0.1254134 -4.914021 0.095992 0.08140118 0.07576975 15.55515 1.513414 1 0.0
0.01520005 -0.01985533 0.005690987 -4.29103 0.4016963 0.3476778 0.095638 18.46521 1.204481 0 0.0
-0.003919811 0.003463174 -0.6359845 -4.702143 0.5497091 0.4895185 0.226174 18.50001 1.210524 0 0.0
-0.0120179 0.0212733 -2.064014 -5.262355 0.3282255 0.2922382 0.5148554 17.65164 1.073124 0 0.0
-0.004101736 0.009978669 -1.124233 -3.0192 0.6974356 0.6584869 0.1338033 19.19276 nan 0 0.0
0.01553723 -0.02016437 0.6986635 -0.1380073 0.6088076 0.529895 0.1918486 18.97418 nan 0 0.0
-0.001065931 0.03836582 -1.720367 -7.88836 0.5484113 0.4851243 0.473954 18.64777 1.194143 0 0.0
0.03744295 0.007480188 -5.233353 -5.603959 1.390258 1.281741 0.6646163 19.50988 0.4220924 0 0.0
0.008977025 0.0103865 -4.951078 -3.587772 0.6440977 0.5795758 0.1011262 18.71579 1.080191 0 0.0
0.008663058 -0.01702589 -0.8556863 -3.680474 0.3168157 0.2846428 0.5820418 17.41724 1.274256 0 0.0
-0.02784179 -0.003498939 -7.849928 -2.302517 1.441755 1.266892 0.2565683 18.7168 1.446726 0 0.0
0.004848807 -0.03108658 -3.467601 -4.376024 0.3437728 0.3008728 0.1480659 18.05718 nan 0 0.0
0.01193869 0.03651493 -2.554898 -0.5848148 0.7378375 0.641686 0.1142811 19.23337 0.6163197 0 0.0
0.00010218 0.04749249 -3.265459 -8.481164 1.159692 1.213111 0.6778158 19.4156 1.115328 0 0.0
-0.003323682 0.02227538 -0.6871138 -5.084354 0.6863291 0.6249663 0.2251035 19.03053 nan 0 0.0
0.01011823 0.004958065 0.01871542 -4.111952 0.7562057 0.6920702 0.2294682 19.02073 nan 0 0.0
0.03367899 0.003804266 -0.5951103 -8.909786 1.260172 1.291187 0.6050421 19.39845 1.293047 0 0.0
0.01252754 -0.02378979 -2.384307 -8.706959 0.4781545 0.4126147 0.1932279 17.09696 1.5157 0 0.0
-0.02533065 0.01709161 -1.564649 -5.466663 0.6109839 0.4966152 -0.02321917 18.728 1.383541 0 0.0
-0.003480142 0.04197828 2.903486 -0.8279517 0.6315838 0.571886 0.255033 19.06801 1.192064 0 0.0
0.01245126 -0.01233043 -1.618938 -4.104624 0.7094768 0.6525077 0.5696507 18.74972 0.9116859 0 0.0
-0.01519968 -0.0422743 -2.216308 -1.535092 0.5543315 0.5015086 0.235126 18.99479 1.121908 0 0.0
0.009754979 0.005217503 -2.06621 -8.907277 0.8759031 0.751133 0.1437276 18.68278 0.8720245 0 0.0
-0.02767981 -0.02454648 0.3169767 -6.963585 0.8488952 0.7319454 0.1409059 18.19804 nan 0 0.0
0.005757956 -0.010081 -0.6168834 -3.200661 0.9413601 0.8372841 0.1032474 18.83027 1.102123 0 0.0
0.01840215 0.03702885 -0.642414 -4.443211 2.028991 1.849501 0.4465244 19.81476 nan 0 0.0
-0.03925854 -0.002358669 -0.8977694 -3.260577 0.6918344 0.6421657 0.2994078 19.13776 nan 0 0.0
0.01073845 -0.01694981 0.7220576 -3.818071 0.2558773 0.220631 0.4560397 17.30468 1.049351 0 0.0
-0.0425696 -0.02425268 -4.975153 -3.16138 0.5518211 0.5240193 0.4586614 18.75288 0.9414253 0 0.0
0.02895705 0.005781877 -0.7584442 -1.056372 1.336593 1.296897 0.5477842 18.95937 0.8196869 0 0.0
-0.01131611 0.01257397 -1.166907 -8.268885 0.5163724 0.4341121 0.05906607 18.68728 nan 0 0.0
-0.008593064 0.03159243 0.1395221 1.796364 1.11359 1.041413 0.6400889 19.07173 1.058773 0 0.0
-0.008200934 7.353494e-05 -4.561324 -1.235951 0.9337374 0.8062871 -0.09905787 18.94387 nan 0 0.0
0.004359251 0.03842485 -0.5548732 -2.193323 0.3803469 0.3277963 0.1393217 18.41675 1.448442 0 0.0
-0.01855447 0.003333604 -3.071542 -4.958576 0.3676177 0.3322983 0.5199416 17.75697 1.083113 0 0.0
-0.0253022 0.00794016 -2.555583 -8.064501 0.4235892 0.3538473 0.2986544 18.21874 1.346109 0 0.0
-0.0393285 -0.02088668 -3.325067 -6.043913 0.3733271 0.3308107 0.2332115 18.30388 1.540186 0 0.0
-0.003323656 0.02155249 -5.78349 1.068636 0.5239162 0.461546 0.1989496 18.90597 0.7618351 0 0.0
-0.008227212 0.00379477 -11.23285 -6.906427 0.3388815 0.2934492 0.2184306 16.71088 1.274568 0 0.0
0.02696848 0.03834092 -14.13006 5.899934 1.125415 1.007659 0.0778034 18.52493 1.390394 0 0.0
0.009701415 -0.01067452 -1.779494 -3.629622 0.5172171 0.4530191 0.06294217 18.29577 nan 0 0.0
-0.003817314 0.03487912 -4.444351 -5.955598 1.297326 1.325682 0.7505771 19.36093 1.25065 0 0.0
0.005343646 0.003728224 -2.288436 -1.828256 0.5651984 0.5298379 0.6883796 17.28611 nan 0 0.0
0.020391 -0.00778281 -1.178678 -3.487568 0.2856341 0.2484651 0.1925654 17.88231 1.218975 0 0.0
-0.01186291 0.02693814 -3.836446 -4.747265 0.4633084 0.4103905 0.5186198 18.31531 1.068056 0 0.0
-0.005504872 0.04101306 2.090446 -2.192944 0.1274855 0.1094181 0.195203 16.16576 1.942969 1 0.0
0.02166888 0.02033313 -2.012887 -0.6153349 1.102645 1.128536 0.4957131 19.26938 0.9927158 0 0.0
0.009726138 -0.02228265 -4.166347 -0.4439589 0.8826769 0.7704723 0.13592 18.66727 1.311613 0 0.0
0.005551505 0.008303941 -3.125138 -5.050827 0.2796562 0.2415832 0.4271259 17.14196 nan 0 0.0
-0.02338242 0.00977172 1.862867 -0.6049523 0.3483781 0.3088306 0.53622 17.49062 1.151014 0 0.0
0.02838385 -0.001828267 -0.7518397 2.566105 0.3345191 0.2880723 0.4293263 17.62203 1.197069 0 0.0
-0.0153655 0.01920714 0.9381559 -3.439054 0.1864775 0.1658694 0.5355653 16.3057 1.632607 0 0.0
0.003008472 0.008469998 0.662559 -3.100974 0.3664197 0.319882 0.4541804 17.42698 1.283117 0 0.0
-0.04511909 -0.009201094 -5.98906 -5.533952 0.7982889 0.7460661 0.3799232 19.20748 1.15926 0 0.0
0.01315055 -0.02065992 -5.451131 -1.131938 0.9748562 0.8464644 0.06975614 18.70264 1.025103 0 0.0
-0.001454171 -0.03331425 -2.981389 -8.194356 0.8425822 0.7061475 0.04232544 18.14106 1.299734 0 0.0
0.01457966 -0.005805699 1.569547 -4.119872 0.4265988 0.3806927 0.1056367 18.19055 1.090033 0 0.0
0.0266548 0.03073069 -4.96317 -7.190141 1.68549 1.928671 0.7782117 19.38349 1.175737 0 0.0
-0.03772673 -0.004742218 -2.505437 -6.041684 0.1781258 0.1515715 0.1653277 16.90989 1.616233 0 0.0
0.02657294 0.01681851 -2.956288 -6.414844 0.6775997 0.5506647 -0.1545402 18.63027 1.141418 0 0.0
0.01276367 -0.004434047 -1.558752 -5.531943 0.9010486 0.9970393 0.5761679 19.03761 nan 0 0.0
0.002644914 -0.0008512036 -4.08223 -7.077039 0.366158 0.3178902 0.4715086 17.04624 nan 0 0.0
0.03430368 0.00902445 -0.6278444 -3.881964 0.9290829 0.9850285 0.6214823 19.20743 0.9055309 0 0.0
-0.01019414 -0.04272375 2.752775 -5.131084 0.3522206 0.3034539 0.4097352 17.80385 nan 0 0.0
-0.0006503871 0.007163511 -2.397903 -4.563972 0.5962362 0.5390007 0.2498308 18.76886 nan 0 0.0
0.002360209 0.02699228 -2.288132 -6.798491 0.1854763 0.1611803 0.2051338 17.07624 1.668275 0 0.0
-0.001817943 -0.0005669887 -1.806813 -4.135602 0.132337 0.1131359 0.06859934 15.96215 1.394478 0 0.0
-0.04582035 -0.007652671 -5.978679 -10.32826 0.9455305 0.8410363 0.3287644 18.59723 nan 0 0.0
-0.01383371 0.01522866 2.591011 -5.941768 0.4901278 0.3863294 -0.3720679 17.8141 nan 0 0.0
0.01270962 -0.02017729 -6.822105 -4.676735 0.7972827 0.6977933 0.254717 18.95021 nan 0 0.0
0.01691654 0.003988139 -2.487871 -3.266422 0.8199943 0.7133284 0.1343574 18.96541 nan 0 0.0
0.006589627 0.01036762 -0.5759481 -2.68559 0.544886 0.4866052 -0.2546155 18.47107 nan 0 0.0
-0.001583817 -0.03579762 4.135309 1.215201 1.260936 1.536419 0.6045939 19.64411 nan 0 0.0
0.001477754 0.02712009 -1.156135 -3.413547 0.2667404 0.2329472 0.5135017 17.25746 1.261335 0 0.0
0.00999074 0.02584355 -4.983233 -3.155428 0.3332338 0.290046 0.1273267 18.23675 1.46719 0 0.0
0.004618767 0.03717743 -3.078849 -5.873219 0.1711405 0.148246 0.1964146 16.49191 1.858541 1 0.0
-0.01541482 0.003673689 -4.373076 -7.091733 0.4611344 0.4003785 0.1701337 18.62136 1.132862 0 0.0
-0.007784659 -0.01325498 -1.417323 -4.217935 0.1106676 0.09418335 0.06486182 15.98627 1.485886 0 0.0
0.01281784 0.01201301 2.255877 -0.7360031 0.6958982 0.6300644 -0.15248 19.00109 1.131111 0 0.0
0.02646825 0.01371529 -6.384539 -7.620697 0.5132563 0.4548837 -0.277027 18.59688 1.156162 0 0.0
-0.03095057 -0.01767916 -0.75858 -15.82061 0.5038072 0.4759427 0.1485904 18.47902 1.104599 0 0.0
-0.002699526 -0.02150779 -4.048653 -6.534303 1.22894 1.174484 0.5084212 19.27927 1.096996 0 0.0
-0.001195519 0.02276943 -1.383538 -1.688436 0.7789813 0.6855831 0.1069222 19.00536 1.018457 0 0.0
-0.03113349 -0.01373101 -3.266695 -3.212086 0.4718249 0.4127962 0.1954888 18.58682 nan 0 0.0
0.04087212 0.01626971 -6.323358 -6.774336 0.5290981 0.4613987 0.07763818 18.93797 nan 0 0.0
0.02538536 0.03945144 -0.09089746 -4.623383 1.405526 1.439759 0.5624843 19.60909 nan 0 0.0
-0.01206991 0.02207056 -1.59404 -4.728587 0.5279951 0.4667326 0.5252052 18.45067 nan 0 0.0
0.03789079 0.02385459 1.530119 -8.776885 0.8862951 0.7075132 -0.5162437 19.02199 1.52969 0 0.0
0.02818587 0.02970408 1.321322 -3.182262 0.3943661 0.3450576 0.1150168 18.52039 1.284443 0 0.0
0.02714371 0.01623661 3.139082 -6.489582 0.109579 0.09309439 -0.03458993 15.72929 1.519041 1 0.0
-0.02168293 -0.0446121 -0.8474958 -6.189933 0.1552298 0.1342267 0.124506 16.7766 1.712717 0 0.0
0.006383474 0.03135992 -0.3368516 -3.206591 2.198131 1.942067 0.352301 19.65979 1.643211 0 0.0
-0.03104842 -0.03529546 -3.456628 -2.646352 0.3096145 0.2714968 0.1438655 18.10827 1.036194 0 0.0
0.0110241 -0.01456566 1.171329 -5.235734 0.5791654 0.5010657 0.2431694 18.71891 1.222111 0 0.0
-0.0304344 -0.009551773 2.04914 -3.441696 0.6486714 0.5642914 0.2197133 18.43871 1.175663 0 0.0
0.02786742 0.006486024 -1.921291 -4.258422 0.5091067 0.4447938 0.1353608 18.71993 1.185287 0 0.0
0.01466581 0.04671122 -4.077586 3.80533 0.7656516 0.657535 0.08532709 17.92965 1.347919 0 0.0
-0.0223354 -0.02761396 2.152801 -2.474545 0.4799818 0.4230595 0.1537648 18.81774 1.051735 0 0.0
-0.04104795 -0.004360255 -4.288967 -4.627094 1.506544 1.397702 0.05045384 19.90869 0.9074097 0 0.0
0.004331796 0.006408102 1.681519 2.491768 1.57776 1.404473 0.1386575 19.00193 nan 0 0.0
0.005161059 -0.0133063 -1.519673 -4.054473 0.1442349 0.1235654 0.04966558 16.50466 1.449033 0 0.0
-0.03151853 -0.02580465 -2.318317 -8.286556 0.07458662 0.06261497 0.1171028 14.32463 2.003473 1 0.0
0.02428656 0.006794116 -2.878277 -2.080921 0.4429486 0.3948264 0.2141217 18.63057 0.8309498 0 0.0
-0.007861948 -0.01961409 2.760269 -6.402084 0.6062385 0.539289 0.08866145 18.80757 1.426058 0 0.0
-0.04154232 -0.001251497 -2.703362 -1.897096 0.4915689 0.419276 0.01216105 18.70283 1.275579 0 0.0
0.01097113 -0.02364654 -0.6467468 -3.06445 0.6781588 0.5898215 -0.08079986 19.05512 0.9580917 0 0.0
0.02732644 0.01987577 -2.493324 -6.28834 0.6569645 0.5704433 0.1759512 19.01619 nan 0 0.0
0.01102469 -0.009631348 -2.302519 -4.639998 0.3516341 0.3137521 0.06637414 18.24069 1.099167 0 0.0
-0.006307552 0.01114775 -1.935781 -7.886905 1.48076 1.482025 0.6253667 19.54494 1.307661 0 0.0
0.006122172 0.004981304 -1.253651 -3.880704 0.2292818 0.198017 0.4517255 17.09863 1.259235 0 0.0
-0.01704932 0.002420274 -1.703343 -4.110989 0.3793044 0.3245692 0.4069975 17.24889 0.7326679 0 0.0
-0.000416945 0.02925061 -2.942755 -4.679945 0.5405233 0.4750674 0.2100378 18.90986 1.248785 0 0.0
0.01084789 0.03146059 0.7969828 -6.680479 0.1126901 0.09596675 0.1632119 15.88356 1.735602 1 0.0
0.009468304 -0.006911297 5.390213 -3.821683 0.8014869 0.6348568 -0.2741173 18.57997 nan 0 0.0
0.03721738 0.02731289 -1.139313 -5.545429 0.3012056 0.2749603 0.2377623 17.46703 nan 0 0.0
0.03117213 0.0338497 -2.194402 -4.348068 0.7353564 0.6132579 -0.137041 18.55137 nan 0 0.0
-0.01300423 0.02209523 -0.06231441 -4.94246 1.179595 1.127162 0.1702975 19.32544 1.121122 0 0.0
0.03222601 0.004146199 -3.514385 -7.666403 0.2619714 0.2264449 0.4283609 17.42608 1.402803 0 0.0
-0.0006765586 0.03762005 -7.586235 -4.091996 0.6545393 0.5969763 0.4260605 19.01367 nan 0 0.0
-0.02270335 -0.008058007 -1.317373 -4.971692 0.5369418 0.4700808 0.1860063 18.89608 1.147095 0 0.0
0.02725096 0.02793053 -5.473421 -4.300881 0.3643536 0.3165287 0.08763956 18.35142 nan 0 0.0
-0.00674887 0.0134022 -3.923067 -8.482519 0.1046084 0.08848505 0.151669 15.64481 1.573683 1 0.0
-0.002779325 0.04433388 -1.365169 -3.228623 1.220842 1.307503 0.6629336 19.38426 1.579319 0 0.0
0.02161283 0.002581445 -1.676399 -4.192923 0.1258313 0.1073933 0.1128736 16.15495 1.500197 0 0.0
-0.007397548 0.01225202 3.407222 -3.064633 0.9010726 0.9455654 0.6713669 19.11076 nan 0 0.0
0.008327658 0.003520103 -2.150638 -4.430745 0.3457898 0.308897 0.1752331 18.03381 nan 0 0.0
0.005552586 0.02633601 -0.2380422 -1.906975 0.2914219 0.2516482 0.4588515 17.57757 1.186743 0 0.0
-0.005556392 0.03440219 -0.6210869 -9.74882 0.7921983 0.6954941 0.4533851 18.33978 1.564301 0 0.0
0.01076503 -0.01149098 -1.51641 -4.423968 0.4593516 0.4020058 0.1299469 18.77389 nan 0 0.0
-0.007084475 -0.009520336 0.5652772 -3.535428 0.3114564 0.2617597 0.01070841 16.39805 1.213989 0 0.0
0.0329546 0.009877525 -7.629415 -6.296505 0.6751312 0.6034637 0.2060862 18.83142 1.076132 0 0.0
0.02271249 0.04278046 -6.604419 -5.2003 0.6947076 0.6066598 -0.01487353 19.10384 1.313732 0 0.0
-0.002362151 -0.02706198 -3.196718 -1.687191 0.1032635 0.08582396 0.001718157 15.57934 1.558713 1 0.0
0.02034203 0.005486625 -1.731681 -6.463393 2.008224 1.656961 0.2671016 19.69939 nan 0 0.0
