scripts/get_globular_clusters/output/NGC_6637_M_69.csv
# %ECSV 0.9
# ---
# datatype:
# - {name: x, unit: deg, datatype: float64}
# - {name: y, unit: deg, datatype: float64}
# - {name: pmx, unit: mas / yr, datatype: float64}
# - {name: pmy, unit: mas / yr, datatype: float64}
# - {name: pmx_e, unit: mas / yr, datatype: float64}
# - {name: pmy_e, unit: mas / yr, datatype: float64}
# - {name: pm_corr, datatype: float64}
# - {name: g_mag, unit: mag, datatype: float64}
# - {name: bp_rp, unit: mag, datatype: float64}
# - {name: filter, datatype: int64}
# - {name: memberprob, datatype: float64}
# meta: !!omap
# - comments: [deg deg mas/yr mas/yr mas/yr mas/yr dimless mag   mag   zeroone float]
# - __serialized_columns__:
#     bp_rp:
#       __class__: astropy.units.quantity.Quantity
#       unit: &id001 !astropy.units.Unit {unit: mag}
#       value: !astropy.table.SerializedColumn {name: bp_rp}
#     g_mag:
#       __class__: astropy.units.quantity.Quantity
#       unit: *id001
#       value: !astropy.table.SerializedColumn {name: g_mag}
#     pm_corr:
#       __class__: astropy.units.quantity.Quantity
#       unit: !astropy.units.Unit {unit: ''}
#       value: !astropy.table.SerializedColumn {name: pm_corr}
#     pmx:
#       __class__: astropy.units.quantity.Quantity
#       unit: !astropy.units.Unit {unit: mas / yr}
#       value: !astropy.table.SerializedColumn {name: pmx}
#     pmx_e:
#       __class__: astropy.units.quantity.Quantity
#       unit: !astropy.units.Unit {unit: mas / yr}
#       value: !astropy.table.SerializedColumn {name: pmx_e}
#     pmy:
#       __class__: astropy.units.quantity.Quantity
#       unit: !astropy.units.Unit {unit: mas / yr}
#       value: !astropy.table.SerializedColumn {name: pmy}
#     pmy_e:
#       __class__: astropy.units.quantity.Quantity
#       unit: !astropy.units.Unit {unit: mas / yr}
#       value: !astropy.table.SerializedColumn {name: pmy_e}
#     x:
#       __class__: astropy.units.quantity.Quantity
#       unit: &id002 !astropy.units.Unit {unit: deg}
#       value: !astropy.table.SerializedColumn {name: x}
#     y:
#       __class__: astropy.units.quantity.Quantity
#       unit: *id002
#       value: !astropy.table.SerializedColumn {name: y}
# schema: astropy-2.0
x y pmx pmy pmx_e pmy_e pm_corr g_mag bp_rp filter memberprob
[from data line 6168]
-0.04016123 0.0008841519 -13.36312 -10.96318 2.452081 2.028579 0.06912292 19.895 nan 0 0.0
0.03627414 0.04517443 -2.913928 -1.624616 1.633504 1.52282 0.1796423 19.71281 nan 0 0.0
-0.07813382 -0.003958639 0.8809149 0.9127647 0.5872344 0.5928946 0.6111603 18.70218 0.9996796 0 0.0
0.0706539 0.03959229 -3.916248 -4.755072 0.7336744 0.8668022 0.8481762 18.07671 1.212008 1 0.2895149
-0.02557507 0.02357164 -4.788257 -4.425636 0.1208229 0.1142926 0.3251703 15.79702 1.473078 1 0.0
0.0115134 0.0610501 -2.781952 -3.894504 0.7036428 0.7400545 0.5515792 18.91036 1.009815 1 0.01342736
-0.01067121 0.03912714 -1.305816 -0.9632504 2.062149 2.095307 0.5559612 19.53878 nan 0 0.0
-0.06522686 0.04446773 -4.36638 -7.512584 1.44443 1.323721 0.1244545 19.90411 0.7697144 0 0.0
-0.02895242 0.02067527 0.08660931 -7.685378 0.2821895 0.271373 0.3242868 17.38935 0.9828701 1 0.0
-0.0100769 0.02940737 -6.217729 -8.333431 0.9169105 0.9638614 0.5420631 19.23526 nan 0 0.0
-0.05377817 0.05118913 -0.2266662 -4.278158 0.7344252 0.6022543 -0.3121126 18.76324 nan 0 0.0
0.004855489 0.02836638 -8.267082 -3.170993 1.340765 1.313177 0.2900865 19.50468 nan 0 0.0
-0.05581468 0.04892959 -3.579713 -6.17861 0.544911 0.4980482 0.1723755 18.64564 1.012066 1 0.04565769
-0.01103105 0.02874731 -2.159894 -4.262504 0.2323174 0.2292263 0.4733926 17.11796 1.028334 0 0.0
0.006096752 0.07826634 -0.4029901 -9.433585 0.8788325 0.8905433 0.408656 18.9511 0.7668419 0 0.0
0.03763868 0.03898262 -6.337516 -4.801112 0.9980564 1.00573 0.3491353 19.24104 1.056007 0 0.0
-0.065169 -0.03583162 0.6361363 0.004215603 0.5828287 0.5891795 0.599769 18.70867 1.019152 0 0.0
0.002302161 0.02277414 -1.642693 -3.557693 1.207536 1.178009 0.2516372 19.33537 1.048851 0 0.0
-0.04727566 -0.001743798 -4.359614 -4.248592 2.274645 2.320836 0.6480184 20.30584 nan 0 0.0
-0.0596206 -0.04725662 -1.926343 -2.29923 0.5414583 0.5575747 0.6275586 18.52986 0.9374199 1 0.0
0.001502884 0.0322079 0.2543799 -3.542212 0.8257416 0.9203909 0.8716201 18.26688 1.042971 1 0.0
-0.05777369 -0.03411379 -8.167154 -3.197265 0.1317321 0.12506 0.443319 16.12796 0.3178902 1 0.0
0.03304859 0.04180347 3.86534 -4.983772 2.430069 2.182643 -0.005950807 19.86152 0.5061169 0 0.0
-0.06865257 -0.03001678 -12.88337 -15.27591 1.134307 1.108608 0.4018915 19.07156 1.188555 0 0.0
-0.05164107 0.01295948 -4.769811 -5.144453 0.4259455 0.3905094 0.3746721 17.97982 1.165937 1 0.7795216
-0.04309137 -0.01798469 -5.109438 -7.314315 1.040438 1.037304 0.6309294 19.04009 nan 0 0.0
0.02021053 0.07385832 0.9201374 1.330044 0.6949027 0.6961597 0.4884995 18.20857 1.06422 0 0.0
-0.01417507 0.01380852 -5.102294 -5.66722 0.3372493 0.3261566 0.5207274 17.32436 1.083307 0 0.0
-0.06201561 -0.04933343 -2.006822 -12.00089 1.255174 1.201019 0.2342385 19.33519 nan 0 0.0
0.0653339 0.03035709 -4.551129 -1.756419 0.6701113 0.6908215 0.44391 18.93177 1.220236 0 0.0
0.006817412 0.05365007 -4.651824 -7.613259 1.136066 1.21989 0.6252345 19.58087 nan 0 0.0
-0.03247559 -0.006421723 -4.992995 -5.903823 0.06429319 0.06045382 0.4744579 13.83907 1.705855 1 0.9951079
0.005965032 0.03723549 -3.34504 -6.326963 1.150804 1.191969 0.4978251 19.4481 0.9760323 0 0.0
-0.07296089 -0.02479402 -2.27538 -0.7497853 2.330655 2.379037 0.7303959 20.21357 nan 0 0.0
-0.06014117 -0.03943302 -0.2137649 -5.042438 0.2159457 0.2106882 0.5652017 16.87414 1.28669 1 0.0
0.003668966 0.023579 -1.806592 -6.257337 0.6880738 0.7044269 0.5156404 18.70634 1.088556 0 0.0
-0.04969492 -0.009332529 1.857184 -2.360662 0.6939549 0.7029355 0.5996331 18.90957 0.9907665 0 0.0
0.007203119 0.03795256 -4.001939 -5.84457 0.2623133 0.2554587 0.4761512 16.87443 1.287642 0 0.0
-0.05998235 -0.006916432 -0.3550339 -4.309421 0.4719271 0.4751445 0.5852837 18.4222 0.9977283 0 0.0
-0.01869531 0.05142442 -6.634457 -6.934697 0.9858013 1.032159 0.5000816 19.22898 1.179947 0 0.0
-0.0778838 -0.0248439 2.283732 -5.610702 0.3246709 0.3214062 0.5502523 17.80564 1.089659 0 0.0
-0.04490223 -0.004893529 -3.129762 -3.046373 1.828067 1.923152 0.7749665 20.09694 1.050539 0 0.0
-0.05387175 -0.008285878 -2.480374 -6.412005 0.1368512 0.1304807 0.4609939 16.17842 1.262298 1 0.0
-0.05834539 0.05319664 -0.7113765 0.3973997 0.7121029 0.6904388 0.3267311 19.21132 0.7692089 0 0.0
0.0163914 0.07201659 -0.9190208 -6.301703 0.4394217 0.4511156 0.44811 17.94349 1.281647 0 0.0
0.003567883 0.0761951 -0.2298481 -4.187081 0.9899566 1.047411 0.556587 19.25884 1.172335 0 0.0
0.03352234 0.06740754 -3.529926 -5.330176 2.541866 2.599926 0.4475199 20.32187 1.14188 0 0.0
0.05273469 0.05142244 -2.040472 -5.554182 0.4138535 0.4244046 0.4621737 18.1126 1.039742 1 0.0
0.001374204 0.05027049 -5.640241 0.3024467 0.5789043 0.598075 0.5661515 18.60301 1.060968 0 0.0
-0.01392595 0.07064753 -0.8244655 -6.72184 1.184136 1.214094 0.4601348 19.55407 1.313456 1 0.0001256595
-0.07758382 -0.01398701 -8.723123 -8.045773 2.455227 2.671953 0.7330814 20.451 nan 0 0.0
0.02301875 0.05698907 -0.6297617 -6.6686 2.277284 2.395772 0.5354725 20.07567 1.159889 0 0.0
0.05031446 0.05975893 -3.276819 -5.383845 1.012951 0.9642212 0.1784728 19.13251 1.22381 0 0.0
-0.05633124 0.0499745 -4.620235 -6.006003 0.789084 0.7506862 0.2153727 19.29816 0.8421955 0 0.0
-0.06498018 -0.04753497 -1.469441 0.1223338 0.5632649 0.5563393 0.5491338 18.62306 1.078691 1 0.0
-0.06750118 -0.01876255 3.00481 -0.1011539 0.5708355 0.5686505 0.5751258 18.53267 0.775177 0 0.0
0.05675806 0.05006197 1.154982 0.8267661 0.769649 0.8004379 0.5572112 18.97576 0.8292427 1 0.0
-0.006311196 0.02435705 1.791084 -5.915856 0.2534167 0.2403957 0.3802856 16.81377 1.336272 0 0.0
0.02137194 0.0750902 -3.714835 -3.527354 0.5344815 0.5453889 0.4582819 18.19149 0.8819103 0 0.0
-0.06409924 -0.01800858 -3.048579 -5.118817 0.811615 0.8535079 0.6125382 19.19071 0.8425446 0 0.0
-0.06468652 -0.02581006 -3.970371 -1.781646 1.084821 1.148485 0.644186 19.40152 0.9791393 0 0.0
-0.005951489 0.04465889 -4.322349 -6.659047 1.569094 1.656156 0.5699744 19.89779 1.131853 0 0.0
-0.004867122 0.0260089 4.814622 -6.211163 1.333651 1.304058 0.1522981 19.45332 0.6710682 0 0.0
-0.059986 -0.00142327 -5.934794 -3.948727 0.8279234 0.8731552 0.6278623 19.2217 0.9410343 0 0.0
-0.00442874 0.02666887 -5.159238 -5.882682 0.1200753 0.1123599 0.3451869 15.58635 1.238834 1 0.9969721
0.002921077 0.02277412 -4.626259 -5.616609 1.185881 1.236824 0.4988305 19.34752 0.972908 0 0.0
-0.04103769 0.0006052856 -1.270948 -4.578111 0.5742807 0.5681041 0.5688759 18.5787 1.054192 0 0.0
-0.03436425 0.01130448 -3.567072 -6.549422 1.05747 1.059578 0.5076672 19.01577 1.125168 0 0.0
-0.01582537 0.01391506 -4.911523 -5.929385 0.1235925 0.1173856 0.3855108 15.69243 1.162752 1 0.9922241
0.003024243 0.02318229 -6.743077 -7.666052 1.296515 1.308891 0.3684267 19.5539 nan 0 0.0
-0.0130405 0.01378962 -5.529053 -3.142104 0.155872 0.150911 0.4203265 15.95067 1.263376 0 0.0
-0.0743766 -0.02709925 0.7726207 -7.131589 0.4931725 0.4938607 0.5757706 18.37717 1.07881 0 0.0
-0.02830894 0.0245512 -5.294549 -5.94416 0.164848 0.1558241 0.3292043 16.46556 1.317087 1 0.9901337
-0.05511874 -0.03484455 -1.896721 -5.73263 1.338574 1.39306 0.669901 19.72887 nan 0 0.0
0.02781865 0.0618629 -5.294173 -4.724667 0.5026517 0.5258624 0.5216332 18.32489 1.168507 0 0.0
0.005293784 0.02614239 0.2305606 -5.788978 0.1774884 0.1752727 0.4513023 16.31645 1.007069 1 0.0
0.06907574 0.03329926 -1.518548 -2.377654 0.9724083 1.023505 0.5297898 19.4385 1.160891 1 0.00067268
-0.05406404 -0.03158998 -6.400081 -3.646065 1.579488 1.707585 0.6617235 20.05118 1.061144 0 0.0
0.01538082 0.04670627 -0.2165924 -4.538829 2.247145 2.235548 0.4492961 20.10462 1.011938 0 0.0
-0.04231231 -0.03029817 -5.988969 -3.829909 1.510056 1.538051 0.5150293 19.75297 nan 0 0.0
-0.007216794 0.0620004 -2.481728 -6.213722 0.6956241 0.6310878 -0.0009902471 18.52592 0.9060936 0 0.0
-0.05726141 0.05238099 -4.212865 -5.918957 1.899959 1.966933 0.6207924 19.98254 0.44487 0 0.0
-0.01059374 0.0383337 2.15784 -0.4730975 0.1923092 0.1827385 0.388644 16.54487 1.001503 0 0.0
0.005242707 0.03479031 -5.329069 -9.279382 1.660137 1.753684 0.4187655 19.94228 0.9169579 0 0.0
-0.03338358 0.009023657 -5.036859 -5.919531 1.682644 1.734887 0.5551641 19.81711 nan 0 0.0
0.04458389 0.05312436 -5.78514 -6.418197 1.736178 1.744037 0.456305 19.98867 1.676592 0 0.0
-0.0403489 0.01703931 0.7664086 -4.817774 2.580913 2.411233 0.1853375 20.22017 nan 0 0.0
-0.04043237 -0.02696708 3.943893 -0.5853012 0.4796555 0.4844169 0.5322259 18.12028 1.338583 1 0.0
-0.05689041 -0.004339514 -1.469821 -2.801694 0.4632019 0.4675884 0.5907079 18.40981 1.351086 0 0.0
-0.04154561 0.0399918 -2.353059 -7.296572 0.6016456 0.560171 0.06477038 18.30006 0.9696999 0 0.0
-0.06311674 -0.02229943 -0.440025 -5.672952 1.347581 1.412758 0.6407364 19.81093 1.075163 0 0.0
0.007695841 0.06934746 -1.906938 -4.91737 0.2506109 0.2446823 0.2766957 17.22076 1.216883 1 0.0
0.004005652 0.05607638 1.7789 -9.198026 1.423694 1.500932 0.5834512 19.75197 0.8403778 0 0.0
0.001322959 0.07402841 2.116261 -0.6479067 0.3160085 0.3233705 0.4048328 17.71 1.004549 0 0.0
-0.04226273 -0.02609435 3.847373 1.054245 0.3139696 0.3180161 0.5843142 17.67017 1.150707 1 0.0
-0.00865999 0.04559708 -0.5773518 -7.092852 0.1184726 0.1112798 0.3550319 15.48097 1.450932 1 0.0
0.01097248 0.06816457 0.2068722 -0.935205 0.2549309 0.2575244 0.4022181 17.03101 nan 0 0.0
-0.06592883 -0.01874995 1.741566 -6.422241 0.1695953 0.1634221 0.4855738 16.692 1.21956 1 0.0
0.06669537 0.0230128 -5.960275 -7.859047 2.478819 2.489119 0.5001063 20.25568 0.5309143 0 0.0
-0.05984131 0.0527379 -1.688441 -0.2735376 0.5824976 0.5416085 0.2060966 18.99879 1.236515 1 0.0
-0.05206028 -0.02030112 -4.574151 -6.408946 0.7008077 0.6805254 0.536863 18.84604 1.0467 0 0.0
-0.05303363 0.05726638 -1.771424 4.61119 0.8742477 0.8428601 0.2781736 19.53375 1.007448 0 0.0
0.02445956 0.04266832 -4.513826 -0.1928796 1.832886 1.722224 0.1952875 19.75239 1.473551 0 0.0
-0.03758789 0.01256586 -0.006807351 1.685169 0.5731537 0.5744754 0.5231663 18.58001 1.068048 0 0.0
-0.06486 0.0004463841 1.19694 -2.4487 0.6383097 0.6473854 0.6169527 18.79758 1.007729 0 0.0
0.05307068 0.05250561 -0.3588382 -8.013372 0.5454521 0.5511741 0.2875363 18.42132 0.9967518 1 0.0
-0.0014373 0.03395122 -8.530593 -5.387333 0.9101916 0.9449539 0.3744608 19.13273 0.8460026 0 0.0
-0.07869949 -0.005675744 -0.9687325 -4.966905 0.3687625 0.3686824 0.5674074 18.0063 1.148401 1 0.0
0.004468777 0.03110536 -1.868365 -4.702141 0.3829671 0.3849068 0.5269388 17.99355 1.540962 0 0.0
-0.06642631 -0.008233191 4.338786 -0.1975575 3.530878 3.372548 0.1058854 20.39267 0.8619919 0 0.0
-0.04671657 0.06394557 -2.692814 -6.986152 0.7097399 0.6622017 0.1585373 19.03116 0.7583618 0 0.0
0.005165985 0.04624966 -4.207411 -3.656947 0.2873808 0.2906125 0.5414334 17.35588 1.418552 0 0.0
0.009191555 0.06177516 1.076328 -6.565213 0.7444884 0.7567493 0.3914149 18.72348 1.171616 0 0.0
-0.03779078 0.004451915 0.7447378 -7.503889 0.7415973 0.765234 0.5678717 19.01345 0.8451252 0 0.0
-0.00448115 0.0434726 -5.835026 -6.715909 1.386051 1.446656 0.5975449 19.82748 0.9579926 0 0.0
-0.05655093 -0.01126679 5.791336 -3.23583 2.239474 2.411683 0.3797938 20.13339 nan 0 0.0
-0.07590997 -0.0119638 -9.314631 -11.37542 1.445779 1.562903 0.6904652 19.84126 0.8176041 0 0.0
-0.05652928 -0.04587371 -7.856961 1.111552 0.5930004 0.6110466 0.6321703 18.67217 0.9112663 0 0.0
0.01522677 0.05097875 -3.776356 -4.518009 0.9512801 0.9462637 0.3046809 18.98848 1.32744 0 0.0
-0.06141912 0.02091464 -4.189717 -6.952926 0.6654918 0.6382501 0.4588873 18.66234 0.9913273 0 0.0
-0.0469144 -0.002384479 -3.369558 -4.555084 0.7471249 0.7464421 0.5878207 18.80499 0.7673321 0 0.0
-0.07144165 -0.02294649 0.05148936 -1.683525 0.3123747 0.3081967 0.5429857 17.71633 1.181128 0 0.0
0.001813189 0.07294122 -0.4243274 -6.556554 0.905167 0.9453839 0.5131742 19.20123 0.2674751 0 0.0
-0.02124247 0.02292045 1.612944 -2.835344 0.5908816 0.5139876 -0.05411805 18.24498 1.55109 0 0.0
-0.04743073 -0.001026716 1.291078 -2.311985 0.8367946 0.8675337 0.6105506 19.15682 0.8733921 0 0.0
-0.03761437 0.0142405 -2.90083 -6.292491 1.385836 1.337841 0.4349038 18.81524 1.537973 0 0.0
-0.04983831 0.01698499 1.800855 -4.688038 0.9384523 0.9797937 0.6457006 19.19843 0.1802483 0 0.0
0.01961807 0.07848567 2.173649 -7.048363 0.1054886 0.1010456 0.149956 15.17797 1.202523 1 0.0
-0.05342471 -0.02316293 -1.367607 -6.004464 1.498633 1.480317 0.3022803 19.6452 0.7483006 0 0.0
0.008287363 0.0484467 -4.578038 0.07539481 2.201576 1.995183 0.05630645 19.91561 0.9273319 0 0.0
0.01814486 0.06659176 -4.374814 -6.972045 0.794173 0.8498201 0.6212858 19.03252 0.9099541 0 0.0
0.006300263 0.03625127 1.44667 -1.547347 1.336222 1.383272 0.506036 19.21909 1.083252 0 0.0
-0.003347146 0.06880223 10.0984 -7.595246 0.4307208 0.4261216 0.2479166 17.7318 0.9780941 0 0.0
0.002689417 0.03736916 -5.429969 -7.806498 1.136276 1.130656 0.2981052 19.33931 1.201031 0 0.0
-0.07202585 -0.03377307 -2.036116 -1.56047 0.9202049 0.9723115 0.6233358 19.35872 0.8108578 0 0.0
0.03597533 0.07220167 -3.515537 -3.808416 0.524323 0.5413754 0.4799309 18.45322 0.9942379 0 0.0
0.0483695 0.04090013 1.499591 -3.77498 0.5085509 0.5059695 0.3797798 18.42344 1.085342 0 0.0
-0.06930377 -0.02104511 -2.314367 -8.171213 1.22276 1.312338 0.4528365 19.64581 0.8792686 1 0.001345204
0.07300016 0.03847272 -2.117815 -1.957406 0.6728185 0.6764377 0.4055322 18.99139 1.050512 1 0.0
-0.07205145 -0.03399052 -16.35523 -25.88816 2.1224 2.043101 0.4731938 20.0619 nan 0 0.0
-0.01582964 0.03834819 -3.231542 -4.85267 0.4425537 0.4318875 0.4484404 18.0799 0.9894295 1 0.007782139
0.05423523 0.01561299 -6.222992 -7.169638 0.8589708 0.8525358 0.1897866 18.93319 nan 0 0.0
0.008491795 0.0278435 -5.763302 -6.649438 0.352612 0.3559909 0.5194358 17.81618 0.9890499 0 0.0
-0.02716734 0.001560374 1.329228 -3.311206 0.1782913 0.1721461 0.484503 16.6097 1.317895 0 0.0
-0.05230394 -9.861633e-05 0.6003524 0.8281493 0.3934697 0.3932824 0.5611864 18.14103 1.030897 1 0.0
-0.0311355 -0.005067034 2.782308 1.81646 1.892383 1.844685 0.3867005 19.86536 nan 0 0.0
-0.05217042 -0.008109405 -3.531904 -5.41916 0.4101509 0.412538 0.5919592 18.20457 1.075115 0 0.0
0.01641765 0.0744847 -2.974458 -0.7262775 0.5260789 0.530647 0.4192602 18.25102 nan 0 0.0
0.01251858 0.05393937 -3.914592 -1.031682 1.733568 1.773126 0.2669011 19.93941 nan 0 0.0
-0.0749959 -0.02621856 1.679301 -4.525147 2.285422 2.332 0.6279472 20.33335 nan 0 0.0
-0.04561967 0.03752936 -2.881775 -3.96894 0.1317263 0.1238099 0.2859119 15.84292 nan 0 0.0
0.01053211 0.05308132 -7.834338 -6.501804 2.421485 2.541985 0.614788 20.23561 nan 0 0.0
0.05452537 0.02639696 -1.079626 -8.541504 0.5638404 0.5925159 0.5766421 18.47865 0.999773 1 0.0
0.02361275 0.05949898 0.06640124 -7.883033 0.100888 0.09890518 0.1862728 14.97901 1.327857 1 0.0
-0.04093611 0.00403093 -3.939666 3.114161 1.297989 1.308951 0.3100954 19.60849 1.294294 0 0.0
-0.02861341 0.008743003 -3.769712 -5.397782 1.031867 1.07477 0.4148745 19.21238 0.9509563 0 0.0
-0.0487707 -0.002248132 -1.849165 -7.326881 0.6630018 0.6764124 0.6202951 18.92279 nan 0 0.0
-0.001850714 0.0708355 -0.4883816 -9.540611 1.258319 1.268398 0.4309725 19.5741 0.3960552 0 0.0
-0.05910111 -0.01415233 -1.428271 -7.247644 1.080784 1.082155 0.4066558 19.25897 0.7023525 0 0.0
-0.01722534 0.05360672 -5.464903 -5.765972 0.9665725 0.9600101 0.4782734 18.84976 1.055019 0 0.0
-0.06559185 -0.02135514 -1.502067 -4.918614 1.479503 1.579429 0.6824751 20.02633 1.432375 0 0.0
-0.02121922 0.03379234 -5.15477 -6.246689 0.3103678 0.2988183 0.4016155 17.65719 1.167692 1 0.9546068
-0.05466876 -0.01183021 -6.725501 -7.826766 0.9317037 0.9913828 0.6650326 19.36156 1.131786 0 0.0
-0.07269344 -0.03686351 1.70869 -5.619237 2.268558 2.357741 0.7499952 20.35649 0.7338505 0 0.0
-0.06830058 -0.01832828 -2.223675 -10.11304 0.8484774 0.8562857 0.5484667 18.00044 1.23424 0 0.0
-0.04796209 -0.01996697 -5.635843 -1.77986 0.7253057 0.7275302 0.5924341 19.03194 0.9333019 0 0.0
