scripts/get_globular_clusters/output/NGC_6517.csv
# %ECSV 0.9
# ---
# datatype:
# - {name: x, unit: deg, datatype: float64}
# - {name: y, unit: deg, datatype: float64}
# - {name: pmx, unit: mas / yr, datatype: float64}
# - {name: pmy, unit: mas / yr, datatype: float64}
# - {name: pmx_e, unit: mas / yr, datatype: float64}
# - {name: pmy_e, unit: mas / yr, datatype: float64}
# - {name: pm_corr, datatype: float64}
# - {name: g_mag, unit: mag, datatype: float64}
# - {name: bp_rp, unit: mag, datatype: float64}
# - {name: filter, datatype: int64}
# - {name: memberprob, datatype: float64}
# meta: !!omap
# - comments: [deg deg mas/yr mas/yr mas/yr mas/yr dimless mag   mag   zeroone float]
# - __serialized_columns__:
#     bp_rp:
#       __class__: astropy.units.quantity.Quantity
#       unit: &id001 !astropy.units.Unit {unit: mag}
#       value: !astropy.table.SerializedColumn {name: bp_rp}
#     g_mag:
#       __class__: astropy.units.quantity.Quantity
#       unit: *id001
#       value: !astropy.table.SerializedColumn {name: g_mag}
#     pm_corr:
#       __class__: astropy.units.quantity.Quantity
#       unit: !astropy.units.Unit {unit: ''}
#       value: !astropy.table.SerializedColumn {name: pm_corr}
#     pmx:
#       __class__: astropy.units.quantity.Quantity
#       unit: !astropy.units.Unit {unit: mas / yr}
#       value: !astropy.table.SerializedColumn {name: pmx}
#     pmx_e:
#       __class__: astropy.units.quantity.Quantity
#       unit: !astropy.units.Unit {unit: mas / yr}
#       value: !astropy.table.SerializedColumn {name: pmx_e}
#     pmy:
#       __class__: astropy.units.quantity.Quantity
#       unit: !astropy.units.Unit {unit: mas / yr}
#       value: !astropy.table.SerializedColumn {name: pmy}
#     pmy_e:
#       __class__: astropy.units.quantity.Quantity
#       unit: !astropy.units.Unit {unit: mas / yr}
#       value: !astropy.table.SerializedColumn {name: pmy_e}
#     x:
#       __class__: astropy.units.quantity.Quantity
#       unit: &id002 !astropy.units.Unit {unit: deg}
#       value: !astropy.table.SerializedColumn {name: x}
#     y:
#       __class__: astropy.units.quantity.Quantity
#       unit: *id002
#       value: !astropy.table.SerializedColumn {name: y}
# schema: astropy-2.0
x y pmx pmy pmx_e pmy_e pm_corr g_mag bp_rp filter memberprob
[from data line 499]
0.01021076 -0.001963939 0.7522517 -9.980462 1.545953 1.622854 0.6463559 19.60053 nan 0 0.0
-0.001606085 -0.012644 -1.496027 -3.852117 0.1239074 0.1062566 0.3668331 16.22363 2.654506 1 0.9846313
0.01072234 -0.03189121 -0.3162189 -6.039398 1.5636 1.630434 0.6478556 19.84546 2.150354 0 0.0
-0.007333676 -0.003486887 -2.321174 -4.517088 1.355202 1.35165 0.3365251 19.62323 nan 0 0.0
0.01470255 0.002270221 -2.356176 -4.215827 0.8067838 0.8349449 0.5962405 18.36382 2.118528 0 0.0
-0.04791159 0.01741171 -0.4302293 -5.99601 2.210087 2.313195 0.2743012 20.403 1.817257 0 0.0
-0.006940603 -0.06543946 -2.749174 -3.740297 0.9515723 0.9499869 0.6431924 19.09716 2.146902 0 0.0
0.03477704 -0.02280896 1.469571 -2.78161 2.604763 2.348036 0.3106732 20.63429 1.962477 0 0.0
0.007919759 -0.0005295556 -0.597275 -3.974836 1.272962 1.557371 0.3007928 19.49595 nan 0 0.0
0.004182462 0.06169679 -1.619417 -5.351357 0.5945791 0.5324965 0.2321227 18.91085 2.066525 1 0.437016
0.03088819 -0.0269056 -4.251781 -6.382337 2.232439 1.826476 0.3672885 20.45428 2.919304 0 0.0
-0.005915847 -0.06551192 -1.941404 -4.005479 0.3655335 0.308212 0.5199235 15.84509 5.248808 1 0.7257448
0.007376057 -0.05395819 -0.7119841 -1.691483 0.1715557 0.1462682 0.5284773 15.97329 2.682493 1 0.0
-0.03955746 -0.01470799 -3.426717 -2.926193 3.148399 2.835188 0.1822826 20.74767 1.575918 0 0.0
0.007558002 -0.001199981 -9.317297 0.9671681 2.822518 2.928488 0.4917006 19.75792 nan 0 0.0
0.02308244 -0.006483037 -1.666105 -4.099468 0.4488175 0.3979221 0.3218796 18.26612 2.644999 1 0.9746345
0.01084224 -0.05430827 -1.816089 -5.9389 0.4388502 0.374167 0.2578577 18.4105 2.732498 1 0.003409311
0.02118548 0.03055779 -0.6964987 -1.117147 2.880734 2.549318 0.2836584 20.48505 2.026941 0 0.0
-0.04736906 0.01821859 1.39594 -4.55921 2.933714 3.093166 -0.3767408 20.68131 1.68601 0 0.0
0.04126347 0.02661739 -3.347115 -6.743205 0.7248025 0.6502403 0.37563 18.89448 2.658115 0 0.0
0.05850383 0.00168693 -8.396926 -4.887255 2.172169 1.767349 0.1363783 20.51399 nan 0 0.0
-0.01607537 -0.01149517 -6.388003 -10.36934 1.860686 1.918602 0.5568109 19.66108 2.000217 0 0.0
-0.01815524 -0.01335684 -1.976678 -7.373785 1.945045 2.14164 0.3859879 19.88295 2.223459 0 0.0
-0.02451672 0.002354569 -3.042075 -5.813995 1.502898 1.502591 0.2417559 20.25531 1.806496 0 0.0
0.03800004 -0.04507281 -2.976901 -1.615258 0.2224514 0.1933147 0.297035 17.42158 2.571926 1 0.0
0.01654215 0.01829282 -3.537959 -3.163583 1.341989 1.436809 0.6157292 19.57932 1.994785 0 0.0
-0.03732517 -0.03047962 -1.013685 -5.336935 1.579998 1.586184 0.6514794 19.72818 1.875145 0 0.0
0.05573003 -0.001036328 0.7707061 -2.723364 2.335275 2.394359 0.5342736 20.14982 1.926247 0 0.0
0.06610047 0.001653202 -4.541197 -7.885994 2.512097 2.532803 0.763184 20.23917 1.72751 0 0.0
-0.05345848 0.01664037 1.597917 -2.329176 2.246272 2.397235 -0.3079335 19.99794 2.12055 0 0.0
0.009789009 0.008577989 -3.696973 1.459016 2.104084 1.821951 0.1130369 19.58484 nan 0 0.0
0.0591672 0.002723466 -3.473389 -9.8829 2.355256 2.073093 0.3341929 20.57238 0.9734745 0 0.0
-0.04058164 -0.02104336 -0.6358716 -3.068419 1.048875 1.024432 0.6726076 19.1523 1.422361 0 0.0
0.006471953 -0.04724526 6.384264 -2.659047 2.41541 2.182518 0.3321712 20.42454 2.157206 0 0.0
0.01222896 -0.04701271 -2.805152 -2.259995 0.1733695 0.1474106 0.5460126 15.41392 3.121534 1 0.0
0.008733622 -0.002952861 -2.008774 -4.04342 0.2691805 0.2320416 0.4251024 17.52507 2.352882 0 0.0
0.03456571 -0.02620689 -2.556176 1.062141 0.945919 0.9808785 0.6337387 19.05821 2.361654 0 0.0
0.06221126 -0.0009677618 -1.141931 -8.593949 0.2240575 0.1863279 0.3930412 14.32467 3.916425 1 0.0
-0.06310074 -0.01023286 -7.937101 -1.970603 1.925057 1.965776 0.3588319 20.14401 1.480515 0 0.0
-0.04131333 0.05162176 -5.018206 -8.521788 0.4485502 0.4091839 0.06920474 18.70369 2.238955 1 0.0
0.001709777 -0.0134613 -3.565709 -6.609621 1.411429 1.507543 0.649588 19.38054 2.156128 0 0.0
-0.01113366 0.05271876 -1.506138 -3.868259 0.4970916 0.4386953 0.2532551 18.31403 2.500513 1 0.876577
-0.005102922 -0.005203463 0.09199319 -2.152959 2.827097 2.340503 -0.08755945 20.06495 nan 0 0.0
-0.0445616 -0.01283079 -2.951243 -2.53589 1.312755 1.311201 0.2568734 19.96622 nan 0 0.0
0.0005341602 -0.009776296 -3.893883 -4.434735 1.303326 1.406128 0.6041874 19.4244 nan 0 0.0
-0.02891462 -0.03954066 -2.457038 -4.985875 3.110597 3.128908 0.623001 20.32608 2.021826 0 0.0
-0.0330469 -0.008579029 -2.471241 -3.484409 1.801949 1.893413 0.3593968 19.99111 nan 0 0.0
0.05448964 -0.03058192 3.180818 -5.753308 2.38605 2.778233 0.1677062 19.92301 nan 0 0.0
0.02094026 -0.03935987 -3.587764 -5.163565 1.201283 1.269966 0.6386797 19.38614 2.670261 0 0.0
0.03827522 -0.008082678 -2.146466 -9.259158 1.358374 1.12427 0.1178643 19.90322 2.220654 0 0.0
0.01105517 0.009383807 -2.018295 -4.180501 0.3078275 0.2667388 0.3144689 17.67837 nan 0 0.0
0.0427928 -0.04292853 -1.192321 -8.670553 0.2375484 0.201092 0.1100414 17.33076 2.750067 1 0.0
-0.01387527 1.004551e-05 -6.587886 -5.778128 2.864119 2.894064 0.5375288 20.36901 1.893614 0 0.0
0.01027135 0.008710536 -4.120305 -5.270215 1.098377 1.212382 0.4238894 19.16199 nan 0 0.0
-0.06126247 -0.007040599 1.512424 -1.325655 0.8333612 0.8351538 0.2458013 19.42507 2.253803 1 0.001571685
0.02450374 0.06045717 -0.1182 -2.65688 0.1240364 0.1084547 0.2682597 16.06949 2.628933 1 0.0
-0.04209115 -0.0009782262 -2.427647 -8.280545 0.4160974 0.418644 0.3199678 18.34805 nan 0 0.0
-0.02659755 0.01319007 -0.2966709 -5.134213 1.724492 1.768776 0.421359 20.22272 1.90115 0 0.0
0.00948854 0.04664772 -1.48878 -4.515749 0.3163492 0.2697288 0.1588737 17.85539 2.325686 1 0.9485482
-0.005464567 -0.01138328 -4.363473 -6.737085 2.082668 1.896938 0.4167521 20.15512 2.266264 0 0.0
-0.01215833 0.03999004 -1.112304 2.403423 2.347057 2.227293 -0.06161062 20.44633 1.910528 0 0.0
0.03827794 0.01775427 0.479353 -9.564199 1.118844 1.229496 0.547823 19.38971 2.335573 0 0.0
0.02603906 0.02755721 0.7710003 -4.787002 2.906797 2.514532 0.2016104 20.3813 2.092196 0 0.0
0.04153588 0.03605682 -2.695863 -4.165472 0.649087 0.5529544 0.3183621 19.03448 2.56263 1 0.5375204
0.05669559 0.004825758 2.325735 -2.155277 3.575483 3.01314 0.2349643 20.64218 1.843407 0 0.0
0.03061977 0.007044276 -2.414221 -8.201335 2.769224 2.87558 0.5965286 20.44418 1.538439 0 0.0
-0.001787117 0.02117234 -1.569956 -4.050221 0.197903 0.1748288 0.2409475 17.16928 2.556937 1 0.9920053
0.01608972 0.01302284 0.5190339 2.232309 0.8767351 0.925334 0.5158717 19.1338 2.240896 0 0.0
0.008885189 0.03154153 -0.4664167 -6.070018 1.213443 1.198162 0.2870007 19.64104 2.317747 0 0.0
-0.05218445 -0.03805362 5.237108 1.296665 2.74567 2.740139 0.6400426 20.32848 1.069757 0 0.0
0.01684457 0.03876343 -1.367917 -6.373095 0.1864768 0.1600281 0.1859481 16.80073 1.964042 1 0.0
0.02238909 -0.006861603 -0.614773 -4.171412 0.6421466 0.5674907 0.3482833 18.8206 2.487623 1 0.9261463
-0.03172248 0.01373039 -4.935899 -9.685171 1.740002 1.725679 0.3702194 20.18387 2.656876 0 0.0
0.02338393 -0.005862215 -0.6317406 1.952344 0.407483 0.364156 0.3344228 18.18918 2.380245 0 0.0
0.0003834425 -0.005272092 -8.469229 -9.224736 1.158988 1.153373 0.4847149 18.29872 nan 0 0.0
0.02380799 0.02530956 4.73893 -5.437835 1.856809 1.564229 0.2268238 20.33478 1.631479 0 0.0
0.0001724283 -0.00589198 2.479405 -0.4824233 0.4680874 0.4052379 0.409732 17.90359 2.287656 0 0.0
-0.01384558 0.0117698 -1.845168 -4.5378 0.220857 0.1926348 0.3316681 16.83249 nan 0 0.0
-0.01710247 0.03510703 -5.817229 -3.865332 1.637748 1.693286 0.3688567 20.07041 2.230541 0 0.0
-0.04558613 -0.01576632 4.429617 5.31331 1.831619 1.848283 0.4019748 20.10074 2.002951 0 0.0
-0.009111994 -0.01291495 -2.068676 -5.157884 1.424758 1.52318 0.6184584 19.75134 2.350374 0 0.0
0.02211914 0.01548777 -2.492185 0.6751948 2.428486 2.312546 0.3468143 20.15437 2.567888 0 0.0
-0.008780408 -0.01288538 -2.276279 -6.070102 1.298763 1.353682 0.6117208 19.64295 1.997078 0 0.0
-0.02991387 0.01585152 -4.845349 -2.286386 0.6289019 0.6317045 0.3379245 19.07171 nan 0 0.0
-0.01275874 -0.03294985 0.3320808 0.2571338 2.439132 2.133955 0.3132537 20.48892 1.83868 0 0.0
-0.01586527 0.009300659 2.604479 -5.622714 1.026899 1.034714 0.473987 19.56265 nan 0 0.0
0.02079536 0.06220643 0.3641374 0.2593302 1.007306 0.9952081 0.3016471 19.72886 2.351473 1 0.000830618
0.0002025898 0.02414876 -1.149284 -4.845644 0.3263186 0.2816465 0.1354658 17.81537 2.429695 1 0.8927045
-0.02249823 0.02266319 -2.095257 -5.43705 1.145253 1.115258 0.422742 19.66852 1.989532 0 0.0
0.03393758 0.02604689 -5.820199 -10.53651 3.046612 2.835708 0.4282539 20.51607 nan 0 0.0
-0.008902371 0.04379911 -3.808411 -5.08712 1.587728 1.578624 0.005621457 20.26372 3.019636 1 0.4145038
-0.03657375 -0.009151572 -2.449803 -5.799546 0.2647677 0.2311323 0.2012827 17.62222 2.358042 1 1.175379e-06
-0.01565428 0.01001116 -1.543132 -4.359775 0.2173955 0.1885631 0.2264281 17.23345 nan 0 0.0
-0.03310587 -0.02295758 -1.963573 -4.225376 0.9312208 0.9585329 0.5720966 19.13424 1.755161 0 0.0
-0.04152417 0.04978973 2.172058 -4.396972 0.8607611 0.8909831 0.02785362 18.91485 2.197849 0 0.0
-0.007062851 0.02125429 -1.615478 -4.321974 0.1279462 0.1110763 0.2523366 15.93722 2.564774 1 0.9949864
-0.0001893098 -0.005088986 0.2591205 -2.724758 0.45562 0.3871098 0.3409912 17.64384 2.112263 0 0.0
-0.02689729 -0.01007198 -3.082873 -0.2869922 2.22154 1.74919 0.1108518 20.43876 1.618357 0 0.0
0.0346901 0.01374919 -3.347276 -0.5185162 1.801684 1.877352 0.6160578 19.97478 1.581224 0 0.0
-0.0139351 -0.01212642 -2.687035 -4.361377 0.8940087 0.8905784 0.5777194 19.09818 1.986057 0 0.0
-0.02171356 0.008511668 -2.715567 -4.796702 0.5394236 0.4823699 0.2439303 18.89844 2.272108 0 0.0
0.01868227 0.01232081 -1.907424 -4.903853 2.508824 2.609597 0.6077498 19.92419 2.029728 0 0.0
0.02612756 0.0005062356 -3.54507 -2.813147 0.8192965 0.7174816 0.3076128 18.33534 2.513773 0 0.0
0.004936175 0.05824734 -2.17787 -0.03094655 2.250405 2.314844 0.2778994 20.52425 1.366346 0 0.0
0.01967614 -0.005451915 -0.9227957 -4.216797 0.658641 0.5758569 0.2879026 18.94799 2.009972 0 0.0
-0.05710573 0.01353274 1.988675 -2.005326 1.689543 1.706931 0.1949465 20.00655 nan 0 0.0
0.008009852 -0.01604584 -1.757868 -4.800266 0.3085948 0.2671243 0.3696732 17.89011 2.591002 0 0.0
-0.03841445 0.008621867 -5.790012 -5.766852 0.9483057 0.9414759 0.1399883 19.54547 2.205687 1 0.001676119
0.02046092 0.01257249 0.6015574 -2.535115 2.259427 2.431942 0.559772 19.99473 nan 0 0.0
0.00626263 0.04950881 -3.886228 -5.309223 1.127887 1.118005 0.2613461 19.56614 2.33675 0 0.0
-0.03346971 4.977725e-05 -3.187573 -5.890864 0.169021 0.1481094 0.2670392 16.6411 2.284029 1 0.0
0.002041751 0.05576305 2.312811 -7.186177 2.809388 2.823827 0.1639528 20.68227 1.000668 0 0.0
0.02733744 0.05469487 -2.635559 -6.21537 0.1592438 0.1417877 0.2747709 15.32458 3.418844 1 0.0
-0.03657439 -0.002784842 -5.100833 -8.074655 1.065278 1.073035 0.2562977 19.55771 1.830999 0 0.0
0.02431873 -0.001092951 -2.88784 -4.03988 1.594053 1.389502 0.3812587 20.07936 2.565546 0 0.0
-0.03181173 0.0001443399 -2.166336 -4.202471 0.3188033 0.3011303 0.2567644 17.99424 2.221704 1 0.9035548
-0.01490088 0.01627301 -1.87805 -4.274602 0.1896933 0.1651231 0.2481919 17.1538 2.397225 0 0.0
2.170643e-05 0.03053266 -2.418659 -5.666328 0.6643291 0.5879132 0.1351961 18.59636 2.394318 0 0.0
-0.04688933 0.03861488 0.1487483 -6.862757 0.1096493 0.1033795 0.2462128 14.42287 2.986641 1 0.0
0.01274269 -0.009289191 -2.59898 -6.428649 2.206424 2.221472 0.6859988 20.0448 1.904392 0 0.0
-0.02925053 0.01447447 -4.539584 -6.617575 1.228928 1.101128 0.1359382 20.02373 1.866497 0 0.0
-0.03989556 0.04482413 0.9053526 -2.203258 1.132905 1.177834 0.1209578 20.02088 1.661589 0 0.0
5.185709e-05 0.05057602 -1.744002 -3.82036 0.7536241 0.7589906 0.3846885 19.15042 2.136229 0 0.0
0.01464253 0.008977415 -1.680774 -3.392471 1.436398 1.516439 0.6207692 19.57705 2.142719 0 0.0
-0.03247327 -0.01845237 0.07679254 -4.139227 1.511504 1.532491 0.5030695 19.63369 1.930038 0 0.0
0.03549849 -0.04304219 -0.6241717 0.2696069 1.197843 1.2968 0.6268045 19.62346 2.279016 1 0.007578414
0.01750291 -0.06337129 3.035552 -2.142716 1.714367 1.69216 0.5447757 19.88175 2.640125 1 0.1156112
0.01117504 -0.01380479 -1.713259 -4.534526 0.2520967 0.2158508 0.3083861 17.46051 2.571548 1 0.9855993
-0.03802368 0.01942322 -3.338056 -6.415891 0.8790343 0.8710482 0.3511876 19.43554 2.360636 0 0.0
0.02992278 -0.03696678 -0.2855099 -9.3175 0.8959221 0.9559431 0.5526668 19.27418 2.147083 0 0.0
0.0006547695 0.007648287 -1.442123 -10.99134 2.584325 2.657029 0.6431182 20.01929 nan 0 0.0
0.01398012 0.02973607 0.6722928 0.1599458 3.916294 3.23945 -0.02448963 20.64378 2.893293 0 0.0
-0.03488884 0.02398973 -3.03681 -5.585478 0.1375882 0.1214653 0.3282273 15.79084 2.922217 1 0.0
-0.006880847 -0.0379479 -3.488106 -3.140023 1.19573 1.187128 0.5587339 19.52006 2.105795 0 0.0
-0.01906003 -0.004449571 -2.232421 -5.151841 2.764164 2.820233 0.7033831 20.30891 1.893728 0 0.0
0.03291256 0.02599835 -2.710589 -3.906308 1.296634 1.414016 0.5989444 19.57941 2.089134 0 0.0
0.02021887 -0.00320032 -2.591558 -4.243874 0.430701 0.3805263 0.3147246 18.40008 3.235512 0 0.0
-0.02319238 0.0346947 -4.471852 -4.918912 0.4486521 0.4028655 0.1990368 18.58584 2.164425 1 0.0
-0.01239762 -0.01557961 -2.712865 -1.411615 0.7222975 0.5401266 0.0528425 18.84752 2.092455 0 0.0
0.02148643 0.02173247 -5.257526 -6.136556 3.554246 3.279946 0.1487041 20.58544 1.6392 0 0.0
0.006562149 -0.05977081 2.558166 -4.304041 3.116109 2.444026 0.05296066 20.8046 1.49551 0 0.0
0.01298525 0.03012425 -15.55235 -19.08325 2.987701 2.080639 -0.2833122 20.46922 2.57419 0 0.0
-0.02388186 -0.02504731 -3.277011 -4.183323 0.6837832 0.5533432 0.1500076 18.99464 1.179176 0 0.0
0.0176564 -0.006173743 -2.563285 -4.706935 0.7476578 0.6570235 0.3005378 19.1629 2.581419 0 0.0
-0.0349779 0.009602591 -1.367781 2.575799 1.050072 1.054184 0.2298729 19.60647 nan 0 0.0
-0.02364452 0.03345013 -2.198289 -4.557978 0.3382889 0.2986457 0.2555646 17.81987 2.490883 1 0.8464797
0.02573683 0.01684366 -3.830438 -6.69648 2.245117 2.364282 0.5712825 20.06953 2.442303 1 0.601067
0.02205777 -0.002391711 -1.576245 -2.509601 1.687487 1.735856 0.5381416 19.98203 2.579302 0 0.0
-0.0305144 -0.01271489 -7.758802 -12.49497 2.646577 2.463173 0.4525907 20.36215 nan 0 0.0
-0.02539206 0.018484 -1.487547 -4.431182 0.8609492 0.8601798 0.2721983 19.51618 2.265394 0 0.0
0.005839477 -0.01670002 -2.526013 -4.839144 1.599512 1.701482 0.5223666 19.90828 1.827843 0 0.0
-0.007786988 0.04972431 -3.294138 -4.507144 0.9490116 0.9339056 0.1856233 19.56135 2.346521 1 0.4237496
0.0304702 0.02098796 -5.259486 -0.343417 2.255735 2.021203 0.2622838 20.4086 1.85511 1 0.1502872
0.0007754279 0.04278927 -4.074242 -5.289929 1.804666 1.827964 0.3322505 20.1895 2.138884 0 0.0
-0.02680681 -0.01076911 -0.8022815 -6.988954 4.120463 3.238335 0.04425606 20.85617 nan 0 0.0
-0.04621537 -0.04548861 4.69767 -0.6639726 2.096885 2.126319 0.60678 19.66677 1.777391 0 0.0
-0.03385738 -0.04518589 -3.48944 -4.911403 2.695648 2.285461 0.1107526 20.49688 0.5737438 0 0.0
-0.06105614 0.02082771 -2.629157 -9.355049 0.1120449 0.1041798 0.3067992 15.43848 2.628292 1 0.0
-0.03793377 0.02453969 5.247902 -10.13076 1.093164 1.093825 0.4127328 19.53915 2.37323 0 0.0
-0.02476175 0.05935089 -0.9448448 -3.402071 1.72663 1.73975 0.0005680127 20.3312 1.545843 0 0.0
-0.02587505 0.02749428 -4.529763 1.109328 2.925209 2.621007 0.2641587 20.62946 1.387737 0 0.0
-0.05104936 0.03533368 -4.279476 -11.28828 1.054894 1.066894 0.08958318 19.867 1.5835 0 0.0
-0.04468505 0.01052182 -7.364167 -1.105597 2.168928 2.288499 0.2516533 20.42399 1.437126 0 0.0
-0.03869005 0.04900708 -4.978886 -4.11563 1.551834 1.434912 0.01124202 20.39135 1.565557 0 0.0
-0.03995158 0.005811223 -5.613534 -12.07318 1.092521 1.099607 0.2170846 19.48738 2.008284 0 0.0
-0.01975578 0.04019284 2.352201 -0.4708474 0.1391248 0.121332 0.2710598 15.38038 3.034416 1 0.0
