scripts/get_globular_clusters/output/NGC_6760.csv
# %ECSV 0.9
# ---
# datatype:
# - {name: x, unit: deg, datatype: float64}
# - {name: y, unit: deg, datatype: float64}
# - {name: pmx, unit: mas / yr, datatype: float64}
# - {name: pmy, unit: mas / yr, datatype: float64}
# - {name: pmx_e, unit: mas / yr, datatype: float64}
# - {name: pmy_e, unit: mas / yr, datatype: float64}
# - {name: pm_corr, datatype: float64}
# - {name: g_mag, unit: mag, datatype: float64}
# - {name: bp_rp, unit: mag, datatype: float64}
# - {name: filter, datatype: int64}
# - {name: memberprob, datatype: float64}
# meta: !!omap
# - comments: [deg deg mas/yr mas/yr mas/yr mas/yr dimless mag   mag   zeroone float]
# - __serialized_columns__:
#     bp_rp:
#       __class__: astropy.units.quantity.Quantity
#       unit: &id001 !astropy.units.Unit {unit: mag}
#       value: !astropy.table.SerializedColumn {name: bp_rp}
#     g_mag:
#       __class__: astropy.units.quantity.Quantity
#       unit: *id001
#       value: !astropy.table.SerializedColumn {name: g_mag}
#     pm_corr:
#       __class__: astropy.units.quantity.Quantity
#       unit: !astropy.units.Unit {unit: ''}
#       value: !astropy.table.SerializedColumn {name: pm_corr}
#     pmx:
#       __class__: astropy.units.quantity.Quantity
#       unit: !astropy.units.Unit {unit: mas / yr}
#       value: !astropy.table.SerializedColumn {name: pmx}
#     pmx_e:
#       __class__: astropy.units.quantity.Quantity
#       unit: !astropy.units.Unit {unit: mas / yr}
#       value: !astropy.table.SerializedColumn {name: pmx_e}
#     pmy:
#       __class__: astropy.units.quantity.Quantity
#       unit: !astropy.units.Unit {unit: mas / yr}
#       value: !astropy.table.SerializedColumn {name: pmy}
#     pmy_e:
#       __class__: astropy.units.quantity.Quantity
#       unit: !astropy.units.Unit {unit: mas / yr}
#       value: !astropy.table.SerializedColumn {name: pmy_e}
#     x:
#       __class__: astropy.units.quantity.Quantity
#       unit: &id002 !astropy.units.Unit {unit: deg}
#       value: !astropy.table.SerializedColumn {name: x}
#     y:
#       __class__: astropy.units.quantity.Quantity
#       unit: *id002
#       value: !astropy.table.SerializedColumn {name: y}
# schema: astropy-2.0
x y pmx pmy pmx_e pmy_e pm_corr g_mag bp_rp filter memberprob
[from data line 8367]
0.06214307 -0.05436548 -1.919355 -5.784524 1.624046 1.681832 0.5216587 20.49242 1.233437 0 0.0
0.07904646 -0.01762255 -3.897646 -5.881297 0.3069306 0.2760987 0.2001238 18.42729 1.973415 0 0.0
0.1142281 -0.02937099 -0.504583 -1.668016 0.2527137 0.2225878 0.2004177 17.89485 1.534035 1 0.0
-0.121026 -0.01942403 3.218554 5.071036 1.720774 1.506794 0.5747303 20.08646 1.713297 0 0.0
0.0531409 -0.005090495 -1.203983 -4.408347 0.2423433 0.2210925 0.3133011 17.8009 1.423912 1 0.09603484
-0.12423 -0.02313442 -2.530877 -6.538541 0.11909 0.1084599 0.1541724 16.43013 1.38087 0 0.0
0.09247132 0.008597418 -2.19427 -6.335134 1.162699 1.170869 0.4212089 19.99925 nan 0 0.0
0.09088689 -0.07158212 -1.881082 -7.507374 0.9723671 0.9069065 0.6504903 19.41441 1.316898 0 0.0
-0.1009789 -0.01268726 -5.922843 -5.145442 0.4839878 0.5142478 0.6370505 18.81087 1.634687 1 0.0
0.005205504 -0.02947913 2.693038 -0.5794276 1.153613 1.125243 0.5808741 19.98516 nan 0 0.0
0.09775199 -0.05811378 -7.561397 -12.1883 1.437873 1.329672 0.6335731 19.87971 1.20122 0 0.0
0.03138575 -0.04679937 -4.133629 -4.672226 0.3679848 0.3561938 0.05318461 18.66629 nan 0 0.0
-0.1196226 -0.02424908 -3.522584 -7.462855 0.4650526 0.4118269 0.295048 18.72042 1.465021 0 0.0
-0.09768354 -0.01343385 0.2005358 -4.118338 1.614163 1.683889 0.7609053 20.30332 1.188885 0 0.0
-0.09823069 0.05273494 2.390616 -2.060752 1.581646 1.374994 0.4669444 20.23926 1.811693 0 0.0
0.1004684 -0.08285175 -4.545775 -4.058774 1.291232 1.166454 0.5537862 19.57753 1.098677 0 0.0
-0.1041193 0.05905262 -1.515304 -2.370447 0.4659319 0.3710381 0.2039454 18.88387 1.776203 1 0.01092
-0.08291488 0.005638738 -5.442431 -6.944442 0.08791116 0.08469296 0.4678641 15.38424 2.163772 1 0.0
-0.09698062 0.02320212 0.07938382 -7.67803 3.036888 3.146453 0.6359416 20.75245 1.337009 0 0.0
0.05036455 -0.02501721 -0.7559053 -3.075612 0.428597 0.4110218 0.2878208 18.9583 1.656178 0 0.0
0.02543555 -0.0274092 -1.486099 -6.058736 0.3854646 0.2897834 0.0856511 18.39478 1.433603 0 0.0
0.08728431 0.004602688 -3.512255 -2.747913 0.8435018 0.8369986 0.6011458 19.1629 1.567863 0 0.0
0.1011066 0.0009855717 -0.8968251 -3.807648 1.51018 1.424844 0.6878048 19.79949 1.522104 0 0.0
-0.1187049 0.03630932 -4.687129 -0.4153268 2.312896 1.999896 0.514366 20.11269 nan 0 0.0
0.09778051 0.008297885 -6.338493 -4.099854 1.462024 1.503624 0.4530306 20.2799 1.203711 0 0.0
0.0435911 -0.05566779 -1.371465 -2.716721 0.4544317 0.5134364 0.5650399 18.43988 1.713348 0 0.0
0.05872463 -0.0004855806 -0.5746175 -3.471921 0.6032831 0.6556062 0.3034557 19.02849 nan 0 0.0
-0.07186915 0.01353144 1.268937 0.6053166 0.9168829 0.9405796 0.7481352 19.43721 1.866056 0 0.0
0.1159358 -0.002229951 -2.682452 -5.816548 1.609975 1.610931 0.6955677 19.87424 nan 0 0.0
0.1217043 -0.04480068 -0.1453901 -4.290039 0.4720739 0.427308 0.2494592 18.9164 1.840103 1 0.02256137
-0.1272177 0.03887479 -2.860715 -6.207141 1.284787 1.295791 0.6776522 20.18705 1.922546 0 0.0
-0.07434068 0.01272695 -1.540419 -2.563666 0.8657851 0.8318751 0.613986 19.13018 nan 0 0.0
0.1236246 0.008372097 -5.877054 -6.867635 1.012583 0.9691546 0.6072161 19.27349 1.520973 0 0.0
0.05106606 -0.00700658 -4.583441 -6.331101 1.137722 1.144271 0.5415836 19.62272 1.3417 0 0.0
0.03886112 -0.01809786 1.759516 -10.39011 0.3720633 0.3337575 0.2191108 18.63561 1.532722 0 0.0
0.01384064 -0.02543421 1.225189 -3.57827 1.484511 2.036353 0.3927372 20.05199 1.817343 0 0.0
0.1031519 -0.02778254 -3.62592 -0.5875775 2.728642 2.77286 0.4300031 20.30972 nan 0 0.0
-0.07729998 0.02928376 -4.949013 -5.632461 1.000183 0.982657 0.5979088 19.6748 1.460936 0 0.0
0.105349 -0.03510365 -0.6903702 -3.410042 0.6259426 0.5337673 0.1868991 18.6039 1.535892 0 0.0
-0.1271293 -0.03949625 0.1324216 -3.613003 1.36372 1.312832 0.740135 19.97435 1.035332 0 0.0
0.1122761 -0.05448576 -5.395569 -7.571745 2.288106 2.215303 0.8737247 19.8637 nan 0 0.0
0.1080933 0.02115506 -3.584922 -5.413733 1.198373 1.166977 0.5792507 19.82208 1.42728 1 0.045074
-0.0716554 0.02087341 -3.417554 -6.46124 2.007819 2.055322 0.8980024 19.93346 1.375618 0 0.0
0.09097829 -0.06618707 -2.62012 -5.621923 1.5681 1.518248 0.4077421 20.46183 1.261818 0 0.0
0.1093769 -0.04125614 -3.237295 -1.426201 0.8963041 0.8577108 0.6427297 19.27921 1.419552 0 0.0
0.0370916 -0.03809715 -4.112297 -4.999354 1.759383 1.752313 0.5862425 20.2762 1.157106 0 0.0
0.1169723 0.02377595 -6.613059 -5.849932 1.540916 1.544138 0.3946451 20.34213 1.24374 0 0.0
-0.07784895 0.03956152 -3.927652 -5.715205 1.604817 1.427993 0.3279769 20.46403 0.8566875 0 0.0
0.09241103 -0.01675995 -2.259135 -4.576893 1.300141 1.308107 0.4306738 20.17286 nan 0 0.0
-0.1129401 -0.01951064 -3.256702 -4.694435 2.012431 1.874169 0.6146769 20.05114 1.868628 0 0.0
0.07660659 -0.06757754 -1.897909 -4.999308 0.4569692 0.3947951 0.507226 18.49714 1.382429 1 0.008597337
-0.08300688 -0.01211343 -2.308793 -6.273038 0.2212809 0.1920705 0.3887034 17.53219 2.104092 1 0.0
0.1080336 -0.01770252 -3.585288 -5.42282 1.455639 1.457987 0.4182561 20.25759 1.192524 0 0.0
0.06824489 -0.015313 -1.252299 -4.458254 1.142959 1.228233 0.4307994 19.72165 1.560808 0 0.0
0.03794574 -0.01866913 -1.038999 -3.412236 0.124539 0.109984 0.284035 16.70891 1.82275 1 0.9765531
0.1167606 -0.02794265 -2.901882 -3.549996 0.3494495 0.2928516 0.1598683 18.47223 1.563299 0 0.0
0.03446709 -0.001117983 1.342874 -4.943592 1.435317 1.303078 0.4131378 20.12356 nan 0 0.0
-0.0660717 0.0172032 -1.208031 -3.509402 0.4226389 0.3938302 0.5143641 18.5743 1.78163 0 0.0
-0.0703439 -0.003083154 0.7884281 -1.270829 0.9854042 1.012981 0.7317193 19.54807 1.615383 0 0.0
0.02976821 -0.007983174 -0.5144021 -5.855355 1.420987 1.238063 0.2971879 18.64634 nan 0 0.0
-0.0789175 0.01501349 2.176166 10.15259 1.830828 2.016803 0.7411728 20.41236 2.366812 0 0.0
0.004625747 -0.02137182 -2.216229 2.744056 1.089927 1.228792 0.4496694 19.46106 nan 0 0.0
-0.1047611 0.02957076 -1.660509 -3.319251 0.1770335 0.1574957 0.3153592 17.27481 1.733637 1 0.0480018
0.09036818 -0.07214939 -1.198888 -5.143093 1.908223 1.863789 0.4482072 20.47141 0.1041508 0 0.0
0.08450913 -0.05221885 -4.157974 -7.437289 1.1178 1.067195 0.6891775 19.50965 1.134289 0 0.0
0.02445906 -0.01664711 -1.145888 -3.564151 0.1282562 0.1177484 0.3089904 16.75674 1.865049 1 0.985807
-0.07873409 0.02825168 3.314492 -2.537278 2.138814 2.169899 0.8803665 20.15979 nan 0 0.0
-0.1078728 0.04510801 -3.202968 -7.00393 1.949273 2.054312 0.6625262 20.53219 1.679985 0 0.0
-0.08413598 -0.01722939 -3.455651 -5.809014 1.272851 1.309627 0.7764049 19.6609 1.665983 0 0.0
-0.0956678 0.04855002 -4.068874 -5.499613 1.39577 1.343022 0.6154022 20.2286 1.712696 0 0.0
-0.114527 -0.02739747 -0.6579462 -7.599673 0.2209554 0.1953432 0.4548773 17.60127 1.551767 1 0.0
0.09665296 -0.03885574 -2.307165 -3.898762 1.018526 0.9870118 0.6490371 19.42371 1.393021 0 0.0
-0.1314602 0.008489951 -2.223237 -4.691841 1.173303 1.078141 0.5113518 19.93267 1.545752 1 0.07976857
0.09924502 0.01108147 -1.824219 -7.47804 2.490711 2.913282 0.6958562 20.68554 1.433786 0 0.0
-0.1302702 0.009612257 -0.9683823 1.280381 0.5230067 0.4348927 0.2987013 18.92417 1.704903 0 0.0
0.07077889 -0.08341188 -5.408079 -8.437063 2.775049 3.119614 0.7681587 20.75299 1.072447 0 0.0
0.08832172 0.005150126 -2.705396 -6.442122 0.9533521 1.107934 0.3599832 19.55711 nan 0 0.0
0.1253042 -0.02837982 3.914031 -2.974829 2.217443 2.35505 0.6448849 20.56042 0.6229362 0 0.0
0.02955477 -0.02495143 -0.7792168 -3.058061 0.2025515 0.1863027 0.3385859 17.34534 1.559376 1 0.7709432
0.113588 -0.04906509 -5.703983 -3.97731 1.486761 1.418727 0.6325114 19.8818 1.286226 0 0.0
0.08627736 0.005775561 -2.34335 -7.876548 0.3929927 0.3578806 0.20751 18.51999 1.902695 0 0.0
0.05555136 -0.002769807 -0.8832176 -8.446038 0.6232764 0.6754478 0.5624508 19.11577 1.634813 0 0.0
-0.1093679 0.04390917 -4.681201 -10.07699 1.851429 1.757021 0.6365334 20.57124 1.409973 0 0.0
0.07373732 -0.02113196 -4.127959 -6.522992 1.014628 1.064191 0.5366323 19.41367 1.152637 0 0.0
0.1204819 0.005737689 -0.9014002 -0.08135206 1.356416 1.092232 0.6506354 19.58743 1.645472 1 0.001070559
0.04203468 -0.0364098 -4.094713 -2.699736 1.653785 1.322503 0.2292709 20.03585 1.645168 1 0.2036204
0.1199949 -0.02581202 -1.549238 -3.80609 1.083048 1.04469 0.6300347 19.49614 1.349379 1 0.1785477
0.1047387 -0.03246205 -4.281265 -0.7460835 0.3646589 0.3154424 0.2594831 18.29659 1.465899 1 0.0
0.06443053 -0.002583435 -4.237333 -3.843897 0.9904788 0.8289647 0.1455494 16.98746 2.025363 0 0.0
0.07941259 -0.01655586 2.228297 -1.053616 0.3279793 0.2901345 0.1586872 18.48072 1.513935 0 0.0
-0.107721 0.02276699 -1.198572 -4.735799 1.367439 1.38094 0.5989313 20.33125 1.587122 0 0.0
-0.1064393 0.02803386 -2.602265 -1.382267 0.1217177 0.1096047 0.2957072 16.668 1.677924 1 0.0
-0.1295085 -0.01945517 0.07020591 -1.108861 0.2563659 0.2118627 0.212286 17.92688 1.676746 1 0.0
-0.1156544 0.01637336 -2.751441 -7.140869 1.458454 1.497196 0.6546745 20.28541 1.332365 0 0.0
-0.06549225 0.003326268 -2.300231 -3.577693 0.2659636 0.23809 0.4219276 17.74227 2.054001 1 0.003792956
-0.118125 0.04026132 -1.966835 -5.185269 1.789444 1.82927 0.7592885 20.32133 1.726259 0 0.0
0.07657593 -0.06097878 -2.023874 -5.667099 0.1835895 0.1662726 0.2733876 17.35015 2.176519 1 0.0
0.1064788 -0.06143872 -0.5269557 -5.31756 0.08493491 0.07489757 0.1165601 15.88343 1.996369 1 0.0
-0.1235269 0.01010265 -1.167597 1.790796 2.305254 2.432198 0.8030918 20.6195 1.473682 0 0.0
0.07450015 -0.02162499 -2.349217 -3.216513 0.2926322 0.2679063 0.1724924 18.2866 1.576197 0 0.0
0.1153251 0.0123461 -1.062554 -3.515461 1.195212 1.173141 0.4234505 20.09353 1.194309 0 0.0
0.07138873 -0.06288356 -1.98283 -4.57738 0.781869 0.6520952 0.4958683 19.1532 1.463413 1 0.2167522
0.1010779 -0.05912755 -26.2599 18.33416 1.050307 0.7115399 -0.7375681 18.22077 1.58621 0 0.0
0.04105853 -0.05729241 -4.559365 -3.076208 0.9008372 0.8806749 0.458954 19.43852 nan 0 0.0
0.07038041 0.001611547 -0.3588856 -1.829744 0.3998504 0.3387792 0.150484 18.58157 1.791426 1 0.0002592716
0.0683976 -0.02220425 -2.199292 -3.187062 0.5676106 0.5331074 0.5096611 19.13448 1.450357 1 0.1479893
0.04340755 -0.01976876 -1.065605 -3.468981 0.3047706 0.2791765 0.2496146 18.45822 1.609268 0 0.0
0.08859679 -0.01131911 0.009354576 -4.808358 0.7192328 0.7298848 0.4906656 19.22444 1.560242 1 0.02164532
-0.07180832 0.004979241 -6.140308 -10.85502 0.8112685 0.8707257 0.6979779 19.24332 0.5717144 0 0.0
-0.1292937 0.0111108 3.307397 -6.044148 0.1626107 0.144639 0.3019113 17.26105 2.044001 1 0.0
0.1293622 -0.02229677 -1.214504 -3.771248 0.8461943 0.8475606 0.576822 19.14381 1.423119 0 0.0
0.03373476 0.001925065 -2.999315 -1.61144 2.186349 1.648561 0.09543961 20.13905 nan 0 0.0
0.09210519 0.007918034 -0.9550394 -3.660765 0.1483841 0.1312173 0.2679417 16.65729 1.784389 1 0.8835867
0.07785748 -0.06074158 1.636161 -3.787941 0.222463 0.2006005 0.4028402 17.63663 1.400005 1 0.0
0.03937967 -0.00465427 0.2838659 -4.182084 1.375909 1.311836 0.4952923 20.11353 1.38452 0 0.0
-0.09063355 0.04034232 -2.989986 -6.122266 0.4701433 0.4156103 0.3657738 18.8178 1.987385 0 0.0
0.0819446 0.004951114 -1.863636 -4.118868 0.2660498 0.2396075 0.2173125 18.10188 2.00329 1 0.1010861
-0.07968005 0.0252015 -2.228309 -5.688256 0.2804415 0.2446642 0.4050867 17.86955 1.656546 1 0.0
-0.1036923 0.05531373 -5.379977 -4.865113 1.690089 1.448146 0.4168827 20.11277 1.770164 0 0.0
0.105014 -0.05600146 -3.009614 -6.060191 1.31211 1.237135 0.6301922 19.70231 1.244492 0 0.0
0.09619539 -0.04306902 -3.557607 -4.993255 0.3295294 0.2847638 0.3519631 18.03303 1.59306 0 0.0
0.1070578 -0.03714022 0.08205282 -10.05906 0.4229075 0.3874897 0.2775912 18.89915 1.308201 1 0.0
0.06092137 0.008217931 -2.749326 -6.513423 1.251765 1.350339 0.7644049 19.47437 0.9457378 0 0.0
0.03663343 0.004093871 -0.5134634 -8.403087 1.534565 1.366288 0.4097219 20.19573 nan 0 0.0
0.09018293 0.007077434 -5.802066 -8.950189 1.068295 1.121645 0.438961 19.94737 nan 0 0.0
0.1044024 -0.01304609 0.5551655 -0.9618777 0.866539 0.8166846 0.5910901 19.16666 1.881742 0 0.0
0.1170362 -0.05519447 -3.520625 -5.975626 1.38818 1.312731 0.6023249 19.64519 1.616344 0 0.0
0.04719121 -0.02460694 -2.446307 -7.271341 0.1180305 0.1118095 0.2862032 16.47016 1.224612 1 0.0
0.09955183 -0.04361037 -2.286043 -3.67258 1.82164 1.818609 0.4407643 20.33362 1.567738 0 0.0
0.09781053 0.02403804 -0.5490501 -4.833629 0.4180553 0.362146 0.2566558 18.64403 1.508146 1 0.002375713
0.0182956 -0.03866928 -2.566251 -6.165318 2.023451 2.232965 0.8356378 19.89225 1.163355 0 0.0
0.1101709 -0.05988619 -5.767335 -7.087259 0.268025 0.2432412 0.2765355 18.02859 1.828268 1 0.0
0.02995149 -0.03045043 -2.166395 -5.355208 0.1132938 0.09954502 0.2421509 16.50254 1.263741 1 0.0
0.09979587 -0.04138485 -3.003587 -6.863379 0.3610257 0.331564 0.3277613 18.50004 1.524185 0 0.0
-0.1026245 0.04957472 4.539259 -2.698267 0.3623285 0.3235751 0.3353959 18.68917 1.632519 1 0.0
0.110964 -0.05172492 -1.168418 -4.764234 1.425908 1.429884 0.4777118 20.25424 nan 0 0.0
-0.07388333 -0.001827323 -0.8227586 -3.585765 2.1442 2.144734 0.6180063 20.61326 1.271833 0 0.0
0.0177463 -0.02593118 -1.642744 -3.486708 0.7988293 0.8046042 0.4768429 19.3535 1.421331 0 0.0
0.03666445 -0.04107709 -0.07949507 -2.410374 0.564911 0.4799162 0.09882834 18.95091 1.294226 0 0.0
0.06327148 -0.02445502 -0.2492853 -0.7468752 0.147359 0.1314372 0.286039 17.02557 1.342371 1 0.0
0.08060401 -0.07566144 -0.7413268 -5.00699 0.9863664 0.80132 0.6386018 19.22174 1.499321 0 0.0
0.1139833 -0.009004447 -0.6294169 -9.047428 1.031266 0.9970108 0.6264508 19.27386 1.840815 0 0.0
-0.1329866 -0.009361934 -4.801394 -3.667353 1.259468 1.297635 0.7647113 19.64998 nan 0 0.0
-0.1168756 -0.002231705 3.016816 1.596337 1.754712 1.728722 0.6773865 20.44112 2.197002 0 0.0
0.1128543 -0.008636012 -3.922033 -6.109793 0.9853704 0.9736851 0.5846532 19.37532 1.748287 0 0.0
0.1045253 -0.0396164 0.8659475 -1.968886 1.291669 1.311054 0.477329 20.18733 1.238045 0 0.0
0.1320776 -0.01761114 -0.5535193 -1.907567 0.2791731 0.2581929 0.2594872 18.21834 1.58704 1 0.0
0.09848183 0.02337955 -2.427807 -5.811467 1.418676 1.207341 0.3119761 20.05664 0.5371723 0 0.0
0.08280133 -0.09057314 -4.085903 1.744979 0.3999959 0.3677757 0.3193178 18.80229 1.428133 1 0.0
0.04981488 0.003547833 -2.078958 -4.528645 2.808694 2.730698 0.6391263 20.42514 nan 0 0.0
0.03803746 -0.03406709 -1.033772 -3.849956 1.276862 1.294165 0.1952908 19.89107 1.850325 0 0.0
0.09241302 -0.08883373 -7.491484 -9.140534 3.015712 3.460588 0.8331014 20.67557 1.102518 0 0.0
-0.105005 0.0345176 -1.949016 -7.497196 2.02199 2.04176 0.5479315 20.60718 1.653196 0 0.0
0.08798765 -0.05316128 -0.3061427 -2.93522 0.1911753 0.1731371 0.4287771 17.34589 1.463184 1 0.003606261
0.05021153 0.004202298 -5.389228 -6.741528 0.6252438 0.591663 0.4440553 18.9149 nan 0 0.0
-0.06057962 0.008878582 -3.781856 -6.985384 2.033 2.027777 0.757765 20.43883 1.289482 0 0.0
0.1231665 0.01847113 -4.523543 -5.627239 0.95537 0.902879 0.5913419 19.28289 1.12467 1 0.002383579
0.07147908 -0.00832488 -1.230342 -5.948087 0.8639987 0.8857185 0.4588912 19.446 1.634821 1 0.03801272
0.0919532 -0.01171562 -3.216226 -5.523874 0.1837956 0.1449991 0.1052678 16.84058 2.299675 1 0.0
-0.06320379 0.004505798 1.41843 -3.821286 2.100659 2.035679 0.5105133 20.56453 1.803869 0 0.0
0.0311412 -0.000200225 -3.917098 -6.038941 0.8419416 0.8552728 0.5578098 19.4013 1.417923 0 0.0
0.04981486 0.004624651 -1.653018 -2.686189 0.529523 0.4678702 0.3856175 18.52316 1.624205 0 0.0
0.0645221 -0.003880311 -1.319848 -3.64569 0.1363941 0.1292455 0.249163 16.74246 1.819917 1 0.9436184
0.08902346 0.006823248 -2.150393 -6.394599 0.3912623 0.3570934 0.2104851 18.83827 1.681686 1 0.0
-0.1187995 -0.04490498 -4.804194 -7.586704 2.04747 2.106695 0.8331885 20.40162 1.235079 0 0.0
0.06598816 -0.07698166 -3.565147 -0.1179981 0.4395968 0.367258 0.3638681 18.53081 1.495213 0 0.0
0.09811569 0.02293238 -0.9096823 -5.341204 1.579902 1.577895 0.4597756 20.20671 nan 0 0.0
