scripts/get_globular_clusters/output/NGC_5897.csv
# %ECSV 0.9
# ---
# datatype:
# - {name: x, unit: deg, datatype: float64}
# - {name: y, unit: deg, datatype: float64}
# - {name: pmx, unit: mas / yr, datatype: float64}
# - {name: pmy, unit: mas / yr, datatype: float64}
# - {name: pmx_e, unit: mas / yr, datatype: float64}
# - {name: pmy_e, unit: mas / yr, datatype: float64}
# - {name: pm_corr, datatype: float64}
# - {name: g_mag, unit: mag, datatype: float64}
# - {name: bp_rp, unit: mag, datatype: float64}
# - {name: filter, datatype: int64}
# - {name: memberprob, datatype: float64}
# meta: !!omap
# - comments: [deg deg mas/yr mas/yr mas/yr mas/yr dimless mag   mag   zeroone float]
# - __serialized_columns__:
#     bp_rp:
#       __class__: astropy.units.quantity.Quantity
#       unit: &id001 !astropy.units.Unit {unit: mag}
#       value: !astropy.table.SerializedColumn {name: bp_rp}
#     g_mag:
#       __class__: astropy.units.quantity.Quantity
#       unit: *id001
#       value: !astropy.table.SerializedColumn {name: g_mag}
#     pm_corr:
#       __class__: astropy.units.quantity.Quantity
#       unit: !astropy.units.Unit {unit: ''}
#       value: !astropy.table.SerializedColumn {name: pm_corr}
#     pmx:
#       __class__: astropy.units.quantity.Quantity
#       unit: !astropy.units.Unit {unit: mas / yr}
#       value: !astropy.table.SerializedColumn {name: pmx}
#     pmx_e:
#       __class__: astropy.units.quantity.Quantity
#       unit: !astropy.units.Unit {unit: mas / yr}
#       value: !astropy.table.SerializedColumn {name: pmx_e}
#     pmy:
#       __class__: astropy.units.quantity.Quantity
#       unit: !astropy.units.Unit {unit: mas / yr}
#       value: !astropy.table.SerializedColumn {name: pmy}
#     pmy_e:
#       __class__: astropy.units.quantity.Quantity
#       unit: !astropy.units.Unit {unit: mas / yr}
#       value: !astropy.table.SerializedColumn {name: pmy_e}
#     x:
#       __class__: astropy.units.quantity.Quantity
#       unit: &id002 !astropy.units.Unit {unit: deg}
#       value: !astropy.table.SerializedColumn {name: x}
#     y:
#       __class__: astropy.units.quantity.Quantity
#       unit: *id002
#       value: !astropy.table.SerializedColumn {name: y}
# schema: astropy-2.0
x y pmx pmy pmx_e pmy_e pm_corr g_mag bp_rp filter memberprob
[from data line 3470]
-0.03425682 -0.04531323 -8.824737 -6.178685 4.69714 3.380622 0.1243626 20.95528 0.5862389 0 0.0
-0.02899182 -0.0257637 -5.794956 -3.646387 0.4005568 0.3422788 -0.2314885 18.34501 0.9426537 0 0.0
-0.03081333 -0.03279073 -7.548865 -7.242833 2.556723 2.071008 -0.1985185 20.61283 nan 0 0.0
-0.03673966 0.03310873 -6.863405 -4.064176 0.8461455 0.6463487 -0.07199002 19.39803 0.8813248 0 0.0
-0.008245333 0.04574348 1.725464 -0.4190665 1.619443 1.350153 -0.2469592 20.2065 0.6244144 0 0.0
-0.008499388 0.003188616 -10.2595 -2.63802 2.844972 2.211398 0.1513867 20.32064 nan 0 0.0
0.0445114 -0.1181079 -10.19009 -1.886779 3.590048 2.529209 0.07088937 20.90676 0.7146358 0 0.0
0.02221295 0.008932138 -6.859731 -4.165131 1.20388 1.064962 -0.2062609 19.82867 nan 0 0.0
-0.007615959 -0.001898235 -5.589738 -4.047058 0.6132226 0.4980284 -0.2144602 18.95354 0.9947586 0 0.0
-0.08622375 0.06217158 -3.286989 -1.115433 2.268557 1.657793 -0.1763431 20.59077 0.7308407 1 0.7883713
0.03514019 0.09875428 -4.002427 -3.887298 1.026475 0.873061 -0.2497104 19.68394 0.7565384 1 0.9552062
-0.02700045 -0.01198654 -2.796413 -7.474136 1.63093 1.469053 -0.3342901 19.7891 0.6846008 0 0.0
0.005560321 0.009420062 -9.71104 -1.880482 1.386624 1.24071 -0.1829817 19.88407 0.6005955 0 0.0
0.002952772 -0.02426745 -0.8796649 -8.441691 2.036616 1.612435 -0.0939664 20.16228 0.6023445 0 0.0
0.006542317 -0.01169242 -4.796364 -2.336612 1.249013 1.161958 -0.3703998 19.45206 0.5780964 0 0.0
-0.06089743 0.01838944 -5.013764 -0.7737063 1.155236 0.8954722 -0.1282716 19.86712 0.5811405 0 0.0
-0.03806539 0.03592364 -4.262097 -4.658043 1.133753 0.8504669 -0.02340378 19.78765 nan 0 0.0
-0.01164689 -0.004061429 -5.363736 -3.52467 0.1376444 0.1123598 -0.2047443 16.29971 0.3978825 1 0.9999241
-0.01997898 -0.00874676 -4.598435 -4.222811 2.954673 2.427082 -0.4446369 20.65948 -0.8614082 0 0.0
-0.03353133 -0.04195231 -5.213937 -3.0048 1.672087 1.336094 -0.1801358 20.34089 0.7691765 0 0.0
0.02451529 -0.02377162 -4.252971 -2.846516 0.6839232 0.5981786 -0.2783116 19.10112 0.8257675 0 0.0
-0.02015257 0.01098283 2.950015 -13.21682 2.923437 2.279406 -0.4323222 20.70769 nan 0 0.0
-0.05117608 0.04391151 -5.464749 -4.100521 1.8888 1.45784 0.03025878 20.32085 0.8338242 0 0.0
0.06624931 0.01894983 -5.034853 -5.106137 1.285483 1.090816 -0.2578638 20.04736 0.7611866 0 0.0
-0.03478076 0.06432294 -6.026005 -1.536807 1.694857 1.304605 -0.2354647 20.27884 1.04178 1 0.9547916
-0.08450597 0.02325694 -5.298786 -3.909676 0.9510112 0.7296937 -0.08908453 19.59739 0.7632122 1 0.9868699
-0.03044515 -0.1613686 -3.489554 -9.321071 0.6019895 0.4940945 -0.2722715 19.07378 0.6693249 1 0.0
0.01779174 -0.03460631 -5.103106 -4.524609 1.066252 0.9023331 -0.3007859 19.71269 0.5268555 0 0.0
0.06279905 -0.08873183 -6.515743 -2.525108 2.00029 1.592838 -0.5506861 20.2957 1.090851 1 0.9332918
-0.01178732 -0.02953408 -6.917831 -8.185951 4.033177 2.658437 0.09966833 20.91709 0.955965 0 0.0
0.06257493 -0.01232147 -4.168761 -3.925599 1.715495 1.459127 -0.288085 20.46246 0.5353012 0 0.0
0.0284343 -0.08550363 -6.148085 -4.473064 1.758227 1.263231 0.002326304 20.28053 0.6930809 1 0.9528011
0.003537046 -0.009512218 -5.721193 -3.328546 0.5459362 0.4527432 -0.280331 18.08866 0.9298515 0 0.0
-0.06136478 0.0116525 -5.21878 -4.578784 1.017836 0.7830727 -0.1266327 19.66754 0.6863976 0 0.0
-0.02837267 0.08875169 -7.703816 -1.067085 1.175449 0.9260087 -0.1569518 19.76197 2.014952 1 0.6209953
0.0341793 0.01058736 -5.764084 -4.842234 0.6860178 0.5686574 -0.277152 19.0526 0.8000908 0 0.0
-0.01338522 0.002242213 -5.884802 -3.345412 0.2802902 0.2316278 -0.1905075 17.72097 0.9908619 0 0.0
0.05985308 -0.08661919 -3.033121 -2.786676 0.4883343 0.4351708 -0.4086231 18.66975 0.8781929 1 2.969821e-05
0.04166256 0.07770695 -6.315389 -2.581876 1.180928 1.007456 -0.255897 19.88699 0.7673779 1 0.974205
-0.06853091 -0.01789546 -5.958198 -4.382718 1.83839 1.481138 -0.1934747 20.3042 0.6995144 0 0.0
-0.03212535 -0.02431475 -5.528409 -3.53982 0.3087884 0.246396 -0.1271755 17.9688 1.096073 1 0.9995241
0.0001613723 0.01136948 -4.778279 -2.083539 1.798762 1.340626 0.2151539 19.97579 nan 0 0.0
0.005403576 0.008136423 -0.5131796 0.3515606 2.018538 1.339789 0.2625928 19.93937 0.6848335 0 0.0
0.007555634 0.0287624 -5.729174 -2.188068 1.652904 1.38604 -0.2314443 20.29916 0.3964062 0 0.0
-0.004040188 -0.01977949 -3.722013 -3.28125 1.062147 0.691759 0.2079208 19.28981 0.7167244 0 0.0
0.07308301 -0.01921369 6.703374 -4.567023 1.39072 1.215121 -0.3441776 20.20177 0.8758278 0 0.0
-0.03095183 0.01702155 -5.593562 -3.299961 0.3728352 0.2925923 -0.08491122 18.24967 1.002979 1 0.9993461
0.05014054 0.02976124 -3.197243 -3.353912 1.276285 1.116181 -0.2912539 19.89198 0.6686478 0 0.0
0.0599502 -0.09288486 -3.340192 -4.463183 0.9432734 0.7648156 -0.3387856 19.55794 1.170376 1 0.8598169
-0.05084564 -0.005931212 -5.314786 -3.176472 1.637294 1.274015 -0.1690393 20.27838 0.5802574 0 0.0
0.06226227 -0.0106753 -5.360046 -4.793542 0.5886465 0.5128538 -0.3537915 18.93616 0.8687057 1 0.9429767
0.03708228 -0.001784394 -5.577745 -3.459297 0.1499933 0.1348177 -0.2319561 16.38271 1.148069 1 0.9998178
-0.00790088 -0.001192531 -5.553506 -3.289058 0.2489411 0.2056924 -0.1961642 17.40606 0.9918613 0 0.0
0.007222875 -0.07590714 -5.928254 -3.001876 1.297111 1.041485 -0.1868058 19.96599 0.6353779 0 0.0
0.02837788 -0.008103438 -2.757276 -5.707395 1.972099 1.738754 -0.1772563 20.4224 nan 0 0.0
-0.0271329 0.01145665 -4.339871 -3.184089 0.8031679 0.6200877 -0.1092176 19.41861 0.7702312 0 0.0
-0.03970853 -0.05361917 -2.113058 -4.230163 1.989819 1.681658 -0.5034719 20.39309 0.6174812 0 0.0
-0.08096396 0.08587523 -0.2779272 -2.372725 0.8095232 0.6134254 -0.1202359 19.15341 1.191744 1 0.0
-0.06369134 -0.0776181 -5.376188 -3.370468 0.6902588 0.5439304 -0.1453349 19.12436 0.8839321 1 0.9916799
-0.0356293 0.03709154 -7.012386 -4.488366 1.488367 1.171451 -0.1747596 20.203 0.5586872 0 0.0
0.03358267 -0.04516811 -5.825669 -1.811938 2.010492 1.616489 -0.2973029 20.56569 0.8726463 0 0.0
0.0457878 0.09891352 -4.873136 -2.235272 0.9409996 0.8089673 -0.2470334 19.46493 0.4931641 1 0.9352924
0.002725469 0.006900534 -4.177494 -3.260317 2.766774 1.935987 0.283889 20.45821 nan 0 0.0
0.02691457 0.0128605 -5.337497 -3.542249 0.06018416 0.05196464 -0.2765902 14.00643 1.449583 1 0.9999382
0.08602071 -0.1081545 -5.024693 -2.941331 0.2747238 0.254508 -0.3624718 17.50766 1.081024 1 0.8713789
0.01866821 0.02751592 -0.7836411 -2.227083 1.936619 1.350804 0.07055982 20.17093 0.7450085 0 0.0
0.007582076 -0.01162571 -4.844285 -2.118218 1.086161 0.9359324 -0.2892176 19.73757 nan 0 0.0
-0.0573569 0.03598041 -6.13557 -2.722445 1.437476 1.168964 -0.07821638 19.91589 0.793848 0 0.0
0.02705733 0.01451796 -5.147238 -3.674038 0.2129638 0.1876188 -0.324152 16.80854 0.2287064 1 0.9995505
-0.06300256 -0.02312488 -3.785618 -6.098284 2.458626 1.708904 0.1381238 20.26522 0.7841473 0 0.0
0.02448423 0.04734006 -4.941623 -3.391046 0.335022 0.2930328 -0.2979672 17.91848 0.9989872 1 0.9981951
0.009692962 0.0328192 -7.065281 -3.020719 0.7680112 0.6718027 -0.3171598 19.26464 0.726244 0 0.0
0.003578379 -0.06763865 -7.104281 -4.613715 1.885855 1.645644 -0.3774214 20.45342 0.9104252 0 0.0
0.02882374 0.01418766 -3.693559 -3.659761 1.324818 1.149208 -0.2562001 19.96585 0.5470657 0 0.0
-0.03822085 0.03096449 -5.105296 -3.452126 2.040748 1.506423 -0.1609711 20.47618 0.8048115 0 0.0
-0.027328 -0.01220023 -4.315086 -5.152882 1.868829 2.016634 -0.7392267 19.89371 0.7828312 0 0.0
0.03051129 -0.02337028 -2.879717 -2.625872 2.354335 1.906285 -0.164874 20.78715 0.4570103 0 0.0
-0.005009104 -0.007028893 -2.577989 -1.891135 1.955456 1.777766 -0.1921235 20.14928 nan 0 0.0
-0.04552996 -0.01492074 -4.075733 -3.678145 0.620332 0.4184273 0.2510387 18.57641 1.024908 1 0.9824586
-0.03711307 -0.01218708 -3.269827 -5.832825 3.080245 2.226831 0.1062161 20.77015 0.6781673 0 0.0
0.02353059 -0.1263295 -4.816079 -6.424419 3.289953 2.557033 -0.3247185 20.86367 0.7449398 0 0.0
-0.09458813 0.03880532 -5.534653 -2.326797 4.190879 2.558286 0.5008861 20.67181 0.7546978 0 0.0
0.1039896 0.02212502 -9.19136 -0.9033162 1.570043 1.22772 -0.1629351 20.40269 0.455677 0 0.0
-0.03651382 -0.01644986 -8.226846 -0.4389429 2.095755 1.801249 -0.4982286 20.15825 0.6285419 0 0.0
-0.06759046 -0.01886015 -5.461366 -1.322969 1.604211 1.281564 -0.2612511 20.26567 0.6402626 0 0.0
0.006599328 -0.01081886 -6.179644 -3.528576 0.4093864 0.4647173 -0.8016547 17.1065 0.1930523 0 0.0
-0.02392505 -0.004944088 -6.097102 -4.389765 1.825167 1.290985 0.1113568 20.16391 nan 0 0.0
-0.001975841 0.04146933 -4.674012 -3.608231 1.021708 0.8381765 -0.2157169 19.62481 0.5580788 0 0.0
0.02665386 -0.0906703 -0.4080753 -6.655989 1.590039 1.296155 -0.2278543 20.37558 1.947462 0 0.0
-0.01675711 0.09306977 1.740629 -7.965607 0.4841152 0.3971799 -0.04481959 18.26803 0.8907948 1 0.0
-0.04037298 -0.01876256 -5.257707 -3.585831 0.1106927 0.0871165 0.1201026 15.75714 1.204294 1 0.9996469
0.1420517 -0.01239506 -10.34402 -7.311982 1.43702 0.9932463 0.07531431 20.10962 1.029123 0 0.0
-0.006235126 0.01848566 1.046428 -1.398361 2.93964 1.918103 -0.1499842 20.3616 nan 0 0.0
-0.02405319 -0.005287431 -1.32025 -3.588051 2.646026 1.793577 -0.2297685 20.67494 nan 0 0.0
0.03911505 0.03677405 -4.564065 -2.714842 1.309383 1.084709 -0.2142972 19.96367 0.2621555 0 0.0
0.04238486 0.01142068 -3.902717 -4.404571 1.522795 1.234529 -0.2573912 20.19401 0.6385403 0 0.0
-0.0476461 0.01069811 -2.429498 -3.274442 2.994805 1.910444 0.3076764 20.55414 -0.0563488 0 0.0
-0.01309068 0.05464854 2.386106 -12.87769 1.454955 1.235069 -0.2054219 19.94679 0.8648109 0 0.0
-0.04192602 -0.01662294 -5.549722 -3.858135 0.2938487 0.2314391 -0.004075586 17.7946 0.9503307 0 0.0
-0.0206649 0.007330188 -9.181833 0.4352173 1.608325 1.284262 -0.1771368 20.27157 nan 0 0.0
0.008510138 0.02786208 -4.837639 -3.786186 1.098718 0.8956135 -0.08537883 19.65626 0.6080608 0 0.0
0.006513639 -0.01607169 5.474534 -10.19972 2.304919 2.083414 -0.2902119 19.81377 nan 0 0.0
-0.01223099 -0.002840772 -7.175619 -4.44857 1.138697 0.8830915 -0.1980128 19.49613 0.7115479 0 0.0
-0.02287083 -0.006015852 -8.130084 -2.131549 1.645539 1.269115 -0.2375994 20.29713 0.9590149 0 0.0
0.08738227 0.02906888 -3.848138 -1.655983 1.188424 0.9229703 -0.08146293 20.07499 0.8041763 0 0.0
0.05117855 -0.1004576 -5.789022 -3.552376 0.8936818 0.7764188 -0.3833954 19.55877 0.8506317 1 0.9792523
0.04451254 0.02857284 -5.98701 -3.926177 1.530706 1.247996 -0.009893082 20.38377 0.8186779 0 0.0
0.05709701 0.002552321 -6.461715 -2.891711 0.9051254 0.7904243 -0.2405906 19.45981 0.6251545 0 0.0
0.02102199 0.04899616 -4.204345 -4.587729 1.734067 1.494805 -0.7713553 19.45882 0.7322311 0 0.0
-0.08064486 0.02271739 -5.974218 -3.888943 1.562784 1.22785 -0.1756314 20.23267 0.5976295 1 0.9711467
0.07727532 -0.1191227 -6.079087 -2.874239 1.06145 0.9458368 -0.2594787 19.75784 0.9325848 0 0.0
-0.04057479 0.09508699 -4.533492 -4.818249 0.8183913 0.661898 -0.2782752 19.18617 0.9454689 1 0.9241454
-0.03553126 -0.01561229 -6.943124 -3.171726 0.9098394 0.7163071 -0.1174541 19.49015 0.7160931 0 0.0
0.02131961 0.03774658 -5.983797 -3.748703 0.3962704 0.3449884 -0.2588199 18.21423 0.9200211 0 0.0
0.04988183 -0.01960276 -1.637683 -5.457445 3.138312 2.860879 -0.786906 20.48595 0.7759876 0 0.0
0.01729094 -0.05493286 -4.964055 -5.115769 2.501161 1.985808 -0.3519946 20.62462 0.8787403 0 0.0
-0.009311053 -0.001307053 -4.896869 -3.689425 1.352217 1.190949 -0.3379903 19.9068 nan 0 0.0
-0.01008325 0.04323902 -5.29893 -2.683027 1.208584 1.047775 -0.3007523 19.68295 0.758482 0 0.0
-0.006019893 -0.01970898 -6.190112 -4.020317 3.019896 1.641005 0.5173889 20.1914 nan 0 0.0
0.004676512 -0.009817426 -4.198713 -4.39012 1.273364 1.016068 -0.2095627 19.87621 0.9121056 0 0.0
0.1045231 0.01088845 -3.922539 -5.646018 1.67532 1.431413 -0.2506909 20.30559 nan 0 0.0
0.02527338 -0.004547582 -12.18894 -6.270348 2.531724 1.459227 0.4166461 20.09107 nan 0 0.0
0.01241024 -0.01519468 -6.11732 -3.100121 0.2952737 0.2576214 -0.3021767 17.70086 1.057007 0 0.0
0.02038349 -0.03544588 -3.187419 -1.796107 1.694061 1.440341 -0.3109732 20.39898 nan 0 0.0
0.09861677 0.04084929 -4.24026 -7.54606 1.610803 1.195715 -0.009362868 20.43587 2.046314 0 0.0
0.06731113 -0.0588266 -1.531486 -4.241526 0.8267812 0.6735244 -0.3978478 19.09317 0.9102535 0 0.0
-0.0415296 -0.008102705 -5.422098 -0.9417753 0.9115013 0.7118554 -0.1260773 19.55668 0.7938652 0 0.0
-0.009727339 0.04789679 -4.013695 0.01954773 3.622096 2.565945 -0.01497187 20.72827 0.4494114 0 0.0
0.0667484 -0.01182356 -4.399337 -2.960293 1.622955 1.35116 -0.28563 20.30015 0.715332 0 0.0
-0.03005158 0.003325068 -6.050344 -3.792734 0.8466382 0.6518248 -0.1142176 19.4824 0.6895638 0 0.0
0.002268482 -0.06842636 -4.555555 -2.739184 2.582969 2.08935 -0.3409538 20.8103 0.3341789 0 0.0
0.01782169 0.09719715 -6.47476 -3.25541 2.014104 1.662327 -0.2176417 20.5991 0.9239349 1 0.9372882
0.002312752 0.03194975 -6.508485 -4.567444 0.9034214 0.7746383 -0.1931718 19.38509 0.7130699 0 0.0
0.02591014 -0.02878246 -6.164388 -1.873234 1.039085 0.9046264 -0.3063829 19.69995 0.6568813 0 0.0
-0.04647062 -0.0129164 -5.767591 -3.512594 0.2749428 0.1897448 0.2304108 17.14364 0.08992958 1 0.9993364
0.02806118 -0.02582455 -6.387926 -4.260828 1.023867 0.8396598 -0.2797738 19.62434 0.4773407 0 0.0
0.08014873 -0.06943398 -13.05202 -14.39945 0.04855378 0.04420513 -0.4396551 13.50422 1.292995 1 0.0
0.06563758 -0.01148737 -4.667525 -3.35746 0.9728303 0.8442981 -0.3398033 19.65728 0.6864338 0 0.0
-0.02864097 -0.1464719 -3.055634 -4.362411 0.4483105 0.3623729 -0.2617141 18.64712 1.027143 1 0.0006232363
-0.03771012 -0.01678966 -9.159273 -4.675294 1.107158 0.8613689 -0.09187839 19.80611 0.6277027 0 0.0
-0.009026213 -0.0005688918 -3.44486 -3.448947 1.217769 1.004902 -0.2238298 19.5859 0.6650887 0 0.0
0.007826709 0.03600649 -6.29825 -5.532627 1.516878 1.257808 -0.2168414 20.12654 0.5952225 0 0.0
0.0483322 0.03303294 -6.147775 -4.342887 1.763077 1.209856 0.0823898 20.03975 0.4995403 0 0.0
-0.1077421 0.003565754 -6.34548 -3.545141 2.630799 1.993531 -0.2863029 20.67252 0.7469769 0 0.0
-0.08890508 0.01808928 -5.083637 -4.558081 1.069459 0.803868 -0.05647985 19.69465 0.5690327 0 0.0
-0.0555473 -0.002659878 -5.212487 -3.729607 1.071058 0.8309738 -0.1439121 19.78166 0.5113373 0 0.0
0.02715855 0.02279965 -6.56501 -3.251826 1.014834 0.864477 -0.2387561 19.6522 0.7104816 0 0.0
-0.04040278 0.03871729 -4.043698 -4.189128 0.6735863 0.5165733 0.02175502 19.08868 nan 0 0.0
0.01579803 -0.03423988 -8.922578 1.407281 0.4333781 0.3894413 -0.2094941 18.26336 nan 0 0.0
-0.03874383 -0.03992606 -1.850856 -4.719865 1.953535 1.6256 -0.2384322 20.55017 nan 0 0.0
0.007929666 0.09685659 -3.190548 -3.164673 1.192154 0.9850525 -0.204022 19.88498 0.6257706 1 0.9005742
0.04226032 -0.07603883 -6.65199 -3.849726 1.334899 0.936727 0.12188 19.38862 nan 0 0.0
-0.04514294 0.07122286 -4.06182 -4.472261 2.569614 2.05547 -0.4227499 20.49916 0.8915348 0 0.0
-0.01623317 -0.006636778 -4.950727 -3.531223 1.328242 0.904628 0.1607482 19.81006 0.6017628 0 0.0
-0.001120473 -0.02110886 5.174313 7.277475 2.021742 1.652735 -0.2453152 20.05888 nan 0 0.0
0.09131232 0.04886099 -4.846065 -3.341638 0.5437937 0.4369363 -0.08475331 18.91107 0.9994488 1 0.9906462
0.003493928 -0.02602986 -8.565423 -1.247013 2.705123 2.167546 -0.1731848 20.58929 0.708559 0 0.0
0.01935215 0.02812046 -4.926602 -2.897482 2.290806 1.627429 0.05366843 20.3274 0.5797787 0 0.0
0.02977022 0.0456263 -6.202709 -4.923326 1.180407 1.002455 -0.2564079 19.88371 0.7478123 0 0.0
0.003594519 0.01121685 -2.957289 -3.814698 2.704695 1.547734 0.4077923 20.06966 0.2349606 0 0.0
-0.01628231 0.05221636 -5.275112 -2.4619 1.130337 0.9819559 -0.2922651 19.74305 0.6446247 0 0.0
-0.004225367 -0.01882963 -6.740416 -1.634112 2.677485 2.416556 -0.552253 20.69868 nan 0 0.0
-0.06194796 -0.02477429 -1.541979 -3.260767 2.908156 2.041789 0.375088 20.45111 1.146366 0 0.0
