scripts/get_globular_clusters/output/NGC_6362.csv
# %ECSV 0.9
# ---
# datatype:
# - {name: x, unit: deg, datatype: float64}
# - {name: y, unit: deg, datatype: float64}
# - {name: pmx, unit: mas / yr, datatype: float64}
# - {name: pmy, unit: mas / yr, datatype: float64}
# - {name: pmx_e, unit: mas / yr, datatype: float64}
# - {name: pmy_e, unit: mas / yr, datatype: float64}
# - {name: pm_corr, datatype: float64}
# - {name: g_mag, unit: mag, datatype: float64}
# - {name: bp_rp, unit: mag, datatype: float64}
# - {name: filter, datatype: int64}
# - {name: memberprob, datatype: float64}
# meta: !!omap
# - comments: [deg deg mas/yr mas/yr mas/yr mas/yr dimless mag   mag   zeroone float]
# - __serialized_columns__:
#     bp_rp:
#       __class__: astropy.units.quantity.Quantity
#       unit: &id001 !astropy.units.Unit {unit: mag}
#       value: !astropy.table.SerializedColumn {name: bp_rp}
#     g_mag:
#       __class__: astropy.units.quantity.Quantity
#       unit: *id001
#       value: !astropy.table.SerializedColumn {name: g_mag}
#     pm_corr:
#       __class__: astropy.units.quantity.Quantity
#       unit: !astropy.units.Unit {unit: ''}
#       value: !astropy.table.SerializedColumn {name: pm_corr}
#     pmx:
#       __class__: astropy.units.quantity.Quantity
#       unit: !astropy.units.Unit {unit: mas / yr}
#       value: !astropy.table.SerializedColumn {name: pmx}
#     pmx_e:
#       __class__: astropy.units.quantity.Quantity
#       unit: !astropy.units.Unit {unit: mas / yr}
#       value: !astropy.table.SerializedColumn {name: pmx_e}
#     pmy:
#       __class__: astropy.units.quantity.Quantity
#       unit: !astropy.units.Unit {unit: mas / yr}
#       value: !astropy.table.SerializedColumn {name: pmy}
#     pmy_e:
#       __class__: astropy.units.quantity.Quantity
#       unit: !astropy.units.Unit {unit: mas / yr}
#       value: !astropy.table.SerializedColumn {name: pmy_e}
#     x:
#       __class__: astropy.units.quantity.Quantity
#       unit: &id002 !astropy.units.Unit {unit: deg}
#       value: !astropy.table.SerializedColumn {name: x}
#     y:
#       __class__: astropy.units.quantity.Quantity
#       unit: *id002
#       value: !astropy.table.SerializedColumn {name: y}
# schema: astropy-2.0
x y pmx pmy pmx_e pmy_e pm_corr g_mag bp_rp filter memberprob
[from data line 7754]
0.03058748 -0.0648428 -1.39075 -0.3144623 1.34243 1.818908 0.3243797 20.66242 0.5623455 0 0.0
-0.003118622 0.01697868 -5.080556 -5.432489 0.99832 1.551919 -0.797224 19.08294 0.7090073 0 0.0
0.01380641 -0.02062271 -1.477875 -5.547877 1.027508 1.491512 -0.4571752 19.94972 nan 0 0.0
-0.005288145 -0.08234113 -6.48983 -6.210351 1.956656 1.903373 0.5903162 20.58369 nan 0 0.0
0.006269121 0.03048973 -4.894626 -4.893086 0.2143136 0.2874397 0.02972944 18.27688 0.9560204 0 0.0
0.002819576 -0.02060368 -1.00025 0.7823789 2.219358 2.762628 0.7796994 20.10296 nan 0 0.0
0.03166649 0.08953669 -5.556602 -5.888951 0.3327602 0.4174253 0.07838184 19.34006 0.7480011 1 0.9054638
0.03452704 0.0851993 1.802441 -18.13712 0.6069616 0.8575953 -0.7972604 18.77929 nan 0 0.0
-0.06600871 0.007756739 -5.79714 -4.053858 0.2544659 0.3996643 -0.116496 18.81623 nan 0 0.0
0.03280211 0.02824824 -3.444323 -4.702338 0.9840625 1.183298 0.06742137 20.37428 nan 0 0.0
-0.002459259 -0.0260968 -6.29858 -4.531599 0.4480614 0.5022631 0.2383791 19.28161 0.5991764 0 0.0
0.02708943 0.05528623 -4.604348 -4.048474 1.805805 1.647264 0.2738734 20.38361 nan 0 0.0
0.08603759 -0.04183633 -4.656147 -4.803587 0.2524282 0.34281 0.02051629 18.95911 0.7856865 1 0.7128612
0.03902906 -0.01147202 -6.506116 -4.829055 0.4536468 0.4848388 -0.1092151 18.8534 0.7727127 0 0.0
0.09577845 -0.1615712 -7.879056 -3.263668 0.850275 1.058305 0.02485252 20.53966 0.9327431 1 0.2814565
-0.0216939 -0.03922895 -6.939649 -6.822389 3.730455 3.632867 0.3129218 20.92993 0.4639835 0 0.0
0.008721597 -0.008588787 -5.90183 -3.628483 0.5764946 0.7025577 0.1176983 19.52699 1.465006 0 0.0
-0.004848766 0.09363851 -5.559276 -8.550935 1.362035 2.200955 0.3471111 20.6932 0.8987942 0 0.0
0.03189246 0.03416223 -3.80191 -7.337689 1.280335 3.321997 -0.1831931 20.54759 nan 0 0.0
0.01155202 0.03953625 -1.410003 -1.764848 1.344127 1.599955 0.3273391 20.25552 0.6203594 0 0.0
0.04315011 -0.0485045 -6.518809 -1.277409 0.2722845 0.3921872 0.01353753 18.93721 0.9361115 0 0.0
0.01251601 0.01342799 -5.450285 -3.685843 0.9578789 0.9508356 0.5063378 19.20532 nan 0 0.0
-0.009161765 0.03103813 -5.561105 -4.565133 0.5614751 0.5915443 0.1646805 19.66775 0.913168 0 0.0
-0.02813729 0.08736664 -1.437817 -8.401308 1.314916 1.594057 0.2798469 20.63114 2.327938 0 0.0
0.001132676 0.01270639 -11.19524 -8.266013 1.325135 1.221725 0.6223648 19.33073 nan 0 0.0
0.08665086 -0.02980689 0.355431 -18.73506 0.6640308 0.9254655 0.1874312 20.23868 1.822756 0 0.0
-0.02132493 -0.03996104 -5.308252 -5.507621 0.8410013 1.040927 -0.1425149 20.22204 0.8972683 0 0.0
-0.02037129 -0.001271552 -3.775982 -7.558608 0.5618893 0.8501601 0.1170246 19.71281 0.8272877 0 0.0
0.01180581 0.02214111 -5.427876 -4.00765 0.5424529 0.7277363 -0.007113342 18.96379 0.7987347 0 0.0
0.08898931 -0.1433414 1.532722 -4.274006 3.185656 3.863794 -0.2473231 20.87451 0.3686943 0 0.0
0.04622137 -0.01366667 -5.565158 -4.65597 0.2496123 0.3270001 0.07381925 18.94612 0.715189 1 0.9985308
0.03817522 0.06601355 -4.503567 -17.0173 1.750829 2.510333 -0.3088504 19.60516 0.9320889 0 0.0
-0.006031287 0.09288294 -6.180549 -5.343737 1.002412 1.44948 0.2656954 20.40482 0.8881302 0 0.0
0.01286299 -0.02828973 -4.290166 -6.743561 0.2535341 0.3377057 0.03977918 18.61589 0.7553024 0 0.0
0.09595606 -0.02122066 -5.647428 -3.993476 0.5050202 0.6399364 0.06599853 19.89805 0.7897568 0 0.0
0.006459901 0.03097796 -5.530561 -3.277119 0.3646765 0.414433 0.08938051 19.21139 nan 0 0.0
0.01737858 -0.06330383 -6.263942 -5.703913 0.5091262 0.6344913 0.1376726 19.83425 0.5858822 0 0.0
0.03491057 -0.07110476 -5.219782 -4.808612 0.3251418 0.4212181 0.1459253 19.19063 0.743988 0 0.0
0.01653394 -0.03129794 -6.236086 -4.677334 0.3926978 0.4646072 0.3161203 19.18217 0.8236809 0 0.0
-0.02978387 0.008156287 -5.907123 -4.258036 0.6402547 0.9045677 0.2581352 19.67709 nan 0 0.0
-0.007531834 0.03924028 -5.103381 -4.796224 0.551211 0.6252354 0.2638843 19.61987 0.8751068 0 0.0
0.02980236 0.1280293 -6.49332 -4.085215 0.480273 0.6036086 0.1006819 19.82538 0.7889004 1 0.8780747
-0.05539048 0.1128403 -5.532673 -4.801593 0.02090474 0.02881834 -0.04120512 14.04481 1.355262 1 0.9996484
0.08142707 0.1215792 -4.448721 -11.71626 0.09780967 0.1277305 -0.001282525 17.46628 1.261089 1 0.0
0.07432115 -0.05813215 -5.601338 -4.728583 0.03134876 0.04277253 0.0005340088 15.28461 1.19914 1 0.9996519
-0.02063687 -0.03873974 -4.018277 -9.704657 1.585554 1.975914 0.4099717 20.68097 1.008986 0 0.0
0.05503585 -0.002721603 -5.418663 -5.142237 0.2727939 0.3547402 0.05809923 18.97798 0.7381287 1 0.9965781
0.07537406 0.05173601 -3.973328 -4.153299 0.3960389 0.4794288 0.1429267 19.51051 1.451204 1 0.1670539
-0.01802255 0.04089798 -5.412864 -4.440759 0.8421131 0.9374706 0.1286427 20.13201 -0.6028137 0 0.0
-0.01864586 -0.09370789 -5.725377 -5.389363 0.4515771 0.5983889 0.1522661 19.69352 0.8077507 0 0.0
0.005327637 0.02978805 -5.388106 -5.040128 0.181632 0.2413141 -0.01595908 18.44808 0.7414188 0 0.0
0.07775808 0.03644676 -8.021086 -3.799478 1.185208 1.648503 0.2323254 20.65264 0.9004841 0 0.0
-0.04177011 -0.006685316 -5.230165 -6.322311 0.7731317 1.127365 0.1625993 20.19052 0.6273384 0 0.0
-0.03057506 -0.07225856 -3.134813 -1.489588 0.3692902 0.4712778 0.09010888 19.3099 0.889925 1 0.0
0.1700463 0.07242269 1.635332 -9.489125 0.7140979 0.9964721 0.1418126 20.20538 nan 0 0.0
-0.05060956 -0.09769809 -5.578445 -4.744324 0.03116399 0.04191812 -0.06879434 15.06477 0.980978 1 0.9995347
0.04918629 -0.0530021 0.9063886 -6.650393 1.244249 1.45789 0.4117784 20.57098 1.74609 0 0.0
0.03932944 0.07876044 -4.700788 -5.653514 1.099345 1.287978 0.3263693 20.53422 0.6429729 0 0.0
0.09658098 -0.01955992 -7.517007 -0.1994942 1.009516 1.165084 0.4535573 20.40323 1.287971 0 0.0
-0.08027732 -0.05474845 -6.025533 -2.82985 0.629833 0.8502811 0.268872 20.03479 0.8780937 0 0.0
0.08033573 -0.0308914 -3.978871 -3.300501 0.6695086 0.9057672 0.1789293 20.18811 0.9089222 0 0.0
0.007638763 -0.009412397 -5.93183 -4.472584 0.2465227 0.4131002 -0.1709113 18.59491 nan 0 0.0
-0.03587452 -0.01904314 -5.144436 -5.736562 0.4184158 0.5707503 -0.0182935 19.54605 0.754221 0 0.0
0.04348627 0.01317864 -4.223031 -4.443636 1.446401 3.277209 0.1766196 20.36164 nan 0 0.0
-0.05465419 -0.02814195 -5.529088 -5.120117 0.1532946 0.2169369 -0.06218585 18.18305 0.852232 1 0.9978754
0.01574918 -0.03181621 -5.199619 -4.511223 0.3086785 0.377731 0.2056521 18.9939 0.7530766 0 0.0
-0.03214443 -0.04307052 -6.709332 -6.227439 0.9963051 1.181682 0.1324936 20.27761 0.700758 0 0.0
0.02909351 0.0454954 -7.367578 -1.820934 1.616003 1.552421 0.2323302 20.7381 0.6840458 0 0.0
-0.0246459 0.15457 -1.50928 -8.006064 0.07951819 0.1138621 -0.07479545 17.22035 0.8861332 1 0.0
0.1261613 0.0435985 -5.761154 -4.815235 0.3493348 0.4089466 0.1648399 19.3017 0.8548565 1 0.9886568
0.08159528 -0.08730764 0.1155007 -3.972377 1.447622 1.725176 0.2048842 20.79533 1.66271 0 0.0
0.03841055 -0.003940808 -5.51452 -5.394693 1.33947 1.776657 0.2227528 20.45965 0.4665451 0 0.0
0.002071541 -0.008099026 -7.980167 -6.560644 1.001768 1.471375 -0.278494 19.64887 0.6874943 0 0.0
-0.026877 -0.06876754 -5.602774 -3.820911 0.2938621 0.3945962 0.08666934 19.14171 0.8090878 1 0.972888
-0.02384198 -0.005463254 -5.89477 -0.04958329 1.114635 2.010519 0.07906384 19.53108 0.8516045 0 0.0
0.09007002 -0.1738402 -2.514824 -9.200889 0.5859962 0.8036128 -0.1327191 20.18578 1.866201 1 0.0
0.05173117 -0.006735032 -3.347501 -4.274717 0.5657777 0.7428985 0.1127251 20.00408 0.7157917 0 0.0
0.02338872 -0.009796311 -5.014945 -6.327593 1.342272 1.381669 0.713189 19.95353 nan 0 0.0
0.08300844 0.02429858 -5.153897 -4.165725 0.4223295 0.4972835 0.1153227 19.5556 0.8416481 1 0.9854847
0.005730101 0.1199521 -5.697925 -4.723221 0.2878299 0.3713882 0.06794076 19.14048 0.8321877 1 0.9931134
0.01621287 -0.03154949 -5.425318 -4.882869 0.4610054 0.6741224 0.08154748 19.34406 nan 0 0.0
0.009073779 0.07452569 -5.530903 -4.364646 0.336754 0.4170094 0.3477871 18.94637 nan 0 0.0
-0.05649528 0.1201009 -5.715245 -4.541806 0.1875178 0.2486508 -0.0145112 18.43797 0.7948933 1 0.9925635
0.0122688 0.04264869 -6.29752 -4.890262 0.4753756 0.5622986 0.07899696 19.66954 1.275162 0 0.0
-0.03938518 -0.03930466 -5.883921 -4.660239 0.1916906 0.2617801 -0.01894603 18.54558 0.7801056 1 0.9961437
0.08731907 -0.0422758 -5.380261 -4.103949 0.3065337 0.3661719 0.1802515 19.04152 0.7774124 1 0.986301
-0.0248429 -0.004007044 -6.919648 -5.923923 0.4493171 0.658293 -0.09842505 19.32738 nan 0 0.0
-0.008578122 0.0317021 -5.077695 -3.88329 0.6837823 0.7092161 0.3421573 19.7803 0.8402462 0 0.0
0.1020368 0.07921923 -4.345681 -3.877807 0.5389772 0.7186757 -0.005815444 20.04114 0.8016682 0 0.0
0.07488348 -0.09885212 -5.394322 -5.019124 1.187837 1.67322 0.189608 20.7697 0.6964931 0 0.0
-0.01170807 0.09777894 -24.76206 -10.61927 1.276622 1.905942 -0.004627161 19.43754 1.263639 0 0.0
0.05144605 -0.006536061 4.09291 -1.686879 1.61557 2.225879 0.3582111 20.49883 nan 0 0.0
0.0855379 -0.02521001 -5.609086 -4.85819 0.1467404 0.1907233 0.05136586 18.09945 0.9410801 1 0.9986708
0.02374396 -0.01146749 -2.536724 -4.163926 0.1872581 0.2673039 -0.04008631 18.51896 0.8293705 0 0.0
0.007710377 -0.008664739 -7.501931 1.581215 0.7566729 0.9944976 0.1628924 19.59257 nan 0 0.0
0.01526009 0.003111474 -5.614634 -4.785023 0.7148474 0.9663615 0.03506798 19.81216 0.6524887 0 0.0
0.003218641 0.1201204 -5.382667 -5.07672 0.7327231 0.9581671 0.1260704 20.16797 0.7743931 0 0.0
-0.08232089 -0.1378398 -1.164598 -2.111219 0.1753101 0.2297918 -0.06399599 18.34719 1.813433 1 0.0
-0.04991151 -0.02227996 -6.88246 -5.651343 0.4448445 0.6297759 -0.06095146 19.60633 0.8158035 0 0.0
-0.04863079 0.02691708 -5.896447 -4.889821 0.9251032 1.193461 0.1743329 20.36102 nan 0 0.0
-0.03091365 0.007239346 -5.261672 -4.797046 0.329786 0.422788 0.07302198 19.19163 0.7289562 0 0.0
-0.04183264 -0.08741213 -5.205684 -4.940369 0.1291411 0.1840237 -0.06328182 17.92656 1.010735 1 0.9923861
-0.03323926 -0.07623699 2.223073 -7.298112 0.1473814 0.197498 0.0575083 18.09724 1.2577 1 0.0
0.04209225 -0.01477304 -4.325474 -9.926639 1.763642 2.284081 0.3242565 20.56669 0.9914284 0 0.0
0.04719636 -0.001598822 -5.852211 -5.044509 0.2896631 0.3694532 0.03618527 19.02229 0.7704964 1 0.996533
-0.02424634 -0.005631502 -7.82489 -4.204587 0.7198491 0.6978482 -0.1170522 19.01559 nan 0 0.0
0.03442924 0.02460676 -5.272167 -5.271848 0.8431196 1.238867 -0.1383763 20.25135 nan 0 0.0
0.02177439 0.007371336 3.902808 6.987135 1.405473 2.277586 -0.07516496 19.2514 0.8308926 0 0.0
-0.05262822 -0.01958489 -5.721836 -4.400701 0.3620162 0.5174885 -0.009041556 19.37557 0.7014542 1 0.9955596
-0.02597743 -0.02232642 -5.175285 -8.470993 0.9340805 1.196986 0.1253459 20.21449 nan 0 0.0
-0.03067058 0.003295254 -5.773863 -4.834556 0.3641228 0.5459008 -0.1025654 18.81674 0.7644157 0 0.0
0.007532802 0.03251879 -4.835013 -6.272651 0.308248 0.3744882 0.1212839 19.05026 0.761858 0 0.0
0.05552798 0.0303813 -5.798633 -5.523063 0.1998284 0.2578832 0.03197578 18.61846 1.122723 0 0.0
0.06065152 -0.1543237 -1.237907 -3.802655 0.2024262 0.2916944 -0.05084061 18.57064 1.596188 1 0.0
0.02975464 -0.04717208 -4.958389 -5.393057 0.2237534 0.3447844 -0.1256849 18.69073 0.7613945 0 0.0
-0.02662214 0.01262316 -5.321962 -4.314952 0.2222527 0.3038761 -0.03961235 18.6975 0.7362957 0 0.0
0.1403081 0.02416486 -0.3078891 -10.63512 0.5062391 0.5832261 0.1387595 19.76839 0.7722187 1 0.0
0.07955261 -0.1170251 -3.934792 -4.413437 1.646496 1.971585 -0.1001537 20.77182 0.4204445 0 0.0
-0.03182054 -0.1175253 -3.988151 -9.308212 0.820951 1.321319 0.1535186 20.36459 1.154413 0 0.0
0.04357068 -0.1574301 -5.025532 -1.627974 0.1462938 0.1855011 0.08323978 17.95471 1.331806 1 0.0
0.01133932 -0.1842259 -1.110233 0.5528901 0.9163923 1.466072 -0.07566746 20.53048 1.74905 0 0.0
0.0738732 0.02096351 -4.274667 -4.171698 1.457219 2.469669 0.1256253 20.69917 0.8568001 0 0.0
0.008057187 0.03268647 -5.424388 -4.406141 0.5552117 0.7072622 -0.09879431 19.38019 0.8076439 0 0.0
0.114788 0.0008687505 -5.381074 -4.165018 0.2810241 0.3328942 0.0682007 18.89284 0.7704887 1 0.9835769
-0.05273668 -0.1006171 -1.906001 -5.322965 0.4551007 0.6410799 0.0639366 19.72327 1.553175 0 0.0
-0.02732013 -0.04414797 -6.535269 -4.31193 1.326022 1.510731 0.3089984 20.44732 0.7203445 0 0.0
-0.0139301 -0.02769523 -8.548344 -6.615392 1.113735 1.046184 0.6114208 19.46228 nan 0 0.0
-0.006612694 0.03442641 -5.400443 -3.328667 0.7674628 1.029989 -0.149355 18.71312 0.7202988 0 0.0
0.01404337 -0.001556982 -5.881904 -5.243299 0.1488511 0.2059607 -0.00552487 17.42168 0.9545803 0 0.0
0.04319438 -0.02366324 -3.997493 0.9088672 1.654401 2.326805 0.2412637 20.93447 nan 0 0.0
-0.0242461 -0.005868013 -2.483284 -7.825997 0.455505 0.6437445 -0.05530339 18.3622 0.7938957 0 0.0
0.1175564 0.004845716 -5.681706 -5.079487 0.499897 0.6189496 0.1650052 19.78436 0.860527 0 0.0
-0.00434983 -0.08987877 -6.388999 -5.235989 0.6124134 0.7406115 0.2861707 19.89511 0.8116035 1 0.9761349
-0.01782319 0.07796934 -6.292383 -5.31134 0.4124035 0.530265 0.03169733 19.61691 0.8473053 1 0.9715672
-0.04888018 -0.01485444 -5.756377 -4.432179 0.3816194 0.5277915 0.03009514 19.47328 0.6773682 0 0.0
0.1424128 0.03162192 -1.390962 -7.910081 0.1024223 0.1295205 0.02209571 17.4764 0.8544502 1 0.0
0.07145398 -0.1202804 -4.472058 -4.464626 0.4514003 0.5585298 0.2624426 19.69531 1.441435 1 0.8096166
-0.07231385 -0.001660683 -5.904659 -4.47712 0.2357336 0.3358672 -0.0241759 18.87418 0.7243252 0 0.0
-0.05952985 0.1188043 2.246544 -11.72422 0.4691969 0.6188883 0.01444873 19.82538 1.682062 1 0.0
0.0007040723 0.01420177 -4.963137 -5.712572 1.056617 1.506109 0.3116246 19.87757 nan 0 0.0
-0.004248968 -0.1909984 0.8045574 -8.614984 1.596494 2.517376 -0.02806923 20.84887 1.683046 0 0.0
-0.01590194 -0.0298403 -5.852128 -3.784921 0.4730528 0.5588262 0.1194751 19.4587 0.7174015 0 0.0
-0.06879887 -0.1201201 -2.784511 -6.732198 0.3471171 0.4928591 0.07207569 19.19685 0.9140987 1 0.0
-0.04334305 0.07490078 -5.195138 -4.363729 0.2183521 0.2913927 0.0006754381 18.71982 0.7861366 1 0.9905441
0.02030043 -0.0609944 -4.484951 -4.317112 0.5913795 0.6796225 0.2434529 19.87553 0.6850319 0 0.0
-0.00908397 -0.01758398 -5.62975 -4.392178 0.6941159 1.038166 0.3341776 19.73251 0.7173424 0 0.0
-0.03024869 -0.0390779 -5.251443 -5.053103 0.1054432 0.1463077 -0.02692205 17.58894 1.065371 0 0.0
-0.003627608 -0.08304272 -1.645881 -9.692036 1.348393 1.811453 0.3788527 20.69214 0.8641605 0 0.0
-0.03175782 0.006452428 -5.443767 -3.674107 0.3848925 0.5336565 -0.02176808 18.81907 0.8258286 0 0.0
-0.03817043 0.01176851 -3.050518 -2.706724 1.247738 1.749123 0.3886866 20.42966 0.7061691 0 0.0
0.06324607 0.03372701 -4.721152 -4.953813 0.6304002 0.8698675 -0.06992505 20.04401 0.8437386 0 0.0
-0.0187024 -0.005016242 -4.575307 -1.182928 0.9390056 2.809723 -0.2900915 19.93352 nan 0 0.0
0.0826497 -0.04242726 -5.783856 -6.280652 0.5588158 0.7145235 0.1788719 20.00154 0.8175049 0 0.0
0.00975171 0.1881268 -2.002429 -1.603211 2.486635 3.139718 0.6114746 20.90388 0.7809086 0 0.0
-0.01800805 0.02132859 -5.765579 -3.278336 1.634769 2.339102 0.2051113 19.98544 nan 0 0.0
-0.0205953 0.03839349 6.44254 0.4160673 2.796956 3.537916 0.3629277 20.64108 nan 0 0.0
0.04398069 -0.01621072 -8.172896 -4.909718 0.7090802 0.8799883 0.4094502 18.99786 0.709816 0 0.0
0.06188189 0.02216433 -5.241795 -4.685359 0.2993426 0.3628122 0.1033551 19.1181 0.7903233 1 0.9963529
0.04793843 -0.01749234 -3.21986 -3.438149 1.126251 1.488606 0.3109082 20.45883 0.7150211 0 0.0
-0.0002242655 -0.03491626 -6.011374 -3.227436 0.1360174 0.2008158 -0.03663346 17.39975 0.972065 0 0.0
0.007815332 0.02173837 -5.560624 -4.540056 0.4388868 0.542544 -0.1707666 19.27727 nan 0 0.0
0.01059687 0.03596613 -5.592304 -6.199986 0.386949 0.5174412 -0.02582216 19.17308 0.8608265 0 0.0
0.0185467 -0.02588252 -4.358723 -4.556976 0.256551 0.3360645 -0.04954084 18.06685 0.7407627 0 0.0
0.02979998 -0.04894216 -6.004464 -3.97905 0.3850485 0.5003709 0.1815622 19.32917 0.7825603 0 0.0
