scripts/get_globular_clusters/output/NGC_7089_M_2.csv
# %ECSV 0.9
# ---
# datatype:
# - {name: x, unit: deg, datatype: float64}
# - {name: y, unit: deg, datatype: float64}
# - {name: pmx, unit: mas / yr, datatype: float64}
# - {name: pmy, unit: mas / yr, datatype: float64}
# - {name: pmx_e, unit: mas / yr, datatype: float64}
# - {name: pmy_e, unit: mas / yr, datatype: float64}
# - {name: pm_corr, datatype: float64}
# - {name: g_mag, unit: mag, datatype: float64}
# - {name: bp_rp, unit: mag, datatype: float64}
# - {name: filter, datatype: int64}
# - {name: memberprob, datatype: float64}
# meta: !!omap
# - comments: [deg deg mas/yr mas/yr mas/yr mas/yr dimless mag   mag   zeroone float]
# - __serialized_columns__:
#     bp_rp:
#       __class__: astropy.units.quantity.Quantity
#       unit: &id001 !astropy.units.Unit {unit: mag}
#       value: !astropy.table.SerializedColumn {name: bp_rp}
#     g_mag:
#       __class__: astropy.units.quantity.Quantity
#       unit: *id001
#       value: !astropy.table.SerializedColumn {name: g_mag}
#     pm_corr:
#       __class__: astropy.units.quantity.Quantity
#       unit: !astropy.units.Unit {unit: ''}
#       value: !astropy.table.SerializedColumn {name: pm_corr}
#     pmx:
#       __class__: astropy.units.quantity.Quantity
#       unit: !astropy.units.Unit {unit: mas / yr}
#       value: !astropy.table.SerializedColumn {name: pmx}
#     pmx_e:
#       __class__: astropy.units.quantity.Quantity
#       unit: !astropy.units.Unit {unit: mas / yr}
#       value: !astropy.table.SerializedColumn {name: pmx_e}
#     pmy:
#       __class__: astropy.units.quantity.Quantity
#       unit: !astropy.units.Unit {unit: mas / yr}
#       value: !astropy.table.SerializedColumn {name: pmy}
#     pmy_e:
#       __class__: astropy.units.quantity.Quantity
#       unit: !astropy.units.Unit {unit: mas / yr}
#       value: !astropy.table.SerializedColumn {name: pmy_e}
#     x:
#       __class__: astropy.units.quantity.Quantity
#       unit: &id002 !astropy.units.Unit {unit: deg}
#       value: !astropy.table.SerializedColumn {name: x}
#     y:
#       __class__: astropy.units.quantity.Quantity
#       unit: *id002
#       value: !astropy.table.SerializedColumn {name: y}
# schema: astropy-2.0
x y pmx pmy pmx_e pmy_e pm_corr g_mag bp_rp filter memberprob
[from data line 829]
0.04561758 -0.08268378 2.121141 -3.902672 2.887915 3.034799 0.1578244 20.82826 0.5634155 0 0.0
-0.001892319 -0.1252703 3.572631 -2.136096 0.1170084 0.1142393 0.3504553 15.85421 1.085129 1 0.999743
-0.1303811 -0.2011391 -22.367 -11.77621 0.3905747 0.3957446 0.3404238 18.39755 1.352173 0 0.0
-0.1094867 0.02047419 4.111085 -2.815216 0.7068344 0.6447845 0.135927 19.33064 0.7665653 1 0.9902094
-0.02392357 -0.03700989 3.554342 -2.139113 0.120066 0.1113528 0.303206 15.73545 1.106483 1 0.999926
0.01174736 -0.06814228 3.745895 -0.911326 0.5847655 0.5388818 0.131185 19.1613 0.7467556 0 0.0
0.09257852 -0.07140508 -5.184896 -4.133274 1.270511 1.539707 0.3176066 20.05221 0.8769016 1 0.0
-0.01190098 -0.04559058 3.321835 -3.035115 0.5882418 0.6018301 0.1474415 18.80343 0.8248959 0 0.0
-0.03521372 -0.04540475 0.6672739 -1.52911 1.993511 1.326134 -0.186727 20.10853 0.5425606 0 0.0
-0.02383215 -0.01833689 3.34348 -2.194137 0.2047748 0.1895733 0.1665093 17.2938 0.9058228 0 0.0
-0.06313384 -0.060458 3.661702 -2.824763 1.403766 0.9160794 -0.1847799 19.79589 0.7368031 1 0.9907412
-0.06365199 -0.09365324 4.943396 -3.172769 0.9182683 0.8177769 0.08815996 19.69426 0.618679 0 0.0
-0.01083299 -0.04408085 5.553379 0.1525656 1.548185 0.9524998 -0.3355685 19.57526 0.2869968 0 0.0
-0.08931564 -0.02398876 3.941815 -2.730456 1.064036 0.895411 0.03112549 19.79504 0.569376 1 0.9922294
0.01162529 -0.07087211 3.554338 -2.655822 1.270551 1.20171 0.1535422 20.14721 0.6250305 0 0.0
-0.0346336 -0.08367323 3.902372 -1.350081 0.9656359 0.6682324 -0.1582015 19.39326 0.5400105 1 0.9930667
-0.07299138 0.02202457 3.762348 -3.240297 1.225112 1.262154 0.3007354 20.02582 0.6884441 0 0.0
-0.08116845 -0.0190343 20.33042 22.96835 1.927662 1.625133 0.0600038 19.74998 0.6092167 0 0.0
0.04354266 -0.08157505 2.227793 -9.242154 1.74271 2.357455 0.5400238 20.3971 0.6448803 0 0.0
-0.1070143 -0.007494204 1.295617 -1.432937 1.465291 1.948397 0.5149726 20.12307 0.4261818 0 0.0
-0.01162642 -0.02101726 3.327473 -2.526489 0.1088423 0.09642237 0.1057819 16.03563 1.049036 0 0.0
-0.04223223 -0.02107522 4.110982 0.4520714 1.3527 0.9260618 -0.1187396 19.77299 0.6999359 1 0.9388823
0.002623743 -0.01456808 3.65971 -2.277596 0.0492627 0.04101502 -0.09857684 13.32739 1.421923 0 0.0
0.03072677 -0.09487737 -2.700162 -9.51442 0.2396384 0.2323061 0.2259871 17.6503 1.108437 1 0.0
-0.08004001 0.01033948 3.256156 -2.592798 0.8311113 0.7625536 0.1426369 19.60905 nan 0 0.0
0.002227048 -0.02985816 3.081892 -2.723232 0.3605805 0.3737563 0.1925811 18.1035 0.8617668 0 0.0
-0.0140064 -0.05798358 -0.5578207 -5.161785 2.622213 3.166826 0.3174762 20.41771 0.6023769 0 0.0
-0.07079411 0.009449701 2.305585 -5.105712 1.536292 1.94909 0.4411233 20.15904 0.7069435 0 0.0
0.02059623 -0.09460407 3.828112 -2.035822 0.6608926 0.5919833 0.2163785 19.11662 0.5077991 1 0.9971416
0.0569385 -0.06250747 2.495408 -1.665601 1.422954 1.918151 0.5454663 20.11708 0.42132 0 0.0
-0.02587674 0.002582956 3.979279 -2.396087 0.2211465 0.1943317 -0.01647543 16.07026 0.3432045 0 0.0
-0.07305189 -0.006285132 4.613993 -1.962366 1.735974 2.039388 0.3611506 20.28341 0.3487434 0 0.0
-0.02816525 -0.00788304 3.423251 -1.979428 0.2353772 0.2195573 0.1749791 17.3588 nan 0 0.0
-0.05474321 -0.01089359 4.099657 -2.767283 0.8036207 0.7701772 0.2184945 19.49102 0.6057167 0 0.0
-0.01483027 -0.05912507 3.991287 2.11075 2.962056 2.807984 0.05878026 20.41987 nan 0 0.0
-0.06106034 0.03248157 9.304273 3.553453 1.936812 1.905364 0.2109177 19.84069 0.5991859 0 0.0
-0.02749407 0.01161031 3.838038 -1.888005 0.1587703 0.1419244 0.05856397 16.32581 1.093807 0 0.0
0.02639381 -0.09725204 -5.208166 -4.047829 0.208879 0.1871485 0.1990463 17.18709 0.7511082 1 0.0
0.005766697 -0.02846848 2.531426 -2.152237 0.7799373 0.7191729 0.05203419 19.01467 nan 0 0.0
0.04021683 -0.06633585 2.477012 -2.228063 0.69518 0.6637943 0.1559467 19.20604 0.4845829 0 0.0
0.01754488 -0.09132605 3.411829 -2.07002 0.05361467 0.04695304 0.1038012 13.77575 1.333879 1 0.9998749
0.002715236 -0.08317812 3.50263 -2.215984 0.09677513 0.08065276 0.0827434 15.63445 1.114288 1 0.9998962
0.009733488 -0.0501871 2.786937 -4.765354 1.420739 1.798284 0.3979931 20.0796 0.4396362 0 0.0
-0.07161818 0.01977691 1.208802 -2.625861 1.109739 1.184323 0.364895 19.8954 0.6086998 0 0.0
0.05644976 -0.09592311 2.793524 -3.917733 1.189616 1.327605 0.4238139 19.96673 0.3874302 0 0.0
-0.03817418 0.01540018 2.940335 -2.751274 0.9740961 1.204938 0.5291681 19.38274 nan 0 0.0
-0.04644297 -0.03927989 5.564437 -3.708976 1.850763 1.28206 -0.1733927 19.98313 0.892065 0 0.0
-0.06661352 0.003022425 5.244677 -2.732211 1.013139 1.075714 0.3606931 19.76967 0.8284473 0 0.0
-0.02557164 0.009834637 3.574432 -2.250897 0.08772095 0.07836699 0.01216887 15.30673 1.090433 1 0.9999331
-0.04732836 -8.514529e-05 3.362077 -2.274532 0.4414062 0.5187623 0.5941028 18.08038 0.8436413 1 0.9993828
-0.03808264 0.01516468 2.878166 -2.36473 0.7804213 0.9559503 0.5333511 19.03725 0.6505966 0 0.0
-0.03991317 -0.01837123 5.667007 -2.91981 2.486246 2.255018 -0.0001456102 20.31929 nan 0 0.0
-0.05092899 -0.005442097 1.337429 -2.863429 1.753213 1.928912 0.05533165 19.78887 0.5794868 0 0.0
-0.04833487 -0.03732107 6.127086 -5.466773 2.310603 2.292655 0.1287294 20.33476 0.764616 0 0.0
-0.05248447 -0.06066754 2.658649 -3.726076 1.613236 1.179576 -0.04551911 19.83918 0.4381218 0 0.0
-0.08129128 0.01870747 3.693942 -3.685902 1.180316 1.032616 0.03700157 19.96854 nan 0 0.0
-0.00219752 -0.01206772 4.104578 -1.937474 0.1463018 0.1126507 -0.2125856 15.4834 0.9524612 0 0.0
-0.03774669 -0.01502966 2.341657 -3.354692 0.598617 0.7358374 0.4165697 18.88105 0.7166252 0 0.0
-0.03518299 -0.06845016 3.862788 -2.503703 0.9397248 0.6476206 -0.1438944 19.30437 0.6569901 0 0.0
-0.007232394 -0.007621521 3.406523 -1.544152 0.09981433 0.1009574 0.2401399 14.74639 1.172623 0 0.0
-0.07314343 -0.006678941 3.599097 -0.3226936 1.551934 1.786256 0.3515367 20.10052 0.5798454 0 0.0
-0.02157397 -0.03912602 3.546861 -1.970142 0.1466361 0.1226116 0.04385575 15.99798 0.3150654 1 0.9998639
-0.02923333 0.002517367 3.654191 -5.933046 1.566615 1.712964 0.2637939 19.71148 nan 0 0.0
-0.0869973 0.009512263 5.682159 -0.5005 1.768925 2.360785 0.5138016 20.43772 0.568573 0 0.0
-0.05687961 0.01698508 4.907038 -2.398428 0.9766955 1.017344 0.3308196 19.73855 nan 0 0.0
-0.09950204 -0.2112091 -1.998743 -2.152731 2.087429 2.514036 0.383821 20.62164 1.014465 0 0.0
-0.005462299 -0.1791539 2.684236 -3.39051 1.185607 1.068367 0.1054046 19.91863 0.5547886 0 0.0
-0.02557155 -0.00476409 3.891051 -3.110392 0.3879431 0.4581298 0.3836456 17.72403 0.9461842 0 0.0
0.03097078 -0.1054646 4.020696 -2.06454 1.134662 1.012249 0.2286169 19.86245 0.3743496 0 0.0
-0.04751115 -0.02445069 2.395099 -3.602847 1.374799 1.435271 0.3406574 19.52575 0.6232052 0 0.0
-0.06499556 -0.03877787 4.198709 -1.115716 0.8804316 1.048634 0.4025989 19.63052 0.5880661 0 0.0
-0.01049726 -0.06818716 8.515841 -1.050253 2.410101 2.351022 0.03340642 20.56319 0.2644043 0 0.0
0.009794466 -0.06911759 2.77138 -1.340569 0.9727155 0.897151 0.1161594 19.80434 0.3800716 0 0.0
-0.04580247 -0.01434876 2.768991 -3.611304 0.8988548 0.7755207 0.0580129 19.30735 0.7515469 0 0.0
0.005339376 -0.1122345 4.574172 -2.176923 0.7816362 0.6747421 0.1566197 19.42072 0.6884441 1 0.9903759
-0.0454365 0.002930872 3.826065 -2.818375 1.216791 1.528614 0.6210108 19.65231 0.7434521 0 0.0
0.01254062 -0.09563508 3.547143 -2.151139 0.6564745 0.7931336 0.3506327 19.00054 0.5767593 1 0.9965987
-0.01150436 -0.02234584 3.845925 -2.30362 0.2841724 0.1829852 -0.2379184 17.13699 0.9096699 0 0.0
0.0009759653 -0.03266756 4.653483 -1.44984 1.675454 1.213765 -0.1626749 19.65943 nan 0 0.0
-0.05159991 -0.03533497 3.373898 -1.704337 0.3077699 0.2840681 0.1510059 18.09926 0.8687763 0 0.0
-0.1089634 -0.1368941 -2.766703 -6.06561 0.4239238 0.4384765 0.2958238 18.49285 1.058931 1 0.0
-0.04241543 -0.01026413 5.23333 -2.580772 0.6819036 0.7038867 0.2450839 19.17215 0.752121 0 0.0
0.007414429 -0.04658853 3.255736 -2.372011 0.1751516 0.155699 0.07902745 17.11917 0.9471035 0 0.0
0.005614124 -0.02983939 4.808558 -1.945605 0.7157523 0.7405068 0.1842677 19.0153 0.5324459 0 0.0
0.02355618 -0.07671634 4.323481 1.322038 1.946821 2.626429 0.5274258 20.60886 nan 0 0.0
-0.0286536 0.008750706 3.596504 -2.337112 0.1504272 0.1323131 0.02791518 16.21584 0.1792793 0 0.0
0.05587041 -0.06894041 2.373425 -2.436826 1.018773 1.143963 0.4654782 19.66526 0.8364201 0 0.0
-0.01443361 -0.05545491 3.638067 -2.135159 0.1633892 0.1433978 0.06976719 16.97325 1.007727 1 0.9998591
-0.05083743 -0.00671549 3.083637 -3.694247 1.485943 1.835183 0.6287097 19.82485 0.2873173 0 0.0
0.002227053 -0.0215544 3.493051 -2.388817 0.0513866 0.04295433 -0.09178278 13.59541 1.36422 1 0.9998441
0.007170224 -0.09386821 4.942074 -4.116366 1.268155 1.150832 0.324667 19.98316 0.6897106 0 0.0
-0.05642187 0.01521239 3.606282 -0.3051716 1.333738 1.597523 0.5673966 19.92636 0.6483154 0 0.0
-0.09163523 -0.001885084 2.256301 0.6215391 1.064925 0.9036933 0.03629209 19.8264 0.8902874 0 0.0
-0.06148673 -0.02064691 4.568482 -1.753354 0.9145194 0.9290328 0.286164 19.72945 0.4905128 0 0.0
-0.02581555 -0.02214099 3.423567 -2.273035 0.05509336 0.04741359 0.04715319 13.63751 1.386106 1 0.9999279
-0.06703899 -0.09474197 7.210296 -0.6621755 1.917475 2.541165 0.4481142 20.31247 1.062286 0 0.0
-0.07091448 -0.08170497 4.443381 -0.8838878 0.8141017 0.6726248 0.0850037 19.52214 0.6768074 1 0.9777928
-0.04397164 -0.01203989 3.710418 -1.558015 0.402275 0.4120358 0.2517768 18.29518 0.8120193 0 0.0
-0.006286385 -0.04666911 4.523721 -1.614648 1.502895 0.959442 -0.2629062 19.56247 0.5135403 0 0.0
0.02666885 -0.03966321 3.949653 -2.219844 0.2012527 0.1702061 -0.05684771 17.2053 0.939539 0 0.0
-0.09221405 -0.0423151 3.069779 -3.757214 1.147213 0.9702684 0.1498509 19.97019 0.6043015 1 0.9703783
-0.01779025 -0.03228572 2.963916 -1.591964 2.332571 1.559374 -0.1371637 20.13587 0.5431499 0 0.0
0.08150202 -0.07056322 3.792208 -2.26439 0.7834043 0.7349155 0.1088739 19.35753 0.843647 1 0.9947802
-0.05050223 0.02996479 4.810902 -1.4588 0.8481989 0.9919299 0.4576581 19.22606 0.5965443 0 0.0
-0.07140293 -0.06953455 2.385658 -3.000036 0.5921586 0.5919995 0.2541347 18.87137 0.8641357 1 0.9809318
0.09407182 -0.1418475 -2.613099 -5.022577 0.3338652 0.3235081 0.4562395 17.75007 0.730875 1 0.0
-0.04506959 -0.06000572 2.701723 -5.170115 1.841322 1.891051 0.1378031 20.13842 nan 0 0.0
-0.04265972 0.006116651 3.38523 -1.23194 0.6794997 0.7661069 0.4546392 19.06118 0.7098827 0 0.0
-0.04455147 -0.007070182 4.095433 -3.436502 0.9850247 1.167679 0.4279942 19.60968 nan 0 0.0
-0.09419747 -0.04212006 3.615169 -4.156691 0.3771574 0.361298 0.2207579 18.20143 1.112007 1 0.001876097
-0.05852733 0.0124473 3.475801 -1.281915 0.9145017 0.9105509 0.3027136 19.48367 0.9366074 0 0.0
-0.02474742 -0.04204321 3.327541 -3.710838 1.710354 1.188735 0.0793525 19.95576 nan 0 0.0
-0.08824721 -0.04264171 3.342987 -2.121711 0.1729902 0.1372198 0.06002228 16.88827 0.9975586 1 0.9996869
0.05919587 -0.1030628 -4.08958 -3.749413 2.051041 2.489585 0.3643705 20.63419 1.060644 0 0.0
0.01089302 -0.04943305 2.460851 -1.375628 0.6802725 0.824398 0.3808812 19.23378 0.597393 0 0.0
0.1536689 -0.02853468 3.546419 -1.88099 0.3892945 0.3228423 0.024057 18.1057 0.5635357 1 0.9964276
-0.05474165 -0.1166348 2.684645 -3.888307 1.132025 0.9485146 0.07548479 20.00657 0.9125538 1 0.9281832
-0.01934646 -0.0348678 1.621178 -2.218419 1.545903 1.070669 -0.06572304 19.57604 0.5238419 0 0.0
-0.04738886 -0.04352751 3.794739 -1.882485 0.1565271 0.1342318 0.06741225 16.66806 1.002241 1 0.9992252
-0.009551401 -0.04210001 4.309133 -0.5243621 2.480718 1.599321 -0.2582639 19.97513 0.6843529 0 0.0
0.02550935 -0.03387672 3.349646 -2.12108 0.1605988 0.1352193 -0.1149424 16.51605 1.017665 1 0.9998769
-0.07772042 -0.01476118 8.309115 -5.627687 2.283959 2.907625 0.4438772 20.56251 0.5425739 0 0.0
-0.07234941 -0.0413702 3.549476 -2.087196 0.115709 0.0967451 0.1276802 15.98444 1.072653 1 0.999879
-0.006713634 -0.01702171 2.284139 -1.503172 0.2455193 0.176757 -0.2678507 16.434 nan 0 0.0
-0.04095093 0.00817452 3.630287 -1.358576 0.8949112 1.109575 0.5297176 19.26297 0.7927284 0 0.0
-0.0137925 -0.1373444 4.00549 -5.047631 2.639457 2.781022 0.14186 20.53631 0.1879597 0 0.0
-0.005340473 -0.02959954 3.445067 -2.242052 0.1485128 0.1310999 0.05945505 16.76524 0.9816456 0 0.0
0.001220078 -0.03391193 3.669338 -2.203568 0.1194516 0.1034575 0.04823338 16.324 1.027105 1 0.9998999
-0.02090286 -0.002240104 3.911227 -2.353718 0.1187993 0.1462794 0.3263338 15.63531 1.063516 0 0.0
-0.06520912 -0.04088042 4.206241 -1.055043 0.6957998 0.661735 0.2061292 19.31598 0.7277946 1 0.9936994
0.00289831 -0.09397823 3.653105 -1.191906 0.9900302 0.8177442 0.08881986 19.76814 0.6464024 1 0.9921209
0.005339457 -0.05736391 4.241054 -3.290642 1.156416 0.9764087 0.01582057 19.96003 0.3153801 0 0.0
-0.1284355 -0.003447025 4.258367 0.7046319 1.945278 2.424384 0.418499 20.4661 0.6134377 1 0.947897
0.03374761 -0.09583571 4.170437 -1.164275 0.5394811 0.6788627 0.4391669 18.85447 0.6127815 0 0.0
-0.001892364 -0.03903703 3.287748 -1.967533 0.2632397 0.2058871 -0.09943622 17.57439 0.9944057 0 0.0
0.002074453 -0.0738981 4.427706 -1.634906 0.5369005 0.6418352 0.3603723 18.92793 0.7061882 0 0.0
0.04030844 -0.05956501 5.470802 -0.1394856 1.652721 2.238881 0.5458767 20.30571 0.3223286 0 0.0
-0.07116044 0.01845101 4.553981 -2.618128 0.8357617 0.7663367 0.1336608 19.59514 0.6535015 0 0.0
-0.0519974 0.02569661 2.909572 -6.493605 1.136391 1.307631 0.4331834 19.47024 0.4646549 0 0.0
-0.09471718 -0.00215737 8.777554 -2.340686 2.155429 2.668497 0.4256354 20.58002 0.0926609 0 0.0
-0.0338409 -0.01027979 6.645465 0.1328854 1.370056 1.212906 0.322773 19.62971 0.8659725 0 0.0
-0.02743263 -0.04619648 6.922587 -0.8687104 1.151683 0.8021626 0.06875241 19.31061 0.5947876 0 0.0
-0.02129905 -0.09072263 2.440784 -2.408057 0.6793652 0.5473673 0.03719441 19.20497 0.535574 0 0.0
-0.06533021 -0.09553391 2.317949 -4.268432 1.151986 1.007078 0.05970678 19.97701 0.4511356 0 0.0
0.008299284 -0.07022766 3.078621 -0.6624156 0.5966229 0.5457436 0.1151437 19.19184 0.6038761 1 0.967331
-0.06206694 0.007574863 3.379246 -1.566856 1.306913 1.598985 0.6022917 19.86919 0.7132301 0 0.0
0.01656859 -0.05847396 3.115136 -1.098158 1.355724 1.245496 0.1629847 19.90628 0.7362957 0 0.0
0.06304118 -0.06868052 10.85528 -4.474469 1.056201 1.073437 0.2591789 19.38544 0.6506996 0 0.0
-0.04967791 -0.004657565 5.37118 -3.726525 0.7429048 0.742175 0.2214705 18.73933 0.7911186 0 0.0
-0.01989586 -0.006827988 3.789875 -2.715138 0.3342213 0.3896474 0.2447297 17.71435 0.8149624 0 0.0
-0.1019168 -0.07001944 2.360339 -2.21176 1.129648 0.9536319 0.03157846 19.9704 0.6178856 1 0.9798201
-0.01065002 -0.001944901 2.306653 -1.3973 0.2917284 0.2523795 -0.02141449 16.70721 0.696125 0 0.0
-0.060387 -0.09553616 2.647473 -4.177888 1.115643 1.3882 0.3821309 19.82164 0.5162544 0 0.0
-0.0004581954 -0.07660362 3.123415 -2.2625 0.1259676 0.1100457 0.05332561 16.14289 0.09179688 1 0.9984634
-0.01730216 -0.002559448 3.549298 -1.901919 0.3186868 0.2830764 0.01854271 17.45994 0.6240196 0 0.0
0.01461576 -0.04391153 2.060605 -4.101278 1.242126 1.380853 0.4521904 19.73982 0.6054401 0 0.0
0.1440869 -0.04254916 3.833782 -1.53044 0.8390599 0.7682076 0.03979791 19.44794 0.463335 0 0.0
-0.05068434 -0.04609293 3.52495 -2.473691 0.3991773 0.4921973 0.4264252 18.31659 -0.1408882 0 0.0
-0.06404985 -0.02543315 4.650988 -1.095213 0.7408665 0.7297233 0.24991 19.43009 0.6605206 0 0.0
-0.01986525 -0.0257291 3.446327 -2.11115 0.2698515 0.2408597 0.07372946 17.15697 0.9123516 0 0.0
-0.05031824 -0.04122061 3.86736 -0.9687732 1.012419 0.9720892 0.1648715 19.55079 0.6433048 0 0.0
-0.06087691 0.009930755 3.590795 -1.550833 1.075882 0.9808649 0.3738818 19.62279 0.5219078 0 0.0
-0.03121606 -0.08375963 4.31886 -1.290634 1.110519 0.7516011 -0.1925173 19.51195 0.6032047 1 0.9901868
