scripts/get_globular_clusters/output/NGC_6287.csv
# %ECSV 0.9
# ---
# datatype:
# - {name: x, unit: deg, datatype: float64}
# - {name: y, unit: deg, datatype: float64}
# - {name: pmx, unit: mas / yr, datatype: float64}
# - {name: pmy, unit: mas / yr, datatype: float64}
# - {name: pmx_e, unit: mas / yr, datatype: float64}
# - {name: pmy_e, unit: mas / yr, datatype: float64}
# - {name: pm_corr, datatype: float64}
# - {name: g_mag, unit: mag, datatype: float64}
# - {name: bp_rp, unit: mag, datatype: float64}
# - {name: filter, datatype: int64}
# - {name: memberprob, datatype: float64}
# meta: !!omap
# - comments: [deg deg mas/yr mas/yr mas/yr mas/yr dimless mag   mag   zeroone float]
# - __serialized_columns__:
#     bp_rp:
#       __class__: astropy.units.quantity.Quantity
#       unit: &id001 !astropy.units.Unit {unit: mag}
#       value: !astropy.table.SerializedColumn {name: bp_rp}
#     g_mag:
#       __class__: astropy.units.quantity.Quantity
#       unit: *id001
#       value: !astropy.table.SerializedColumn {name: g_mag}
#     pm_corr:
#       __class__: astropy.units.quantity.Quantity
#       unit: !astropy.units.Unit {unit: ''}
#       value: !astropy.table.SerializedColumn {name: pm_corr}
#     pmx:
#       __class__: astropy.units.quantity.Quantity
#       unit: !astropy.units.Unit {unit: mas / yr}
#       value: !astropy.table.SerializedColumn {name: pmx}
#     pmx_e:
#       __class__: astropy.units.quantity.Quantity
#       unit: !astropy.units.Unit {unit: mas / yr}
#       value: !astropy.table.SerializedColumn {name: pmx_e}
#     pmy:
#       __class__: astropy.units.quantity.Quantity
#       unit: !astropy.units.Unit {unit: mas / yr}
#       value: !astropy.table.SerializedColumn {name: pmy}
#     pmy_e:
#       __class__: astropy.units.quantity.Quantity
#       unit: !astropy.units.Unit {unit: mas / yr}
#       value: !astropy.table.SerializedColumn {name: pmy_e}
#     x:
#       __class__: astropy.units.quantity.Quantity
#       unit: &id002 !astropy.units.Unit {unit: deg}
#       value: !astropy.table.SerializedColumn {name: x}
#     y:
#       __class__: astropy.units.quantity.Quantity
#       unit: *id002
#       value: !astropy.table.SerializedColumn {name: y}
# schema: astropy-2.0
x y pmx pmy pmx_e pmy_e pm_corr g_mag bp_rp filter memberprob
[from data line 4174]
-0.00966467 0.04766602 -0.6263559 -0.7094029 2.090623 1.326606 0.5912981 20.04034 2.385967 0 0.0
-0.0101665 -0.0207754 -2.693212 0.5099209 1.050434 0.6327788 0.2054029 19.57637 1.48348 0 0.0
0.06263446 -0.05819055 1.062496 -5.952898 0.3337846 0.2102031 0.1718598 17.89438 1.773092 1 0.0
-0.06800802 -0.0248374 -7.938218 -4.61022 1.734199 1.243999 0.06157786 19.95979 1.424263 0 0.0
0.09313135 -0.02697125 1.29393 -8.766867 1.296822 0.8175067 0.4027653 19.83171 2.27467 0 0.0
-0.0131847 0.04571069 5.60341 0.2377601 0.7233806 0.4450886 0.4383905 18.73842 2.102882 1 0.0
-0.01559707 -0.03779137 -5.324909 -2.166881 0.9936097 0.6272454 0.4867912 19.14319 nan 0 0.0
-0.007637128 0.04955824 -2.710744 -6.116813 3.099392 1.766127 0.4307668 20.5854 1.658098 0 0.0
0.06584208 -0.05891112 -0.6635888 -1.413176 0.188792 0.1168043 0.110045 16.88444 1.355145 1 0.0
-0.0002866779 -0.0104372 -10.63242 6.008817 2.612988 1.389127 -0.731151 19.2948 nan 0 0.0
-0.0414683 -0.0156677 -5.601201 -1.905616 0.7134668 0.5905484 -0.03065768 18.81049 2.061396 1 0.9636283
0.001318078 0.01191311 -17.82872 6.663382 3.076359 1.796705 0.1176963 20.15834 nan 0 0.0
-0.006731391 -0.04292904 -0.884414 -0.5575619 1.451323 0.9349619 0.2291675 20.0842 1.60907 0 0.0
0.06902368 -0.05534786 1.678604 -1.574605 0.7035992 0.4491646 0.3131967 18.99461 1.487051 0 0.0
-0.09020022 0.03686205 -2.258557 -8.719695 2.446811 1.592621 0.08467021 20.35909 1.770863 0 0.0
0.01530308 -0.05732448 -2.520311 -4.503662 0.3215644 0.2106525 0.100591 17.89287 1.843882 1 0.0
-0.004226634 -0.04347635 -4.403766 -2.496365 0.6112852 0.4022307 0.293572 18.76961 1.914648 0 0.0
0.0003889186 -0.01028079 1.258008 -0.4240256 2.178333 1.58255 0.2528223 19.74772 nan 0 0.0
0.006185433 -0.06239159 -1.914195 -7.829286 0.1742431 0.1078005 -0.08904148 16.68146 2.128905 1 0.0
-0.06586878 -0.02499848 -5.680527 -6.194441 0.3968288 0.276947 0.1336748 18.038 1.758978 1 0.0
0.00103653 0.01139241 -3.435619 -3.139217 0.550258 0.3504572 -0.2076029 17.84706 1.323517 0 0.0
0.05226818 -0.01274171 -1.944752 -2.914157 3.032201 1.891029 0.390211 20.64 1.164087 0 0.0
-0.05530631 -0.043291 -10.48404 -18.01363 1.044694 0.6970139 -0.04179066 19.49199 1.348635 0 0.0
0.03570927 0.06812182 0.9870552 -3.149133 1.035209 0.693391 0.2253238 19.56569 1.590397 0 0.0
-0.09063114 -0.03532567 5.3932 -3.672774 3.079175 2.144798 0.1552175 20.61328 1.536657 0 0.0
-0.006957752 -0.01904333 1.379845 1.610131 1.317424 0.8448758 0.09470359 19.44749 1.603149 0 0.0
0.05239147 0.01520853 -6.847246 -3.578985 1.205006 0.7108775 0.2838879 19.79588 nan 0 0.0
0.06193305 0.0709468 -3.365417 -6.284416 0.9928431 0.6231486 0.4820752 19.56393 1.729879 0 0.0
-0.02417072 -0.09612501 -4.412305 -3.352222 0.8492546 0.5758674 0.05794843 19.12184 1.496109 1 0.09973492
0.00182386 -0.06289691 2.57299 -8.885338 1.274362 0.8204362 0.5468367 19.47775 nan 0 0.0
0.0648319 0.006490434 -7.145441 -6.653005 0.5413028 0.3488123 0.2715459 18.54706 2.125561 1 0.0
0.06294127 -0.06412635 -1.04647 -3.357312 2.8752 1.773427 0.2342147 20.60551 1.194832 0 0.0
-0.008759167 -0.01998948 4.81525 5.922519 2.386971 1.653427 -0.2330459 19.58284 1.73175 0 0.0
0.02525965 -0.08462201 0.2191982 -2.390845 1.086837 0.6935657 0.2564644 19.68447 1.169752 0 0.0
0.0006704134 -0.01107616 -2.14858 -1.494043 1.591991 1.002502 0.1803887 19.75804 nan 0 0.0
-0.005325477 -0.01100378 2.352848 6.735317 1.923542 1.22713 0.1292977 19.59305 nan 0 0.0
-0.05607473 -0.02244972 -6.538201 -5.33189 0.8729597 0.6083347 0.1731233 18.61432 1.728148 0 0.0
-0.008650922 0.04886009 0.09521232 -4.640355 1.018354 0.604482 0.3930574 19.37512 1.749199 0 0.0
0.02645934 0.008574607 0.477511 3.499722 1.561653 0.9622362 0.1858958 19.36263 1.753349 0 0.0
-0.0134399 0.06355391 -9.266488 -3.880905 2.972462 1.788811 0.4611644 20.41786 1.548172 0 0.0
-0.01815374 -0.07128471 6.526031 -12.65374 4.24433 2.665984 0.2565919 20.86023 1.414881 0 0.0
0.01193272 0.01679732 -3.504458 -2.948201 1.625489 0.9745364 0.08964225 20.03458 1.426291 0 0.0
0.0288788 0.000208487 -0.2275904 -3.757102 2.811238 1.581052 0.4535451 19.80354 1.762609 0 0.0
0.04296955 -0.04247404 -4.025985 -5.627735 0.1886607 0.1139511 0.04213475 16.93786 2.334632 1 0.0
0.06055257 0.07020546 1.619231 -4.393368 0.8069891 0.562311 0.6615914 19.08215 1.791916 1 0.0
-0.02142128 -0.04827303 -5.185856 -2.368072 1.239106 0.821268 -0.07120723 19.72663 1.699348 0 0.0
-0.01762558 -0.0213064 -4.52037 -6.019086 2.762593 2.502346 -0.1759113 20.73663 1.435249 0 0.0
0.01381924 0.01782711 -4.408344 -2.331956 2.614162 1.369091 0.4303225 20.42047 1.484306 0 0.0
-0.02920668 0.03704504 -1.383648 -4.730068 1.636086 0.8940505 0.2620914 19.78857 2.14768 0 0.0
-0.009151501 -0.04592181 -4.6931 -1.786641 1.484395 0.9731971 0.4312252 19.96355 1.835665 0 0.0
0.09801008 -0.01384256 4.824878 -4.376118 2.430812 1.239998 0.3444175 20.51927 1.580973 0 0.0
-0.002680634 0.05194452 -10.19779 -1.470393 4.2523 2.342527 0.4957636 20.79552 1.418346 0 0.0
-0.05845005 -0.06265761 -4.577075 3.386127 2.185963 1.498993 0.3514515 19.96478 nan 0 0.0
0.03731254 -0.04328491 -4.5576 -5.928077 0.905341 0.5087161 0.5292616 18.9325 2.035303 0 0.0
-0.02858976 -0.08519868 -1.00344 -2.197541 0.2530802 0.1693863 -0.09170382 17.44779 1.660276 1 0.0
-0.007493963 0.006494134 -7.637166 -2.155699 1.205212 0.7152319 0.2859037 19.2224 nan 0 0.0
-0.01791546 0.04299028 -13.21801 -5.964097 3.852405 2.446409 0.6112079 20.65117 1.8361 0 0.0
0.01240156 -0.09117769 -3.631465 -0.2200221 3.89702 2.832393 0.2105689 20.78087 1.513191 0 0.0
-0.02578385 -0.04532312 -4.963549 -1.847063 0.1646784 0.1102253 -0.09034262 16.48403 1.96375 1 0.9966962
-0.09291053 0.005640749 5.711704 -1.855682 1.025697 0.6569608 0.03457589 19.36177 2.147146 1 0.0
-0.03678127 -0.06892906 -3.69499 -1.061865 1.136721 0.8821489 -0.3097377 19.48606 1.008459 0 0.0
0.02335108 -0.05786731 -4.091098 -3.145044 0.2901617 0.1832809 -0.01975143 17.59466 1.276979 1 0.0
0.005796509 0.05632178 2.89067 -7.332908 0.6117839 0.3817716 0.3399662 18.69864 1.996843 0 0.0
0.008575823 -0.08524555 -3.403043 -1.473355 2.048859 1.77181 0.1382963 20.11381 1.527819 0 0.0
-0.01264304 -0.02579956 2.977328 -0.2550031 2.147871 1.31578 0.1751346 20.4853 nan 0 0.0
0.05610382 0.0739839 2.950681 -0.07576137 2.498492 1.546052 0.5664577 20.4182 1.723339 0 0.0
0.02038639 0.06417675 -4.887898 -1.871419 0.2270653 0.1437625 0.1307737 17.40833 2.003212 1 0.9906572
-0.0286629 -0.00476774 -6.462578 -1.847599 1.328165 0.8551081 0.2095414 19.56125 1.406803 0 0.0
0.007795608 0.04727895 -1.894336 -4.736069 2.087348 1.118467 0.3131263 20.36336 1.528687 0 0.0
0.03474245 -0.07892493 2.135133 -1.312394 2.948043 1.637174 0.6847737 20.19296 nan 0 0.0
-0.005325208 -0.01791792 -9.810316 -2.690497 2.235168 1.691185 -0.1310701 20.26268 1.430098 0 0.0
-0.00546514 -0.0381568 -5.542882 -2.39304 1.440797 0.87973 0.2034563 20.00953 1.534843 0 0.0
0.08154681 -0.05438391 -1.22027 -4.833205 1.57681 0.9829639 0.2333448 19.99213 1.846115 0 0.0
0.00663904 0.00725521 -7.219918 -0.1829254 1.126193 0.7156585 -0.173726 19.04272 1.380934 0 0.0
0.03778149 -0.07752956 1.330238 0.5668274 2.612091 1.798257 -0.2185564 20.12958 nan 0 0.0
-0.04459848 -0.08449915 3.898058 4.734163 4.52245 3.057007 0.361958 20.78153 1.795795 0 0.0
0.005765459 -0.01229698 -2.053042 -3.681494 0.8318732 0.7180224 -0.3788981 18.39115 nan 0 0.0
0.01187448 -0.005470974 -3.673676 -1.511292 0.5917608 0.319824 0.1577991 17.95265 1.236534 0 0.0
-0.01953698 -0.0397202 -5.140186 -1.787052 0.0711955 0.04751667 -0.0596066 14.40315 2.111288 1 0.9970238
-0.0157623 -0.06928933 -7.900049 -9.327751 2.288169 1.258374 -0.7324146 19.23837 nan 0 0.0
-0.03393454 0.0251173 -1.650127 -9.398062 2.384624 1.34672 0.4639045 20.24253 nan 0 0.0
0.006018805 -0.01226647 -7.112826 -1.491534 0.8401139 0.5173279 -0.08692753 18.06073 1.597561 0 0.0
0.04666526 0.06645342 -8.180866 -3.574294 1.908805 1.259251 0.5673548 20.39805 1.313255 0 0.0
-0.02834494 -0.04480101 -0.7182656 -5.780714 0.1030078 0.06756836 0.005471247 14.80431 2.759724 1 0.0
-0.009320283 -0.04699566 -2.626151 -3.194214 1.476598 0.9302943 0.1998852 20.0816 1.819397 0 0.0
-0.070521 -0.06403277 -8.048098 2.671965 0.379403 0.2583135 0.04399629 18.03133 1.389149 0 0.0
-0.0188335 -0.03888278 -7.311724 -0.7351335 1.667667 1.129252 -0.02745525 19.81748 1.634253 0 0.0
0.0266097 0.05803212 -1.231991 -9.946539 1.182884 0.7990456 0.4376321 19.81803 1.29723 0 0.0
0.04710595 0.03742152 -5.921446 -2.351295 0.8234142 0.5429803 0.4298706 19.28676 1.813532 0 0.0
0.04923169 0.07583476 -0.9888104 -5.069159 0.1200381 0.07347657 0.2069808 16.08182 1.826617 1 0.0
0.02921095 -0.02635904 -4.242268 -4.932257 1.227095 0.6811157 0.387944 19.59303 2.115271 0 0.0
0.02328607 0.05629895 -0.2325183 -2.89636 2.685818 1.737891 0.5867736 20.39148 2.062643 0 0.0
0.03783789 -0.07706991 -2.693479 -6.093793 1.264224 0.7704162 0.1693682 19.84488 1.070105 0 0.0
0.006470442 0.01408734 -12.86227 -5.805406 1.527028 0.9216525 0.2419503 19.56879 nan 0 0.0
5.114007e-05 0.04307347 -5.379303 -2.678223 2.352109 1.316818 0.2882468 20.50279 1.726192 0 0.0
0.01927873 -0.001411071 -6.312559 -3.042475 1.452889 0.8744112 0.2300423 19.86166 1.578411 0 0.0
0.02046107 -0.001586719 -2.806053 -1.789344 2.413875 1.25827 0.2921838 20.31166 nan 0 0.0
0.05258372 -0.07056882 -4.755901 -6.907841 2.780282 1.776148 0.5208112 20.41057 1.27043 0 0.0
-0.04578187 0.004682333 -9.688416 -5.367509 2.287691 1.474656 0.009861343 20.39072 -0.06250191 0 0.0
0.003287637 -0.04013274 -5.64758 -2.128042 2.187655 1.433319 0.3183738 20.45783 1.434124 0 0.0
-0.07059714 -0.02559212 -6.265471 -4.23398 2.8482 2.05602 0.2335874 20.58929 1.601391 1 0.3069142
0.05015621 -0.0148371 3.086675 -3.063872 2.378003 1.382934 0.2414885 20.5535 1.876791 0 0.0
0.01170485 -0.01401397 -2.957308 -1.17932 0.7861833 0.4304784 0.1814065 19.06255 1.711391 0 0.0
-0.03771546 -0.04849971 2.735353 -5.330376 0.6629246 0.471136 0.1532234 18.82009 1.71439 1 0.0
-0.01312213 -0.01958165 -12.13851 -6.214482 2.515588 1.714802 0.1524363 20.24876 1.2187 0 0.0
0.08520113 0.02964403 -1.316353 0.6691633 1.103827 0.700215 0.4281987 19.61388 1.819775 0 0.0
-0.07359701 -0.04754919 1.00041 0.8873566 2.492334 1.752154 0.3251475 20.46804 1.327847 0 0.0
-0.01200114 0.03671956 -1.379366 -3.066927 2.291146 1.14885 0.3501721 20.259 nan 0 0.0
0.002979192 0.01203706 -4.094468 -0.9729057 1.111518 0.6793138 0.2676748 19.43414 nan 0 0.0
-0.04963004 0.05820882 -0.9738269 -7.524779 0.7045836 0.4192569 0.3336095 18.87968 1.855639 1 0.0
0.06229366 -0.06504349 0.9039086 -1.534664 1.912111 1.212378 0.5807762 20.07862 1.23188 0 0.0
0.0002481609 -0.01489085 -4.736251 -2.707635 0.8029589 0.4881165 0.03547814 19.05626 1.473568 0 0.0
0.006500133 0.04649128 -3.404584 -2.43281 2.683605 1.403583 0.4353941 20.46368 1.625154 0 0.0
0.01384214 -0.03417866 -8.008731 -0.3143789 1.779318 1.215243 -0.3282633 19.90761 1.519836 0 0.0
-0.02859411 -0.06443149 -2.046739 -0.6764927 0.2962337 0.2315158 -0.4188885 17.33061 2.180317 0 0.0
0.02115981 -0.03425017 -3.657486 -2.227146 1.058943 0.654897 0.1803155 19.45609 1.798321 0 0.0
-0.01763266 0.03369581 -3.590235 -4.289449 1.996076 1.034615 0.4190853 19.83183 2.181538 0 0.0
0.00269854 0.05738236 -2.383449 -2.391965 0.6648445 0.3903893 0.2517688 18.75198 2.126457 1 0.003700974
-0.04329967 -0.01031053 -16.34471 -9.148341 3.36691 2.190856 0.1449563 20.45921 nan 0 0.0
0.05829285 -0.01107712 -9.782014 -12.37876 0.7540273 0.4467766 0.1529206 19.06372 1.88357 0 0.0
-0.09161527 -0.03671297 -4.603793 -9.989888 1.139049 0.7641931 -0.0173391 19.58446 1.282461 0 0.0
-0.04826489 0.02046288 -3.327403 -7.827101 0.5231942 0.3519538 0.2653655 18.25406 2.178354 1 0.0
-0.05017689 -0.06339247 -3.837758 -5.890649 0.2288245 0.1523663 -0.06412796 17.26824 1.865683 1 0.0
-0.03435198 0.005519189 -5.783799 -1.786051 0.5753115 0.3720683 0.2674853 18.78354 2.049692 1 0.9787826
0.04085485 0.03860418 6.578505 -1.136265 1.408579 0.9483595 0.329698 19.97862 1.86437 0 0.0
0.002219539 0.04397753 3.663268 -2.159913 1.483321 0.7921558 0.3334493 19.96853 1.658625 0 0.0
0.003793523 -0.06537078 -4.878804 -2.045151 0.1642732 0.1067428 -0.01845501 16.75004 1.057386 1 0.9900406
0.04179671 0.0799304 -2.802718 -3.469594 0.1665816 0.0926677 0.2926077 16.61418 2.031882 1 0.0
-0.0002585187 -0.01541347 -5.383243 -3.284017 0.7429021 0.4609193 0.0975541 18.7745 1.483938 0 0.0
0.03384176 -0.08032279 -5.903154 -6.149045 3.066264 1.856677 0.4312054 20.63238 2.205496 0 0.0
0.008999332 -0.06262063 -0.2467798 -6.908988 0.5526992 0.3624595 0.2153829 18.54778 1.876665 1 0.0
0.03961041 -0.07725923 -4.167782 -8.637272 1.775609 1.09005 0.2347731 20.14583 1.448847 0 0.0
-0.01729076 0.002113975 -8.740066 -4.273783 2.479762 1.687727 0.2963012 19.86603 1.333265 0 0.0
0.006100404 -0.07606536 -7.396895 -1.297475 1.617775 1.080137 0.4528403 20.06502 1.3367 0 0.0
0.004050031 0.04486059 -5.565899 -3.025197 1.317273 0.7089279 0.295076 19.70895 1.846237 0 0.0
0.03746641 0.004742082 -7.978531 -4.083472 1.883969 1.011018 0.4106371 20.13112 2.012154 0 0.0
0.04379566 0.07678837 -8.57252 -4.959109 0.2926556 0.16827 0.2178333 14.22649 5.639673 1 0.0
0.01904924 -0.03214987 -4.02518 -5.169462 1.448416 0.831309 0.1566044 19.90285 1.950857 0 0.0
0.05269999 -0.0609234 -4.064084 -2.899693 0.8109488 0.4920123 0.2299333 19.25753 1.561874 0 0.0
0.01414585 -0.09094326 -2.71525 -1.873095 0.7411924 0.5470027 0.2766833 18.95191 1.539848 1 0.04583636
-0.05569138 -0.06520658 -1.691826 -7.022108 0.8560672 0.5860041 -0.05383712 19.12313 1.898537 0 0.0
0.0109474 0.01818976 -5.842503 -3.583546 1.406604 0.8534409 0.1348659 19.43745 1.804409 0 0.0
0.0007270051 0.04403095 -7.951752 -2.422187 2.660554 1.515897 0.5635773 20.38089 1.76177 0 0.0
-0.07521178 -0.02816187 1.642312 -7.21386 0.9072566 0.6121368 -0.0255964 19.29584 1.533474 1 0.0
-0.008277846 -0.06632084 0.9632911 -4.981123 2.033929 1.447948 0.07392986 20.26288 1.537085 0 0.0
-0.002060913 0.04246501 -8.807697 -2.271924 3.241513 1.940474 0.5268823 20.5579 1.724554 0 0.0
0.05192517 0.04777859 0.3469168 -2.898622 1.898475 1.351643 0.5584259 20.11232 1.894062 0 0.0
0.02892299 0.07631357 0.13572 -10.03005 0.1825722 0.1116573 0.1724413 17.0616 1.071362 1 0.0
-0.04502889 -0.05907245 -0.3524239 -6.920578 0.1336778 0.08997504 -0.04651704 16.12936 1.881985 1 0.0
-0.002819474 -0.04384825 0.04862423 -0.7308132 0.8410199 0.4949765 0.1543182 19.27651 1.724522 0 0.0
0.09093462 0.01342978 -8.017148 -6.886321 2.758004 1.463878 0.4636732 20.67857 1.505856 0 0.0
0.06982638 -0.02645957 -9.757985 -4.581632 2.594143 1.546654 0.855377 19.71693 1.963493 0 0.0
0.04886703 0.08010544 -1.372051 0.6262909 0.3492819 0.2048066 0.2760413 17.98423 1.586637 1 0.0
-0.02041528 -0.0005777244 -4.951146 -1.587742 0.1923444 0.1209793 0.0484096 16.96964 2.086842 1 0.9957793
-0.01393455 -0.05749981 -4.842035 -3.215016 2.909293 2.24422 -0.2056821 20.63621 1.910307 0 0.0
0.05857565 0.05785815 -4.253047 -8.784832 0.4923541 0.3174122 0.4364252 18.51063 1.636457 0 0.0
0.03759976 -0.02221833 2.746175 -0.5943362 2.520656 1.479583 0.3707997 20.46016 1.702244 0 0.0
-0.05988409 -0.06505195 1.745792 1.174685 0.707639 0.4973244 0.4053026 18.63177 1.533245 0 0.0
-0.03222062 -0.07877173 -1.211005 -1.206552 1.433276 0.9895318 -0.09804613 19.93501 1.328465 0 0.0
0.06153345 -0.06606358 1.637137 -6.725767 2.63897 1.67804 0.3006754 20.57208 1.466599 0 0.0
-0.05222162 -0.01437629 -0.2690677 -8.374804 1.749255 1.22792 0.1573944 20.02574 1.41836 0 0.0
-0.03079218 -0.05001623 3.990339 -6.15992 3.059241 1.853195 0.06179638 20.54277 1.692282 0 0.0
-0.07035351 0.04810224 4.741433 0.108007 3.208201 2.069327 0.2946723 20.49329 1.983864 0 0.0
0.03063948 -0.05733278 -2.084666 -6.222487 0.1878431 0.1085555 -0.05589155 16.52164 2.024905 1 0.0
-0.04839368 -0.01346127 -4.028203 -0.4502823 1.297774 0.8825124 0.04337321 19.55018 1.432272 0 0.0
0.01861928 -0.08912037 -6.063786 -4.750552 2.910661 1.751518 0.26906 20.60671 1.502422 0 0.0
