scripts/get_globular_clusters/output/NGC_5466.csv
# %ECSV 0.9
# ---
# datatype:
# - {name: x, unit: deg, datatype: float64}
# - {name: y, unit: deg, datatype: float64}
# - {name: pmx, unit: mas / yr, datatype: float64}
# - {name: pmy, unit: mas / yr, datatype: float64}
# - {name: pmx_e, unit: mas / yr, datatype: float64}
# - {name: pmy_e, unit: mas / yr, datatype: float64}
# - {name: pm_corr, datatype: float64}
# - {name: g_mag, unit: mag, datatype: float64}
# - {name: bp_rp, unit: mag, datatype: float64}
# - {name: filter, datatype: int64}
# - {name: memberprob, datatype: float64}
# meta: !!omap
# - comments: [deg deg mas/yr mas/yr mas/yr mas/yr dimless mag   mag   zeroone float]
# - __serialized_columns__:
#     bp_rp:
#       __class__: astropy.units.quantity.Quantity
#       unit: &id001 !astropy.units.Unit {unit: mag}
#       value: !astropy.table.SerializedColumn {name: bp_rp}
#     g_mag:
#       __class__: astropy.units.quantity.Quantity
#       unit: *id001
#       value: !astropy.table.SerializedColumn {name: g_mag}
#     pm_corr:
#       __class__: astropy.units.quantity.Quantity
#       unit: !astropy.units.Unit {unit: ''}
#       value: !astropy.table.SerializedColumn {name: pm_corr}
#     pmx:
#       __class__: astropy.units.quantity.Quantity
#       unit: !astropy.units.Unit {unit: mas / yr}
#       value: !astropy.table.SerializedColumn {name: pmx}
#     pmx_e:
#       __class__: astropy.units.quantity.Quantity
#       unit: !astropy.units.Unit {unit: mas / yr}
#       value: !astropy.table.SerializedColumn {name: pmx_e}
#     pmy:
#       __class__: astropy.units.quantity.Quantity
#       unit: !astropy.units.Unit {unit: mas / yr}
#       value: !astropy.table.SerializedColumn {name: pmy}
#     pmy_e:
#       __class__: astropy.units.quantity.Quantity
#       unit: !astropy.units.Unit {unit: mas / yr}
#       value: !astropy.table.SerializedColumn {name: pmy_e}
#     x:
#       __class__: astropy.units.quantity.Quantity
#       unit: &id002 !astropy.units.Unit {unit: deg}
#       value: !astropy.table.SerializedColumn {name: x}
#     y:
#       __class__: astropy.units.quantity.Quantity
#       unit: *id002
#       value: !astropy.table.SerializedColumn {name: y}
# schema: astropy-2.0
x y pmx pmy pmx_e pmy_e pm_corr g_mag bp_rp filter memberprob
[from data line 2771]
-0.0125675 0.007442256 -4.721207 0.8165619 0.4067763 0.4080711 0.4432218 18.58706 nan 0 0.0
0.04665501 -0.05780046 -6.355759 0.08615193 0.9381654 0.8043351 0.1726174 20.01715 0.423893 1 0.9983528
0.03106302 0.05514505 -3.50711 -9.990332 2.02721 1.819951 0.154336 20.12101 nan 0 0.0
-0.05416423 -0.02447359 -4.5087 0.4660285 0.9559133 0.9250541 0.08596575 20.13655 0.5398159 0 0.0
0.001910032 -0.03794765 -3.371943 -0.43362 2.341829 2.243818 -0.0184982 20.7359 0.4540863 0 0.0
0.002096878 0.007123001 -4.973441 -2.651845 1.130594 1.30699 0.4527854 20.01493 nan 0 0.0
-0.0275911 0.01773908 -5.42523 -0.8186343 0.03758499 0.03731285 0.05214566 14.39416 1.263062 1 0.9999992
0.003892748 0.01578814 -5.51444 -1.083784 0.1544119 0.1473823 0.1457122 17.33044 0.9369431 1 0.9999665
-0.04301579 -0.009656724 -5.343967 -4.297322 2.188109 2.031385 -0.1392649 20.73841 0.4531765 0 0.0
-0.05661949 -0.05229479 -2.29675 -0.9892067 3.873981 2.605767 0.3676165 20.85217 0.7913437 0 0.0
-0.01861215 0.08721607 -5.254901 -0.2168107 1.30433 1.215073 -0.1258161 20.34893 0.6900921 1 0.9980674
-0.02903307 0.03789251 -5.163182 -0.5880093 0.22062 0.2108964 0.2017564 17.98547 0.9341812 1 0.999956
0.01665809 -0.01835407 -5.139597 -1.332963 0.7591307 0.6684262 0.1974955 19.72378 0.632122 0 0.0
0.002915399 -0.02371118 -5.819489 0.7848532 1.853014 1.611971 0.4229499 20.16202 0.6414604 0 0.0
0.02235726 -0.02269414 -5.491757 -0.9385436 0.6692214 0.5865939 0.2496803 19.55521 0.5402985 0 0.0
0.0173985 0.04467629 -4.833339 -0.2459737 0.3088131 0.3127784 0.1589513 18.57377 0.9412193 1 0.999584
-0.02881829 0.0392543 1.79201 13.27896 2.684791 2.363765 0.06206644 20.18659 0.6739502 0 0.0
-0.04314318 0.03934884 -4.733597 -1.234429 1.964715 2.013465 -0.06565954 20.76034 0.6313763 0 0.0
-0.05817337 0.02405913 -4.931468 -1.177963 0.6462412 0.5948517 0.08313553 19.58387 0.5831528 1 0.9995852
-0.007405434 0.02718092 -3.799579 -0.7623224 2.19623 1.943871 -0.06788784 20.72003 0.7096195 0 0.0
-0.04440942 0.0871227 -4.773298 -0.5811527 1.316244 1.165993 0.2653054 20.41661 0.7224598 1 0.9976403
-0.02139913 -0.04950593 -5.840071 -0.9069505 0.4262136 0.4215506 0.178797 18.89907 0.8871765 1 0.9998518
-0.1375464 -0.1032437 3.00335 -9.041195 0.2960712 0.279405 0.2139122 18.40294 0.9623356 1 0.0
0.009391904 -0.02688653 -5.536776 -0.5968547 1.044077 0.889588 0.1055571 19.97743 0.4212132 0 0.0
0.001895902 0.002123836 -4.186311 -2.809557 1.267188 1.142805 0.1398101 20.23512 0.506403 0 0.0
-0.03978008 0.002877101 -3.836704 -2.228544 1.405173 1.748577 -0.09555955 20.56673 0.4111366 0 0.0
-0.0009998382 -0.0243559 -4.79303 1.10521 1.254928 1.085548 -0.02998096 20.24753 0.537077 0 0.0
0.001842189 0.007418635 -5.926184 -0.1854041 0.488538 0.4676993 0.2017617 19.10055 0.4611454 0 0.0
-0.03524864 0.00458638 -5.400191 -0.8381262 0.04251548 0.04242047 0.06224226 14.79259 1.149688 1 0.9999988
0.006655716 -0.0141056 -5.730031 -0.3049617 0.4529187 0.4355649 0.1975316 19.17136 0.291893 0 0.0
-0.02592374 0.03956063 -8.56972 -2.725949 1.02408 0.9327298 0.2056317 20.1392 0.5501213 0 0.0
-0.0007182624 -0.02446843 -6.324735 -1.431755 3.467484 3.048304 0.4330963 20.75958 nan 0 0.0
-0.03797547 -0.01113304 -5.814805 3.31556 1.793935 1.516599 -0.004970357 20.57494 0.5177364 0 0.0
-0.006013118 0.001322904 -5.804473 -1.348692 0.2744951 0.2665559 0.1854006 18.30491 0.8198166 0 0.0
-0.124926 0.08376376 -3.84212 -5.744655 2.123465 3.701107 -0.290191 20.76187 0.796402 0 0.0
0.02966857 0.05880294 -5.179287 -0.9316518 0.1023442 0.1078176 -0.005916332 16.5381 0.2823124 1 0.9998826
-0.04243819 0.02640528 -2.852772 -0.6246009 1.924446 1.850488 0.04917857 20.70465 0.40728 0 0.0
0.01699342 -0.0192581 -7.289324 0.139787 1.455114 1.440624 -0.004378681 20.43691 0.5680733 0 0.0
-0.07917305 0.07961671 -3.833087 -0.122203 1.044301 0.9614482 0.07539575 20.10318 0.7601604 1 0.9946265
-0.03434318 0.02709279 -4.378498 -8.0347 1.564315 1.585224 0.04281506 19.72088 0.3143673 0 0.0
-0.0004500924 -0.02411557 -6.901452 -1.664121 1.251201 1.061267 0.0006109407 20.25894 0.3321152 0 0.0
0.003652378 -0.009882877 -3.301703 -3.875264 1.670049 1.412151 0.09567427 20.48735 0.3682861 0 0.0
-0.01304191 -0.03500764 -4.878647 1.56112 1.887128 1.413744 0.1908071 20.51948 0.4605045 0 0.0
0.1401155 0.04216642 -6.607701 0.4933161 1.184985 1.226885 -0.05573374 20.32013 0.6903133 0 0.0
-0.07427764 -0.02558095 -5.817189 -0.9719359 0.5887312 0.5743174 0.2037357 19.53017 0.5187225 1 0.9995908
-0.00385442 0.01416307 -5.580164 -0.9809435 0.7206979 0.7012746 0.2005792 19.74069 0.5340271 0 0.0
0.01110653 -0.01079025 -5.449996 -0.9362128 0.05108065 0.05130428 0.09004323 15.29361 1.143453 1 0.9999871
0.03883565 0.01444482 -7.382528 -2.892849 1.674678 1.851614 -0.05749431 20.66136 0.3698826 0 0.0
0.05854563 0.0502663 -5.69478 -0.9394409 1.475259 1.436816 -0.02558579 20.52757 0.6766319 0 0.0
-0.1691422 0.008418408 -5.346938 -0.6869201 0.3605668 0.3572017 0.1128452 18.672 0.900423 1 0.9990248
0.0425381 0.03995513 -4.735109 -1.222695 0.8378363 0.8642078 0.0364091 19.63043 0.5676384 0 0.0
-0.0113837 0.04646838 -4.904748 -1.155042 2.083648 1.609206 -0.0107682 20.6819 0.5072403 0 0.0
-0.0474422 0.04485339 -9.032869 -3.153311 2.80718 2.20722 0.1778668 20.86602 0.475069 0 0.0
-0.004015717 0.002238336 -4.916192 0.5550855 2.145917 1.883577 0.171125 20.65544 0.3471069 0 0.0
-0.02751571 -0.05294918 -8.407414 -0.7142076 1.386414 1.244284 0.07433597 20.3713 0.4749603 0 0.0
-0.001950901 0.02607632 -8.628063 1.118191 1.428156 1.434689 -0.0251945 20.43325 0.6022301 0 0.0
-0.01314277 0.01641449 -7.93265 -1.220919 1.789012 1.473202 0.128871 20.61725 nan 0 0.0
0.006866665 0.04055902 -5.289546 -0.5477799 0.2412203 0.2316596 0.1343946 18.05459 0.8673229 1 0.9999634
-0.03315998 0.03928609 -5.288902 -0.5649425 0.2480087 0.2368976 0.2008853 18.24865 0.9205322 1 0.9999571
0.08703005 0.003639862 -5.421981 -3.779179 2.630914 4.734525 -0.3155485 20.91281 0.02141953 0 0.0
-0.1738114 0.03812537 -5.476543 -1.106796 0.8751318 0.8298703 0.2160085 19.95056 0.5084114 1 0.9931247
-0.04451149 0.03585896 -3.348056 -4.042859 1.716576 1.325121 0.07434228 20.50206 0.4601898 0 0.0
-0.09405685 -0.1026964 -4.644858 -0.5489751 0.7905408 0.7156312 0.2342758 19.84225 0.5142288 1 0.9969318
-0.03169469 0.09912866 -5.492696 -0.573024 0.6836688 0.6678051 -0.0252351 19.58993 0.6752415 1 0.9991682
0.01888272 -0.01257633 -5.863098 -0.9607169 0.3772558 0.3716132 0.1492675 18.90238 0.7979832 0 0.0
0.00597386 -0.04778751 -5.589763 -0.8977148 0.7710389 0.671968 0.2761398 19.78131 0.7252083 0 0.0
-0.05012475 0.03931569 -5.986269 -1.781082 0.823468 0.7444114 0.1952264 19.90881 0.7677784 1 0.9989385
-0.04074379 0.006638761 -6.972189 -1.235723 1.718672 1.586587 -0.1347788 20.5143 0.5313721 0 0.0
0.005338767 0.04609787 -6.071934 0.6321344 0.99411 0.9499252 0.05544562 20.12933 0.4949379 0 0.0
-0.02178921 0.00983176 -1.209773 -1.229362 1.857199 1.803854 0.1177971 20.70906 1.478352 0 0.0
-0.05619509 -0.01090937 -5.087726 -1.577734 0.4673159 0.446208 0.1807093 19.18503 0.7219448 0 0.0
0.006294193 -0.02195436 -6.416537 -1.76948 1.195939 1.063769 0.0460376 20.14362 0.7034817 0 0.0
-0.009785183 0.08926337 -6.190045 -2.932157 1.344907 1.402729 -0.05837061 20.38895 0.5393162 0 0.0
-0.006390726 -0.03603249 -3.545414 -1.700116 1.743722 1.434694 0.1700279 20.55354 0.2780972 1 0.9979538
-0.007256874 0.04370999 -4.012756 -1.195151 2.666274 2.047054 -0.01988858 20.79953 0.4531326 0 0.0
0.009472067 -0.02367264 -3.026133 -4.199827 1.715935 1.350288 -0.1072658 20.38846 0.589817 0 0.0
-0.09788425 0.09595743 -3.977038 0.05479557 1.907792 1.644866 0.03822014 20.62944 0.3979664 0 0.0
-0.002098352 0.0246439 -5.219382 -7.017875 1.399637 1.257438 0.0865814 20.45438 0.5281754 0 0.0
0.005970589 0.009976542 -3.338085 1.243953 2.143987 1.971777 0.2257702 20.90923 nan 0 0.0
-0.0392159 0.04200996 -5.083744 -0.2421185 0.8536713 0.7746695 0.1628427 19.94674 0.6662521 1 0.9995714
-0.0128942 -0.03335017 -3.550324 0.5965998 1.41092 1.150834 0.1360977 20.155 0.7362404 0 0.0
0.02501984 0.001121617 -5.872629 -0.6561777 0.6352136 0.6255063 0.1779871 19.62339 0.5212708 0 0.0
-0.01734621 -0.0336013 -5.72441 0.0311677 1.051123 0.8510164 0.3301705 19.99251 0.4763527 0 0.0
-0.01975168 0.08181085 -3.796301 -2.198334 0.7707431 0.8306081 -0.02975197 19.71076 0.8120632 0 0.0
0.002580484 -0.03568933 -7.292467 -0.8615813 1.962993 1.587211 0.09767176 20.69975 0.6350632 0 0.0
0.01190031 -0.03554564 -5.920439 0.3348257 1.264082 1.073707 0.03963421 20.27605 0.4067726 0 0.0
0.0163358 -0.01511353 -9.084106 -0.4500506 2.306969 1.653848 0.1131368 20.62473 nan 0 0.0
-0.1467951 -0.1153677 -2.916351 -0.5663391 2.032963 1.812171 -0.229538 20.65714 0.3580952 0 0.0
-0.0003829102 0.01450442 -5.380891 -2.93405 1.425692 1.276101 0.0446844 20.45955 0.6806374 0 0.0
-0.01373252 0.01638214 -5.991075 -0.230564 1.122135 1.057632 0.1153571 20.3489 0.6185703 0 0.0
0.02458228 0.03791427 -5.539631 -1.214987 0.6041883 0.5884786 0.1731223 19.46355 0.554882 1 0.9997945
0.03277807 0.01192125 -4.14397 7.499683 1.649562 2.414929 -0.4175363 20.51094 0.7558174 0 0.0
0.02792189 0.07746586 -4.674745 -1.026064 0.4928437 0.4971069 0.07853344 19.2036 0.7000465 1 0.9992318
-0.03607021 0.03237291 -6.68481 0.5135998 1.021258 1.003083 0.1734858 20.00285 0.4316864 0 0.0
0.01617487 -0.01484462 -5.643738 1.083762 1.430164 1.359913 0.06771566 20.49492 0.007257462 0 0.0
0.02537256 0.03933924 -5.068177 -0.3567992 0.4226057 0.4259122 0.1557012 19.0204 0.7381248 0 0.0
0.01474776 0.02766806 -3.638284 -0.5784312 1.264244 1.329476 -0.07652723 20.29174 0.6488762 0 0.0
-0.04287523 0.006307728 -4.688711 -1.110241 2.430277 1.789834 0.1454806 20.80835 0.2529392 0 0.0
-0.09044334 0.07385987 -4.404301 0.3711997 0.7455163 0.7198383 0.2547542 19.70952 0.4974918 1 0.995804
0.04828964 0.06294687 -6.44755 -0.4849637 1.244045 1.24247 0.0260282 20.25908 0.6652985 1 0.9980532
-0.06663612 0.07812411 -4.880411 -0.7122438 0.7259899 0.6871448 0.2851299 19.71571 0.674015 1 0.9989827
0.1403708 -0.1298132 -22.11702 8.966645 0.9971072 0.9308185 0.220873 20.00958 2.470909 0 0.0
0.01612134 -0.01543781 -5.173577 -0.1801166 0.5255149 0.4842203 0.1780212 19.31791 0.6128387 0 0.0
-0.06842235 0.0915587 -7.054711 -0.001203442 2.690881 1.920255 0.3233394 20.8281 0.5621548 1 0.9879136
3.259253e-05 0.02966593 -4.724785 -1.386149 1.128969 1.251083 -0.1159497 20.21893 0.5327206 0 0.0
0.02687432 -0.01680128 -5.960913 0.6887445 1.414312 1.219286 0.05136184 20.44967 0.5450363 0 0.0
-0.07606112 -0.06299804 -4.480836 -0.2928089 1.701704 1.66999 -0.08543732 20.48201 0.6022568 0 0.0
0.01281189 0.07694605 -5.961431 -1.998615 0.7651196 0.7599273 0.1520912 19.82413 0.5249805 1 0.9979575
-0.04871798 0.009802623 -4.955906 -1.792693 4.182134 3.336849 0.3369132 20.97541 0.4916801 0 0.0
0.0219928 -0.01102887 -6.276205 -1.926726 0.4103669 0.4296082 0.1526662 19.01417 0.7772655 0 0.0
-0.006441433 0.01195449 -5.483936 -0.8261437 0.3874994 0.37212 0.1728032 18.77707 0.7785702 0 0.0
-0.0339268 -0.05336884 -4.383744 -1.711946 1.616192 1.39759 0.05264187 20.50326 0.4182758 0 0.0
-0.02627251 0.03810541 -5.345498 -1.014754 0.625505 0.5885669 0.1730601 19.47254 0.5612698 0 0.0
-0.0001952171 0.03854464 -6.621116 -2.023709 0.6649748 0.6740303 0.1794482 19.66091 0.5465183 0 0.0
0.0226382 0.04260972 -4.514592 -2.956648 1.062308 1.05347 0.09419576 20.19591 0.203043 0 0.0
-0.05364935 -0.01393575 -5.625122 0.08315525 0.9910099 1.025795 0.08529142 20.18089 0.3824978 0 0.0
-0.06695826 -0.1129386 -11.45304 -2.284403 2.906739 3.139433 0.2017277 20.86369 0.3766918 0 0.0
0.05458983 -0.02129191 -6.214897 -3.981346 2.615357 2.441267 -0.06620955 20.78352 -0.06233597 0 0.0
-0.04306527 0.000501836 -5.408611 -0.3519542 0.275717 0.2507582 0.2365935 18.16298 0.8550224 1 0.9998988
-0.06304839 0.007347836 -3.211771 -0.3320417 1.621866 1.564918 -0.1625656 20.61096 0.6074028 0 0.0
-0.000423045 0.03330706 -4.380051 -0.2899942 1.290188 1.40233 -0.09243119 20.35557 0.6112347 0 0.0
-0.05441595 0.007392616 -4.553629 -2.191428 0.7483664 0.719862 0.1087889 19.80165 0.4738712 0 0.0
-0.03348359 -0.009189068 -4.90926 -2.769223 1.057327 1.022907 -0.01628485 20.11283 0.8225727 0 0.0
0.005313776 0.01027978 -5.180271 -3.537147 1.982598 1.489455 -0.02489931 20.4167 0.7217121 0 0.0
0.005127536 -0.01883972 -5.825862 -2.602904 1.702129 1.48392 0.164208 20.52195 0.7551289 0 0.0
-0.0009051128 0.07637307 -5.510171 -0.5254402 0.4445057 0.4025992 0.2157599 18.84645 0.8334064 1 0.9998044
-0.002822638 0.003432298 -6.819428 -8.247709 3.193836 3.612426 -0.09091406 20.86732 0.6106377 0 0.0
-0.01977627 0.02226918 -6.169637 -0.6887118 1.1099 1.076171 0.002806255 20.25218 0.4914074 0 0.0
0.003304275 -0.02481934 -6.278569 -1.343324 0.4650176 0.4162557 0.2069689 19.10117 0.7118092 0 0.0
-0.01771284 0.01895194 1.982643 -4.338818 3.424279 2.120185 0.4406246 20.47915 nan 0 0.0
-0.03515405 0.006850371 -4.04055 -1.270416 1.765537 1.586366 0.08559097 20.66401 0.3103752 0 0.0
-0.001495086 0.03644466 -5.399052 -0.7491885 0.1011661 0.1037861 0.1573535 16.64064 1.001707 1 0.9999957
0.0375131 0.07726094 -5.583911 -2.744029 1.013525 1.032207 -0.03192065 20.11106 0.5604515 1 0.9930544
-0.04469659 -0.02141864 -2.008383 0.02149998 2.514534 2.09806 -0.1520828 20.82025 0.3546963 0 0.0
-0.01899884 0.02270582 -5.754673 -6.980005 1.835622 1.775096 -0.09678453 20.55306 0.9278603 0 0.0
-0.03094457 0.008527518 -5.428863 -1.003535 0.1238996 0.1179696 0.1159959 16.57825 0.1964111 1 0.9999811
-0.0007580357 0.03831957 -6.796455 -2.47351 1.442793 1.579118 -0.1623204 20.39785 0.7023506 0 0.0
-0.03006049 0.006415827 -4.812612 -2.02654 1.01998 0.9683668 0.107211 20.15468 -0.02503204 0 0.0
-0.002836859 -0.02691743 -4.186198 -0.4577239 1.462924 1.195981 0.1222532 20.37024 0.4538918 0 0.0
0.01550409 0.07898918 -5.376032 1.320679 2.638028 3.244128 -0.5736787 20.56359 0.4970493 0 0.0
-0.003841138 0.01083666 -15.27807 8.931381 3.021625 2.894704 -0.0946961 20.6167 0.6897907 0 0.0
-0.01040103 0.09201954 -4.006024 3.429686 2.317786 3.641969 -0.3332364 20.76934 0.8805542 0 0.0
0.01058456 -0.01971288 -5.103677 -1.816645 0.8775 0.7750269 0.2393224 19.80209 0.5672169 0 0.0
0.01098337 0.0131317 -3.221729 0.2280244 0.7699434 0.6524769 0.2685491 19.33997 0.5488224 0 0.0
0.001305811 0.02380084 -7.788303 0.8136898 1.685093 1.575154 0.1088517 20.68283 nan 0 0.0
0.0005552006 0.03948496 -5.713248 -1.469635 0.445865 0.4187134 0.1972016 19.11304 0.708313 0 0.0
-0.03228084 -0.02168639 -6.929304 -0.8254926 2.375646 2.761365 -0.0533599 20.90379 0.8043594 0 0.0
-0.008182204 0.03409511 -4.672552 -1.521382 0.4666274 0.4422975 0.1831029 19.11669 0.7483845 0 0.0
-0.1497053 0.09366088 -4.372156 -4.127138 2.946283 3.107932 0.09120904 20.98943 0.6549568 0 0.0
0.02318583 -0.01026567 -5.421219 -1.059268 0.5650786 0.5359141 0.1857124 19.48394 0.4975471 0 0.0
-0.01283324 0.0267046 -3.75039 -1.062078 1.253852 1.188801 -0.0194636 20.39162 nan 0 0.0
-0.01290118 0.0190981 -5.195466 -2.331524 0.9236415 0.8833763 0.1505604 20.11045 0.6016502 0 0.0
0.04018029 0.003188151 -4.722445 0.7200401 0.8169215 0.793345 0.2743714 19.81235 0.9036541 0 0.0
-0.06919404 0.05868989 -5.72979 -1.89026 0.724127 0.6949331 0.2108263 19.7075 0.6362343 1 0.9978497
-0.03581261 0.001740806 -5.513584 -0.7492536 1.127841 1.067186 0.1703147 20.28994 0.5740395 0 0.0
-0.02062478 0.001010038 -4.920755 -0.5659197 0.6208267 0.5873311 0.2014702 19.49121 0.6823215 0 0.0
0.0004882966 0.01848696 -4.394663 -0.6715657 1.381481 1.263139 0.02640169 20.45051 nan 0 0.0
0.1025733 -0.08640163 -6.072862 0.2726892 0.8444107 0.7739139 0.1992843 19.84421 0.5667095 1 0.9933345
0.02344666 0.02256176 -4.914052 -2.90381 1.21278 1.279121 0.1489173 20.2198 0.2659397 0 0.0
-0.006122291 -0.03194888 -11.71634 -2.76238 3.600628 1.97046 0.589142 20.58014 0.8872395 0 0.0
0.02025392 -0.03178689 -4.079311 -0.598383 1.055297 0.9108367 0.05559356 20.06572 0.4951744 0 0.0
0.06294093 0.04949446 -6.612874 -1.525441 1.223505 1.20456 -0.02272147 20.30665 0.759531 0 0.0
