scripts/get_globular_clusters/output/NGC_5986.csv
# %ECSV 0.9
# ---
# datatype:
# - {name: x, unit: deg, datatype: float64}
# - {name: y, unit: deg, datatype: float64}
# - {name: pmx, unit: mas / yr, datatype: float64}
# - {name: pmy, unit: mas / yr, datatype: float64}
# - {name: pmx_e, unit: mas / yr, datatype: float64}
# - {name: pmy_e, unit: mas / yr, datatype: float64}
# - {name: pm_corr, datatype: float64}
# - {name: g_mag, unit: mag, datatype: float64}
# - {name: bp_rp, unit: mag, datatype: float64}
# - {name: filter, datatype: int64}
# - {name: memberprob, datatype: float64}
# meta: !!omap
# - comments: [deg deg mas/yr mas/yr mas/yr mas/yr dimless mag   mag   zeroone float]
# - __serialized_columns__:
#     bp_rp:
#       __class__: astropy.units.quantity.Quantity
#       unit: &id001 !astropy.units.Unit {unit: mag}
#       value: !astropy.table.SerializedColumn {name: bp_rp}
#     g_mag:
#       __class__: astropy.units.quantity.Quantity
#       unit: *id001
#       value: !astropy.table.SerializedColumn {name: g_mag}
#     pm_corr:
#       __class__: astropy.units.quantity.Quantity
#       unit: !astropy.units.Unit {unit: ''}
#       value: !astropy.table.SerializedColumn {name: pm_corr}
#     pmx:
#       __class__: astropy.units.quantity.Quantity
#       unit: !astropy.units.Unit {unit: mas / yr}
#       value: !astropy.table.SerializedColumn {name: pmx}
#     pmx_e:
#       __class__: astropy.units.quantity.Quantity
#       unit: !astropy.units.Unit {unit: mas / yr}
#       value: !astropy.table.SerializedColumn {name: pmx_e}
#     pmy:
#       __class__: astropy.units.quantity.Quantity
#       unit: !astropy.units.Unit {unit: mas / yr}
#       value: !astropy.table.SerializedColumn {name: pmy}
#     pmy_e:
#       __class__: astropy.units.quantity.Quantity
#       unit: !astropy.units.Unit {unit: mas / yr}
#       value: !astropy.table.SerializedColumn {name: pmy_e}
#     x:
#       __class__: astropy.units.quantity.Quantity
#       unit: &id002 !astropy.units.Unit {unit: deg}
#       value: !astropy.table.SerializedColumn {name: x}
#     y:
#       __class__: astropy.units.quantity.Quantity
#       unit: *id002
#       value: !astropy.table.SerializedColumn {name: y}
# schema: astropy-2.0
x y pmx pmy pmx_e pmy_e pm_corr g_mag bp_rp filter memberprob
[from data line 5950]
0.03524052 -0.006298137 -11.64798 -3.752703 3.618708 2.543668 -0.09147194 20.45773 0.5298576 0 0.0
0.08695558 -0.06936354 -5.748493 3.371075 0.6315042 0.4247021 -0.2575264 18.8206 1.242702 1 0.0
0.009170731 -0.008296834 -3.092738 -5.786521 1.004806 0.521871 -0.2262563 18.37397 nan 0 0.0
-0.002730912 0.00941151 -2.424302 -4.607049 0.2837996 0.2037536 -0.1420453 16.63475 0.6903734 0 0.0
0.1119359 -0.01021973 -0.8998746 -4.132348 1.929734 2.041541 -0.482518 19.93361 1.370468 1 0.1767237
-0.07456587 -0.07229111 -5.483261 0.1669937 1.595876 1.033939 -0.397826 19.91838 1.258512 0 0.0
0.02185781 -0.0004030737 1.686286 -2.803772 2.635625 2.294706 -0.3376109 19.73902 nan 0 0.0
0.02856138 0.02758307 -2.516124 -8.311943 1.516062 1.075619 -0.584153 19.70954 0.8679695 0 0.0
0.03697774 -0.124688 -8.105609 -1.019295 1.414842 1.010036 -0.4825785 19.79756 1.589096 1 0.01128377
0.003994837 -0.0659784 -6.136136 -3.241516 2.380075 1.553677 -0.5478626 20.39177 1.090855 0 0.0
-0.07971702 -0.01006351 -4.464183 -6.247131 0.489487 0.4734516 -0.2422984 18.05728 nan 0 0.0
-0.0294962 -0.04407638 -4.536983 -4.168797 0.342627 0.2555521 -0.4361402 17.81275 1.289501 1 0.9699089
-0.03109083 -0.03510868 -2.734535 -15.78067 1.70995 1.198322 -0.6404082 19.82234 1.021778 0 0.0
-0.000475547 0.005100951 -3.092836 -2.430529 0.7169182 0.4545844 -0.1990828 17.75486 nan 0 0.0
0.006158339 0.01623198 -4.426776 -4.111561 0.3392516 0.2041218 -0.2605091 17.05246 0.6236572 0 0.0
0.02051923 -0.0005133162 -8.901106 -2.09981 1.461455 1.087228 -0.138208 19.03106 0.8997192 0 0.0
0.01667675 -0.03465007 -4.14936 -4.142112 0.3922466 0.2487332 -0.3888344 17.82739 1.136757 0 0.0
-0.01488891 0.01381222 -4.385169 -4.29863 0.2361607 0.1837062 -0.2207915 16.96357 0.4431 0 0.0
-0.01907814 -0.01764092 -3.538553 -4.802351 0.3536197 0.2339953 -0.4918999 17.65725 1.300051 0 0.0
0.075112 0.04860757 1.863705 1.4421 3.614498 2.560632 -0.2771285 20.7569 nan 0 0.0
0.03919223 -0.0125753 -2.048796 -6.582117 0.5573699 0.3712089 -0.2547188 18.28608 1.220856 0 0.0
0.04874858 0.01657856 -4.07894 -4.6287 0.229557 0.1491536 -0.2760599 17.03649 0.480711 1 0.9943535
-0.0185373 -0.01091929 -3.284443 -4.719357 0.2090132 0.1475383 -0.3883506 16.66489 0.6744919 0 0.0
-0.1003204 -0.003290811 -0.6050376 -8.110974 0.8077915 0.5279741 -0.3736768 19.04785 1.729698 1 0.0
-0.07271484 -0.05576019 -2.680419 -1.829747 1.031742 0.6647352 -0.440073 19.35232 1.471792 0 0.0
0.02660534 0.02276203 -4.458692 -5.092906 1.070133 0.680455 -0.4552581 19.3748 0.9407825 0 0.0
-0.01682361 -0.01771667 -4.039228 -4.65494 0.1218238 0.0824731 -0.4649502 15.39005 1.52781 0 0.0
0.03025624 0.01266693 -4.96656 -3.633291 1.539512 1.130315 -0.5864569 19.74351 0.8404293 0 0.0
0.002238682 0.02974386 -2.531366 -2.417101 1.562639 1.157558 0.02741589 19.61838 nan 0 0.0
0.09859524 -0.04118754 -4.078453 -2.942081 0.8378466 0.4703064 -0.1330749 18.8569 0.8535347 1 0.04371855
0.03311807 0.04707046 -8.111439 -3.794645 1.652947 1.009113 -0.3012501 19.94696 0.9631729 0 0.0
-0.001718453 0.03669044 -3.722749 -2.475178 1.235951 0.7554401 -0.1978791 19.53178 0.8964138 0 0.0
0.02425121 0.01700646 -3.930996 -5.168776 2.934668 2.014312 -0.692356 20.07306 1.152523 0 0.0
-0.00023436 0.008732544 -4.397284 -3.770012 0.40699 0.1904914 0.01667327 16.01578 nan 0 0.0
-0.02109061 -0.02085726 -4.072497 -6.012566 2.437526 1.572551 -0.7145673 19.89851 0.9626083 0 0.0
-0.1150695 -0.05647017 0.01837271 -3.596387 1.068019 0.7788769 -0.4221408 19.58843 1.265068 1 0.0001037265
0.03922929 0.01180822 -0.7682066 -5.834211 2.173517 1.605195 -0.580966 20.15062 0.8438606 0 0.0
0.0009595174 -4.126599e-05 -3.861519 -7.745573 1.110674 0.7987857 -0.2311539 17.22932 nan 0 0.0
0.07196704 -0.02108003 -3.848704 -1.191633 0.865382 0.5714863 -0.2502889 19.21409 nan 0 0.0
-0.02044875 -0.03133605 -6.014228 -2.846847 2.849681 2.025592 -0.6640883 20.11294 nan 0 0.0
-0.01871878 -0.008466482 -3.962437 -4.093337 0.5289446 0.3977991 -0.4283486 17.89277 nan 0 0.0
-0.01287449 -0.1252826 -1.593887 -0.6105083 1.706948 1.192582 -0.4648512 20.00374 1.400213 0 0.0
0.1228762 -0.04395145 1.918375 -8.112763 1.381976 0.9087876 0.01184021 20.13428 1.597727 0 0.0
-0.01062563 -0.02533728 -3.357869 -5.093142 1.573625 1.164877 -0.6048674 19.73054 0.9568672 0 0.0
0.03021058 -0.01050352 -2.769085 -6.064482 1.047893 0.5972043 -0.1054896 19.20252 1.10038 0 0.0
-0.00326055 -0.01392301 -13.63003 -2.807464 2.270419 1.358012 -0.7419322 19.20649 nan 0 0.0
-0.01094634 0.02384175 -6.438831 -3.308186 1.319604 0.5800553 -0.2116745 19.19259 0.9783306 0 0.0
0.008627233 -0.01599483 -4.397513 -4.652117 0.1555013 0.1100412 -0.2426909 16.48017 nan 0 0.0
0.04029144 0.05754968 -9.289703 -9.092782 3.800942 3.517477 -0.1276034 20.82462 nan 0 0.0
0.03793864 0.01156857 -4.051612 -4.419763 1.021711 0.7016552 -0.4102913 19.44044 1.023561 0 0.0
-0.02437123 -0.05288646 -4.01743 -2.877542 0.7790515 0.5253796 -0.4671697 18.85655 1.286598 0 0.0
0.02570522 0.0359612 -0.3300176 -4.428592 1.29246 0.8440237 -0.4637659 19.64271 nan 0 0.0
-0.01254359 -0.01812017 -4.18785 -4.608506 0.0956472 0.0672859 -0.3308422 12.82407 2.068315 1 0.9983556
-0.06532031 0.03075645 -4.30142 -4.839933 0.5779358 0.377471 -0.5001539 18.33834 1.583374 1 0.9571073
-0.00176576 -0.003234182 -5.40761 -2.552928 0.3476322 0.2097695 -0.1881474 16.84212 0.8033972 0 0.0
0.05132621 0.01140027 -3.982358 -5.30789 0.2950265 0.1948409 -0.2790062 17.63587 1.277096 1 0.6268073
-0.03413333 0.001926871 -5.795432 -5.359147 0.9155512 0.642475 -0.4341391 19.09826 1.25856 0 0.0
0.005742437 -0.05835294 -4.892288 -2.323635 3.648743 1.983548 -0.5357734 20.50268 1.408953 0 0.0
-0.01051207 0.02385707 -5.738977 -5.377247 1.361662 0.7051549 -0.06812708 19.39833 1.482466 0 0.0
-0.07271087 0.01366733 -4.056204 -11.56366 0.6231765 0.4339444 -0.4788086 18.67752 1.519159 1 0.0
-0.02138292 -0.01059581 -16.65506 4.591547 1.040053 1.064252 -0.5791473 18.82701 nan 0 0.0
0.02724648 -0.005039721 -7.78964 -10.61645 2.374841 1.802645 0.05540391 19.4297 1.051819 0 0.0
0.002660915 0.02958363 -3.993302 -4.843514 0.1829759 0.1146218 -0.2547425 16.76029 0.5074711 0 0.0
0.01123442 0.003627625 -7.01719 -6.365032 0.47221 0.3543653 -0.3530576 16.84813 0.526227 0 0.0
-0.002128676 0.03703756 -1.896421 -6.343717 2.348225 1.100599 -0.02958119 20.09293 0.957468 0 0.0
-0.03294201 -0.01937004 -6.073374 -2.087318 2.745725 1.77979 -0.6757243 20.14589 nan 0 0.0
-0.02088278 -0.03106151 1.1726 -9.728633 1.625721 1.250468 -0.592641 19.73153 0.912384 0 0.0
0.03093643 -0.004774145 0.6587656 -5.783154 1.825765 1.539327 -0.06981554 19.93489 1.418518 0 0.0
0.004833651 0.04843575 -4.08009 -4.050262 1.641587 0.944251 -0.3169311 19.96812 1.093065 0 0.0
0.005925685 -0.02716781 -8.48603 -3.130776 2.318013 1.151324 -0.2457451 19.81565 nan 0 0.0
0.01150884 -0.0152895 -4.200299 -4.771382 0.05472424 0.03616406 -0.2224738 13.5446 1.752818 1 0.9970263
0.01643413 0.01259501 -4.128583 -4.158308 0.0815037 0.05231603 -0.2467075 15.04658 1.491789 0 0.0
0.02527839 0.05795307 -4.086467 -2.923785 2.936045 1.667358 -0.181977 20.81389 0.9510193 0 0.0
-0.09634992 0.003527527 2.484477 -5.677841 2.275988 1.600703 -0.5071494 20.30858 1.730583 0 0.0
-0.01199583 0.02392932 -2.305854 -8.050254 2.273779 0.9611816 -0.1791442 19.87661 0.8572464 0 0.0
0.03211787 -0.005404074 -0.4268422 -2.868526 1.673908 1.24601 -0.0989081 19.67113 0.8055077 0 0.0
-0.005554959 -0.1258959 -6.839382 -7.771072 1.346608 0.8798229 -0.4489352 19.59663 1.501328 1 3.312336e-05
0.00246705 0.004349416 -4.881386 -2.080934 0.5916842 0.4464414 -0.1285371 16.4347 nan 0 0.0
-0.01430073 0.02841118 -12.44395 -8.349574 3.139722 1.466021 0.07800606 20.04835 nan 0 0.0
0.01760547 -0.03212877 -5.736984 -4.540925 2.204968 0.9523109 -0.2830117 19.92688 0.9837322 0 0.0
-0.0415357 -0.02326537 -4.024836 -8.508973 0.3897679 0.2681886 -0.4370371 17.98744 1.200264 1 0.0
0.02131512 -0.0005135414 -5.921398 -5.56709 0.5682167 0.4105225 -0.4041059 18.43151 0.6609745 0 0.0
0.01063618 0.03663629 -9.3711 -2.723794 1.405339 0.8716578 -0.3270164 19.90808 1.268036 0 0.0
-0.05136912 0.02345469 -5.28767 -7.485303 3.065046 2.190371 -0.4428602 20.46075 1.128765 0 0.0
-0.03531663 -0.02021419 -6.504528 -2.984591 2.733676 1.834825 -0.6611553 20.1737 1.059937 0 0.0
-0.04344774 -0.07225861 -4.99233 -3.490024 0.4899546 0.3224287 -0.4732812 18.25838 1.326466 1 0.2542798
-0.1166153 -0.02375009 -30.73036 -14.55381 0.5323201 0.3916537 -0.3162947 18.65249 1.762897 0 0.0
-0.01444563 0.02910543 -4.291765 -4.761912 0.5643987 0.2665803 -0.2263701 17.95921 1.172884 0 0.0
0.0226899 -0.00033466 -1.529212 -4.669669 0.7644934 0.4503272 -0.4131255 18.58295 1.044594 0 0.0
0.06236487 -0.0423001 -0.7291364 -3.060141 0.9956527 0.5786902 -0.2345748 19.27452 0.9934273 0 0.0
0.01022941 0.06153868 -4.225053 0.8746145 3.258279 2.592275 -0.2887318 20.69351 1.383036 0 0.0
0.08671914 -0.01423705 -0.1376815 -6.306081 1.019404 0.6977715 -0.2646928 19.47266 1.272305 0 0.0
0.01169284 0.004619375 -6.12322 -2.240278 0.4844575 0.3224489 -0.2790886 15.16805 1.319599 0 0.0
-2.931751e-05 -0.02571417 -4.253232 -4.390576 0.1445796 0.1007395 -0.3947317 16.04913 1.420317 1 0.9955833
0.02295504 -0.0008420966 -0.222469 -1.005774 1.312107 0.9168353 -0.2492297 18.73495 1.020859 0 0.0
-0.01013992 0.03698731 -0.8824751 0.6211064 0.9392527 0.5583378 -0.3506021 19.2588 1.573818 0 0.0
0.05728525 0.01260134 -4.050331 -4.686191 0.1966912 0.1284782 -0.2847543 17.04408 1.35391 1 0.9939266
0.0283183 0.02287202 -7.708642 -3.309967 1.805451 1.343688 -0.5711191 19.90096 0.9710636 0 0.0
0.02362283 0.01339414 -9.102403 -1.176197 2.325901 1.860886 -0.7053276 19.80765 0.7867222 0 0.0
-0.01769148 -0.01844929 0.6411943 -5.861013 1.296068 0.8904686 -0.6794233 19.11081 1.023895 0 0.0
0.03636748 -0.01948228 -4.388734 -4.722511 0.3638584 0.2217715 -0.2588195 17.89673 1.283897 1 0.9882735
0.08841375 -0.0690372 -6.141424 -4.770743 1.161019 0.807103 -0.3030767 19.69637 1.522518 1 0.4633119
0.02137944 0.0134139 -2.765956 -7.586321 0.4520338 0.3066055 -0.2640709 15.90705 1.384303 0 0.0
-0.1075329 -0.0187772 -3.314206 -6.824448 0.3713265 0.2809641 -0.3412607 17.8646 1.373312 1 0.0
-0.09820419 0.01041444 -4.805575 -3.648404 0.4476047 0.3043226 -0.3693103 18.29673 1.406437 1 0.3604423
0.07185907 -0.02054206 -6.910428 -1.239995 0.270531 0.1743408 -0.2189411 17.47175 1.189421 1 0.0
-0.1014804 -0.001549077 -10.33702 -9.510782 0.3993028 0.2894076 -0.3127768 16.52856 1.479308 0 0.0
-0.04356304 -0.01979135 -9.714808 -1.859621 2.277444 1.492302 -0.7056056 19.91875 1.235132 0 0.0
0.04755425 -0.0212205 -0.184563 -4.722258 1.549794 0.8295571 -0.06477133 19.64233 0.8815746 0 0.0
-0.05265983 0.02341182 1.248659 -2.829495 3.736957 2.605038 -0.5801114 20.52728 0.8233223 0 0.0
0.05847424 0.05198716 -1.666275 -3.647912 4.336026 2.145783 -0.0680316 20.7382 0.8030834 0 0.0
-0.00485481 0.02811105 -6.080386 -4.182882 1.142301 0.6122188 -0.3040201 19.37756 0.9698563 0 0.0
-0.09413627 0.007715106 -8.076015 -0.1068344 1.1791 0.7617943 -0.4733329 19.48477 1.581633 1 9.737386e-06
0.01820557 0.006304154 -3.785531 -4.966448 1.647826 1.203316 -0.7327559 18.93761 nan 0 0.0
-0.009290132 -0.004608036 -4.736693 -4.946677 0.2638657 0.1544137 -0.3377354 15.21362 1.268998 0 0.0
0.01349822 -0.01509529 -2.470985 -3.783777 0.3152789 0.2000992 -0.2555072 16.40929 0.7567139 0 0.0
0.0002601145 0.006813751 -8.938994 0.3707774 0.7486662 0.498381 -0.2522054 15.3545 0.3084764 0 0.0
0.01506052 0.01926339 -6.11485 -3.141492 1.866486 1.232321 -0.4890426 19.68819 nan 0 0.0
-0.02401714 -0.03009353 -3.949695 -5.208992 0.4955212 0.3575304 -0.4506724 18.3243 0.3040466 0 0.0
-0.1102904 -0.01293714 1.461191 -4.408755 1.248018 0.7790253 -0.3289389 19.62993 1.184895 0 0.0
0.1224568 -0.01342551 2.410467 -5.332209 4.074896 2.206569 -0.07408041 20.75654 1.658386 1 0.2278743
-0.004455062 0.0007749512 -3.432273 -4.712477 0.5733745 0.4269935 -0.3881235 16.20123 1.168111 0 0.0
0.03740859 0.01282769 -3.569409 -4.884505 1.440812 1.050688 -0.5857608 19.63331 0.8871098 0 0.0
0.07992148 -0.0009084502 -5.067416 -4.196024 1.805748 1.584431 0.309423 19.86268 nan 0 0.0
-0.0527196 -0.04492854 -5.320948 -4.65596 0.645019 0.4374576 -0.4414772 18.71155 1.161352 1 0.8281924
0.08054076 0.01407502 -3.485701 -5.347987 0.7192035 0.4528787 -0.2495669 19.01442 1.127857 1 0.8272223
0.02798045 0.02263182 -1.18428 -9.800762 2.326329 1.501287 -0.6465716 20.04226 0.6665096 0 0.0
-0.006767466 -0.03158911 -10.15933 -4.444257 2.44682 1.581878 -0.5284327 19.96305 0.9231472 0 0.0
-0.003948909 0.007042528 -3.74312 -4.524183 0.1336286 0.08993387 -0.2635606 15.4091 1.27168 0 0.0
0.04469519 0.01554734 -14.84751 -0.2561988 3.133627 1.762956 -0.3751799 20.19873 0.9439812 0 0.0
0.04921717 -0.05849881 -5.410517 -4.404683 0.7894396 0.5267027 -0.2784825 18.99336 1.260902 1 0.8409027
0.008268022 0.006202937 -4.055146 -4.655576 0.1167814 0.07328793 -0.2626552 15.31553 1.175196 0 0.0
-0.03986294 -0.01784758 -10.41458 -2.431583 2.800205 2.067362 -0.5341547 20.0233 nan 0 0.0
-0.02817967 -0.02002802 -7.047513 -2.635463 1.8311 1.184626 -0.6747643 19.59408 1.166559 0 0.0
0.03393804 -0.006747661 -4.750772 -4.627409 1.09165 0.8924145 -0.2770895 19.40189 1.071518 0 0.0
0.1266525 0.01467033 -3.846326 -3.243678 0.5045325 0.3301745 0.02495472 18.64253 1.169249 1 0.01371978
-0.02819245 -0.0181283 -4.528592 -4.345253 0.1662703 0.1164743 -0.4119096 16.53425 1.468522 0 0.0
0.03280577 0.02309904 -3.9495 -4.832163 0.9846886 0.6128353 -0.4345745 19.23287 nan 0 0.0
-0.005812042 -0.07172726 -5.50819 -3.976941 0.603922 0.3721221 -0.5089799 18.40574 1.322794 1 0.7875079
0.1049668 -0.05254505 -4.095371 -2.047714 0.7593191 0.5291907 -0.2087988 19.0463 1.130226 1 0.0003361388
0.09154619 -0.001009674 -12.7745 1.449233 2.014016 1.348933 -0.2258053 20.4055 1.556843 0 0.0
0.04727465 0.01284111 -2.161224 -6.043879 2.529305 1.57221 -0.3671909 20.4696 0.5145416 0 0.0
-0.01770576 -0.009156693 -6.662588 -13.16056 0.6893282 0.5169279 -0.3310222 17.87651 nan 0 0.0
-0.02591377 -0.01832202 -4.323765 -4.535493 0.2286659 0.1441106 -0.3460363 16.90269 0.5815716 0 0.0
0.06431955 -0.01206648 -6.298603 -4.320474 3.8625 1.994839 -0.1728463 20.55714 0.4463463 0 0.0
-0.07767312 -0.004488056 -5.182094 -3.528766 1.5274 0.9932027 -0.5186559 19.83946 1.075781 0 0.0
-0.006912703 -0.02529488 -7.13842 -2.974409 2.286894 1.808129 -0.6564574 19.94415 nan 0 0.0
0.01827987 0.01411282 -3.849557 -4.283664 0.2346045 0.1397505 -0.2607671 17.10382 1.235867 0 0.0
0.1274549 -0.00261165 -6.515286 1.112183 0.3790058 0.2404308 -0.05612164 18.04789 1.517136 1 0.0
-0.05498955 -0.07158729 -4.812708 -4.423737 0.3920362 0.2549137 -0.3542658 18.0248 1.360685 1 0.9334719
0.00777297 0.0006144594 -1.066787 -9.272147 0.9049462 0.6600345 -0.6725958 16.62337 nan 0 0.0
0.02437311 0.05755283 -3.196499 -9.772415 2.417599 1.476123 -0.3102555 20.56852 1.630693 0 0.0
0.03929049 0.0134981 -6.329561 -2.204641 2.712969 2.408324 -0.5723698 20.42455 0.7809944 0 0.0
0.01807712 0.0235161 -8.854169 -3.349214 1.525435 1.006015 -0.4719888 19.73588 0.9275169 0 0.0
0.009269124 0.007099272 -11.80198 1.993711 1.709329 1.454189 -0.6657637 18.9695 nan 0 0.0
0.0302928 0.01358626 -4.021726 -4.812003 2.681583 1.959006 -0.697415 20.12779 nan 0 0.0
0.04976529 0.03975217 2.025001 -4.495597 2.856754 2.041839 -0.309145 20.61961 1.308437 0 0.0
0.1075056 -0.02212265 -0.510704 -3.452281 3.458262 1.910731 -0.1792675 20.58258 0.4800072 0 0.0
0.01651468 0.04923133 -6.077009 -6.778843 2.862424 1.933602 -0.2738667 20.64006 0.1801186 0 0.0
-0.1149188 -0.02939319 -3.701038 -1.624374 0.1259625 0.096897 -0.2519749 16.19513 1.284492 1 0.0
0.04159438 0.01381728 -5.621026 -3.823421 1.632558 1.066002 -0.4963835 19.93942 1.035183 0 0.0
0.03727318 -0.01650727 -3.051085 -3.796954 0.8052503 0.5187628 -0.1806808 18.95216 1.47776 1 0.7573298
0.04925156 0.02926591 -6.470695 -2.017004 0.8035439 0.5183621 -0.4651087 19.02385 1.156397 0 0.0
0.05075125 -0.03548197 -3.607818 -3.858237 1.863789 0.961116 -0.2624369 19.8396 1.030178 0 0.0
