scripts/get_globular_clusters/output/NGC_6749.csv
# %ECSV 0.9
# ---
# datatype:
# - {name: x, unit: deg, datatype: float64}
# - {name: y, unit: deg, datatype: float64}
# - {name: pmx, unit: mas / yr, datatype: float64}
# - {name: pmy, unit: mas / yr, datatype: float64}
# - {name: pmx_e, unit: mas / yr, datatype: float64}
# - {name: pmy_e, unit: mas / yr, datatype: float64}
# - {name: pm_corr, datatype: float64}
# - {name: g_mag, unit: mag, datatype: float64}
# - {name: bp_rp, unit: mag, datatype: float64}
# - {name: filter, datatype: int64}
# - {name: memberprob, datatype: float64}
# meta: !!omap
# - comments: [deg deg mas/yr mas/yr mas/yr mas/yr dimless mag   mag   zeroone float]
# - __serialized_columns__:
#     bp_rp:
#       __class__: astropy.units.quantity.Quantity
#       unit: &id001 !astropy.units.Unit {unit: mag}
#       value: !astropy.table.SerializedColumn {name: bp_rp}
#     g_mag:
#       __class__: astropy.units.quantity.Quantity
#       unit: *id001
#       value: !astropy.table.SerializedColumn {name: g_mag}
#     pm_corr:
#       __class__: astropy.units.quantity.Quantity
#       unit: !astropy.units.Unit {unit: ''}
#       value: !astropy.table.SerializedColumn {name: pm_corr}
#     pmx:
#       __class__: astropy.units.quantity.Quantity
#       unit: !astropy.units.Unit {unit: mas / yr}
#       value: !astropy.table.SerializedColumn {name: pmx}
#     pmx_e:
#       __class__: astropy.units.quantity.Quantity
#       unit: !astropy.units.Unit {unit: mas / yr}
#       value: !astropy.table.SerializedColumn {name: pmx_e}
#     pmy:
#       __class__: astropy.units.quantity.Quantity
#       unit: !astropy.units.Unit {unit: mas / yr}
#       value: !astropy.table.SerializedColumn {name: pmy}
#     pmy_e:
#       __class__: astropy.units.quantity.Quantity
#       unit: !astropy.units.Unit {unit: mas / yr}
#       value: !astropy.table.SerializedColumn {name: pmy_e}
#     x:
#       __class__: astropy.units.quantity.Quantity
#       unit: &id002 !astropy.units.Unit {unit: deg}
#       value: !astropy.table.SerializedColumn {name: x}
#     y:
#       __class__: astropy.units.quantity.Quantity
#       unit: *id002
#       value: !astropy.table.SerializedColumn {name: y}
# schema: astropy-2.0
x y pmx pmy pmx_e pmy_e pm_corr g_mag bp_rp filter memberprob
[from data line 2858]
-0.01529198 0.06958338 -2.8012 -5.094627 1.14466 1.253374 0.7060109 19.46102 2.18297 0 0.0
-0.05439257 0.06339733 2.759508 -3.998961 1.893924 2.092382 0.7773564 20.07448 1.946222 0 0.0
-0.01709194 0.02080607 -2.862886 -4.117675 1.635251 1.791726 0.4522567 20.49647 2.093224 0 0.0
-0.07290565 0.06793917 -2.52002 -4.6465 1.747378 2.07415 0.4693183 20.59731 1.273617 0 0.0
-0.03597184 0.01438348 0.7490592 -2.418839 1.174363 1.214546 0.6494413 19.47679 2.030565 0 0.0
-0.0774542 -0.02283551 -4.66663 -5.399748 1.554663 1.605239 0.3008037 20.25045 1.837811 0 0.0
-0.06717616 -0.04499826 -1.422361 -0.544975 2.017767 2.059291 0.2484944 20.41757 1.638704 0 0.0
-0.05506494 0.02113993 2.512291 -4.45291 2.715604 2.717032 0.1423162 20.70499 2.342167 0 0.0
-0.02087431 -0.005167208 -2.264124 -4.319051 0.5311319 0.5442563 0.3348426 18.85517 2.993944 0 0.0
-0.050399 6.740408e-05 -2.0665 -6.562571 1.377176 1.487117 0.3831985 20.28732 1.881603 0 0.0
-0.05173912 0.06278403 -2.642615 -5.969305 1.074581 1.104004 0.7244846 19.18904 2.684837 0 0.0
-0.04847711 0.01224947 -1.128159 -6.161291 1.211176 1.23822 0.2776037 19.98389 2.073088 0 0.0
-0.01669527 0.03799688 -3.371564 -5.056345 1.876644 2.257177 0.4790205 20.44492 2.198627 0 0.0
-0.09553871 0.02540093 -1.291296 -3.02033 2.100385 2.293016 0.3711775 20.67784 1.747196 0 0.0
0.005630783 0.04543916 -9.023955 -3.723797 1.85568 1.957908 0.7304972 19.93267 2.346327 0 0.0
-0.03780267 -0.0223234 -0.9961015 -4.049096 0.2073628 0.2082358 0.3400764 17.54903 2.209129 1 0.0
-0.02419779 0.07281095 -3.252455 -5.369737 1.038151 1.190009 0.4430247 19.99276 1.937265 0 0.0
-0.07638429 0.0305243 -2.091161 -2.218045 1.663632 1.773662 0.6877086 19.85624 1.864788 0 0.0
-0.04704387 0.001857475 -3.127962 -7.752225 0.2917232 0.2937041 0.3857826 17.80991 2.813276 1 2.724556e-05
-0.09017319 -0.02297771 -0.5885397 -1.212433 0.4885566 0.4539198 0.4216852 18.36694 2.235121 1 0.0
-0.03493543 -0.01587221 0.1191216 -9.173057 0.7054591 0.6870514 0.009541865 18.55998 2.128746 0 0.0
-0.006538853 0.007263226 -2.723791 -5.952115 0.2325551 0.2489903 0.4423002 17.07956 nan 0 0.0
-0.01788509 0.008301977 -11.11484 -13.92597 2.004501 2.238725 0.1315197 20.43006 nan 0 0.0
-0.07644577 0.01993518 -1.594459 -4.804415 1.567825 1.663485 0.3932555 20.25396 2.429232 0 0.0
-0.04063883 -0.003113715 -4.722396 -6.148361 1.259624 1.304985 0.6740844 19.50339 2.267595 0 0.0
-0.04024147 0.03312578 3.449722 -2.769905 1.652483 1.728889 0.7347744 19.87041 1.815392 0 0.0
-0.01355382 0.02989551 -2.330013 -5.511734 0.3489203 0.3575735 0.3500108 18.3121 2.726242 1 0.8769713
-0.0910883 -0.02447779 -2.753908 -5.011947 0.4960339 0.4759024 0.4717849 18.55897 2.403938 1 0.2873837
-0.04588472 0.006501957 -1.345037 -3.50105 1.504518 1.695091 0.130666 20.36284 2.33967 0 0.0
0.005691817 0.0353258 -1.128937 -4.708687 1.19715 1.246751 0.7043632 19.3036 1.942923 0 0.0
-0.08877032 -0.02655656 -0.6797691 -3.792121 0.4621477 0.4429438 0.2831171 18.72913 2.215534 0 0.0
-0.06141092 -0.03232307 -2.052561 -2.143139 0.5570687 0.5422978 0.0714552 18.80103 2.566677 0 0.0
0.006820282 0.04548494 -4.965161 -9.065344 2.366005 2.602539 0.5865743 20.55353 2.600229 0 0.0
0.02637089 0.03761875 -3.850794 -9.504037 1.607942 1.762721 0.5085376 20.31643 nan 0 0.0
-0.01928814 0.006437082 -2.002185 -4.220669 1.658551 1.844763 0.3644001 20.45732 2.056551 0 0.0
-0.04701305 0.0134811 5.123036 6.11743 1.879335 1.812404 0.6228441 19.87844 2.126966 0 0.0
-0.005837299 0.01867048 -2.813409 -6.413651 0.1719715 0.1682613 0.2722797 16.9885 2.840645 1 0.9241829
-0.01693939 0.02610409 -2.109262 -6.289698 0.2271276 0.2282379 0.3157999 17.48738 2.801378 1 0.1736287
-0.06064864 -0.03964946 -4.581931 -6.231143 0.9882178 1.064992 0.6604208 19.23621 2.245144 0 0.0
-0.009985314 0.02655905 -4.011651 -4.416006 1.754478 1.982329 0.6683388 20.05787 nan 0 0.0
-0.08153903 0.02638929 -0.2089259 0.1414753 1.707128 1.870485 0.4109345 20.49768 1.822548 0 0.0
-0.04673811 0.02930374 -0.3096852 -2.759622 1.452854 1.578304 0.5865942 20.10036 1.592007 0 0.0
-0.03944865 0.0249703 -3.841501 -7.786746 1.417852 1.596841 0.4053843 20.30245 2.039442 0 0.0
-0.003519224 0.03806487 -4.31804 -6.709838 0.9662025 1.007253 0.7261703 19.16265 2.24408 0 0.0
0.01224931 0.04065771 -2.396828 -5.698516 1.202463 1.295818 0.7183942 19.50371 2.467718 0 0.0
-0.02840713 0.04845132 -2.534655 -6.923401 2.134511 2.512729 0.7297818 20.47956 2.019236 0 0.0
-0.06479671 -0.03600866 -3.101172 -5.125405 0.5164236 0.5101282 0.161642 18.84872 2.786978 0 0.0
0.02649289 0.03720581 0.1359498 -3.715913 1.420851 1.427027 0.6466706 19.41752 2.218687 0 0.0
-0.003976727 0.03769318 0.6486383 -6.51385 1.199825 1.345563 0.477744 20.13574 nan 0 0.0
-0.06488639 0.01263684 -2.452396 -5.596369 1.174378 1.223613 0.710226 19.41875 2.478731 0 0.0
-0.01166273 0.04203278 -0.4164448 -1.153936 1.449507 1.725491 0.4322564 20.44549 1.492811 0 0.0
-0.08901443 -0.02856785 -3.093783 -6.313893 1.149121 1.265929 0.3761831 20.01099 1.981083 0 0.0
-0.06958524 -0.0314089 -1.920061 -5.023119 0.3566434 0.3544257 0.1930132 18.38984 2.563927 1 0.05804122
-0.05311155 0.06466842 -2.572553 -6.504417 1.214445 1.301537 0.3822692 20.15867 nan 0 0.0
-0.07894742 0.006574678 -2.462875 -0.6254543 1.300382 1.470169 0.7456855 19.45057 1.78171 0 0.0
-0.03118323 0.01538403 12.51318 -5.35758 0.1739262 0.2081476 0.5492693 16.94844 2.381248 0 0.0
-0.05341827 0.01000752 0.5883219 -4.642744 1.637049 1.666437 0.6720176 19.59951 2.2701 0 0.0
0.0009948004 0.02275983 -3.914977 -5.127046 1.366306 1.398138 0.6884577 19.5633 1.922169 0 0.0
-0.04631153 0.01381832 -4.314352 -8.785046 1.230759 1.328034 0.6659823 19.69164 2.061375 0 0.0
-0.04011998 0.0112771 -0.5191261 -5.252753 1.873571 1.931854 0.4507499 20.16783 nan 0 0.0
-0.05268456 0.06458603 -1.681989 1.905339 1.11126 1.191931 0.7404762 19.44345 2.109875 0 0.0
-0.004861279 0.02048413 -6.050387 -10.53291 1.129671 1.231214 0.3548471 20.07315 2.650757 0 0.0
-0.06168528 -0.02798408 -3.479649 -5.541647 1.52964 1.604539 0.5364849 19.69804 2.181238 0 0.0
-0.02099623 0.001777926 -2.068143 -5.483178 1.908244 2.120743 0.4876733 20.29432 nan 0 0.0
-0.09548048 -0.02459175 -1.29821 -4.52187 0.4408142 0.4300742 0.249635 18.71569 2.238943 1 0.001138202
-0.02730992 -0.0001374403 -4.034657 -7.807992 0.9648945 1.06613 0.2486908 19.88749 nan 0 0.0
0.005081847 0.0241007 -3.622879 -9.814531 0.2870348 0.2932895 0.3682218 17.9438 1.809933 1 0.0
-0.05683278 0.05644787 0.5396691 -2.422157 1.726321 1.992847 0.6399567 20.36381 1.594124 0 0.0
0.0001407891 0.03062287 0.6499908 -5.406031 1.983707 2.555154 0.619646 20.47377 nan 0 0.0
0.01212733 0.03770597 -0.7446526 -0.7123091 1.403939 1.520715 0.7624114 19.69138 2.08411 0 0.0
-0.08852386 0.02118162 -2.68604 -6.425498 0.4690185 0.4816548 0.3040097 18.78209 2.230953 0 0.0
0.002794309 0.03125289 -2.846412 -12.26638 2.63987 2.996607 0.6270299 20.65982 2.896214 0 0.0
-0.07227 -0.04696822 -12.60636 2.875165 1.328931 1.142374 0.2720113 18.98615 2.101933 0 0.0
-0.0485374 0.03710305 1.521617 0.4285881 1.588748 1.896527 0.3286231 20.58374 1.748846 0 0.0
-0.03505636 0.03684809 4.667465 0.4036513 1.657783 1.957728 0.5744288 19.79469 nan 0 0.0
-0.09304034 -0.02379867 -2.837159 -4.924688 1.59405 1.647074 0.626732 19.55619 2.712204 0 0.0
-0.05552215 0.03026876 -6.596114 -10.63282 1.182983 1.301039 0.4103337 20.20978 2.32892 0 0.0
-0.07852114 -0.009593936 -2.615913 -5.917304 0.650161 0.6139037 0.2371992 18.55161 2.752132 0 0.0
-0.0714444 0.003115136 -1.380443 -6.497619 1.331614 1.393919 0.310875 19.96939 2.068832 0 0.0
-0.07144553 -0.02423147 -2.220723 -5.016523 0.4564093 0.4803584 0.277443 18.5012 2.357794 1 0.3830132
-0.08266675 0.04253373 -4.786075 -2.229628 1.707355 1.803308 0.3063103 20.39292 2.227104 0 0.0
-0.08916572 -0.004816226 -5.112307 -5.260118 0.128062 0.1155378 0.03899644 15.84657 2.855852 1 0.0
-0.02395451 0.0230697 -1.530703 -2.678878 1.974455 2.463095 0.5740719 20.50812 1.81469 0 0.0
-0.02209407 0.0162993 -3.262481 -5.031529 0.2805954 0.2847989 0.3237072 17.96068 2.245667 1 0.07899032
-0.07382521 -0.03830093 -0.5996734 -4.25348 1.047786 1.1341 0.6248827 19.33828 2.521898 0 0.0
-0.07470626 0.04249642 -4.785239 -6.488496 0.1721377 0.1661866 0.2675805 16.27357 3.42235 1 0.0
-0.06476336 0.03975337 3.12868 0.2620902 1.52929 1.721461 0.773661 19.97785 2.146065 0 0.0
-0.07104704 0.02380902 -2.208344 -5.672594 1.578856 1.664137 0.3958217 20.23209 1.874441 0 0.0
-0.03301196 0.08208557 -4.141755 -3.949991 0.6545326 0.7434794 0.6378503 19.11627 1.809269 0 0.0
-0.05686567 -0.01546286 -2.886666 -3.865133 0.4793568 0.4553633 0.08241393 18.73455 2.257961 0 0.0
-0.01825124 -0.005082719 -0.4073908 -11.57955 2.28595 2.55778 0.4478211 20.60586 2.818535 0 0.0
0.0272553 0.04300654 -9.678504 -12.81344 1.865846 1.935362 0.7332739 19.75826 3.224966 0 0.0
-0.009741307 0.02743345 -3.39693 -5.333743 1.501985 1.607352 0.6851021 19.74307 nan 0 0.0
-0.09392492 -0.02470676 -2.069322 -3.084163 1.236463 1.225571 0.6696927 19.35987 2.536697 0 0.0
0.01478071 0.05265507 -2.502948 -3.665376 0.4195183 0.4366339 0.3632113 18.68034 1.900827 0 0.0
-0.09691327 -0.01084804 -1.64832 -5.6999 0.3918174 0.3642525 0.2228047 18.25117 3.235298 1 0.08264424
-0.04137121 -0.01848383 -3.575161 -5.47042 1.23011 1.299341 0.6791296 19.54143 2.129559 0 0.0
-0.01696957 0.05804907 -1.085538 -5.65016 2.876312 3.625917 0.6913689 20.67022 nan 0 0.0
-0.04246889 -0.003795309 5.729324 -3.840277 3.125806 2.852167 0.06519607 20.76882 1.577349 0 0.0
-0.02306973 0.04238492 -2.591013 -7.448393 1.482837 1.595273 0.6729486 20.00838 nan 0 0.0
-0.011175 0.0006662081 -0.6946222 -4.34061 1.238703 1.322137 0.7269962 19.48871 2.50901 0 0.0
-0.01724445 0.02006685 -5.109784 -12.47469 1.782277 2.158164 0.6840146 20.38285 1.946686 0 0.0
-0.02917014 0.01907567 -5.417579 -10.30557 0.6719517 0.7949983 0.5902238 18.92788 1.872871 0 0.0
-0.07678265 -0.0109704 8.414894 4.032117 3.252999 3.559598 0.5663609 20.74603 1.538235 0 0.0
-0.05927603 -0.03835513 -0.6159723 -4.56277 1.35442 1.51216 0.6387946 19.70576 2.127981 0 0.0
-0.0866336 0.006084858 -3.015877 -6.207868 0.4278813 0.4202464 0.1929249 18.52386 2.647869 1 0.8041597
-0.05918375 -0.01534834 -1.129187 -6.854072 2.557793 2.968178 0.5674437 20.39446 1.46924 0 0.0
-0.005867682 0.05257872 1.068425 -2.971461 0.4458201 0.4599465 0.29723 18.76754 2.03969 0 0.0
-0.05311396 -0.01274739 -3.354928 -8.876703 1.498984 1.604937 0.6570963 19.8364 1.744232 0 0.0
-0.0791934 -0.03682095 -1.620084 -5.292776 1.346655 1.541574 0.7803681 19.48334 2.690472 1 0.3209327
-0.01465163 0.05357167 -7.045072 -10.21568 0.9059436 1.006832 0.6935502 19.10155 2.620253 0 0.0
0.01084625 0.04944974 0.1709438 -2.452876 1.133857 1.279405 0.3309977 19.99413 1.886328 0 0.0
-0.08696831 0.02181001 -1.274742 -3.486539 1.685705 1.910257 0.4187673 20.50504 2.050104 0 0.0
-0.01428557 0.06094607 -0.4617075 -1.653496 1.63113 1.476913 0.09510964 20.07009 2.244316 0 0.0
-0.02895649 0.02786521 2.642739 0.810241 1.11236 1.1311 0.6340303 19.33202 2.463232 0 0.0
-0.0932542 -0.0303901 -0.7845632 -2.629768 2.116772 2.193055 0.4944744 20.34952 2.315168 0 0.0
-0.05125264 0.01297505 -2.144175 -3.743451 1.112207 1.241199 0.6966149 19.44563 2.258217 0 0.0
-0.01376713 0.05392416 -1.631528 -0.5809752 0.5213675 0.5829822 0.4631112 18.93143 1.89756 0 0.0
-0.04201111 0.007235711 1.890137 -1.518236 2.178551 2.346123 0.5248987 20.25443 2.411905 0 0.0
-0.08584119 -0.00605331 -0.1168563 -1.652403 0.7232931 0.7227219 0.3750444 19.04717 2.394661 1 0.0
-0.08004732 -0.03430237 -2.781759 -3.868489 0.3052794 0.2951899 0.3547844 17.93398 2.213297 1 0.0
-0.03941902 -0.01279771 -2.076553 -6.81851 0.6611536 0.6959211 0.2837145 19.12075 2.546103 0 0.0
0.01170039 0.02922768 -4.863518 -6.890091 0.2882521 0.3007916 0.37843 18.1742 2.923306 1 1.426117e-06
-0.02499092 0.06364771 -3.634078 -6.629041 1.437517 1.487255 0.7997556 19.49407 nan 0 0.0
0.001391298 0.03139618 -3.420201 -6.09885 1.446754 1.55233 0.7653979 19.71044 2.398369 0 0.0
-0.00785031 0.02270679 -12.7361 -8.475356 1.932293 2.35881 0.7187396 20.48145 nan 0 0.0
-0.01117479 0.03166456 -2.300309 -6.078652 0.3584742 0.3692128 0.3333285 18.41644 2.65188 0 0.0
-0.03725329 -0.005501196 -1.299176 -3.609792 1.965695 2.211085 0.3386815 20.75303 1.816467 0 0.0
-0.05045849 0.05098336 -3.942091 -4.667433 1.983429 2.318418 0.7011519 20.49187 1.747559 0 0.0
-0.01635997 0.01712107 3.579484 -1.581877 1.413589 1.564192 0.3708783 20.42415 2.079077 0 0.0
-0.002939731 0.03309444 -1.267515 -5.543734 0.4356495 0.4407252 0.3176481 18.48775 2.682961 0 0.0
-0.001445238 0.01326302 -3.487203 -5.947305 0.4582984 0.4688889 0.3730173 18.51582 nan 0 0.0
-0.03264739 0.00853036 -3.161349 -6.258879 1.393112 1.207638 0.1008416 19.98889 1.837957 0 0.0
-0.01276081 0.03123804 -3.104481 -4.162052 0.2613236 0.2655557 0.3130146 17.88628 2.063915 1 0.0
-0.03005352 0.08214822 0.3122517 -4.434248 0.4312466 0.4719017 0.334973 18.83523 2.025002 0 0.0
-0.05576648 0.02016506 -3.065234 -6.108059 0.1703965 0.1797221 0.3487124 16.64951 3.103257 1 0.9654191
-0.0214841 0.01307158 -2.413282 -0.07848466 1.221774 1.246148 0.6851432 19.26389 2.571171 0 0.0
-0.09056916 -0.01254246 -4.878508 -0.7554693 0.3194984 0.3031869 0.2379628 18.15409 2.037161 1 0.0
-0.07748192 0.03891597 -1.903914 -5.829466 1.176844 0.9807262 0.5796301 19.16623 2.636265 0 0.0
-0.06446098 -0.03024097 -2.100229 -6.298221 2.059001 2.1644 0.04555986 20.60048 1.412975 0 0.0
0.01231043 0.02500303 -3.130032 -5.735928 0.3260754 0.3342705 0.3489898 18.22325 2.634172 0 0.0
-0.001109732 0.0132393 -2.816199 -8.756072 1.322175 1.405609 0.740418 19.47846 nan 0 0.0
-0.09191071 -0.003222611 -2.256053 -6.586312 0.6026017 0.5930489 0.1787807 18.92889 2.618736 0 0.0
-0.09981012 0.001925046 1.986624 -1.752335 1.724782 1.674007 0.2982477 20.20513 1.629562 0 0.0
-0.08132948 -0.05813153 -2.404774 -7.447283 0.3538906 0.3609323 -0.07027171 18.20319 nan 0 0.0
-0.01745792 0.02403855 -2.979325 -6.035159 1.095486 1.154689 0.7250901 19.38306 1.967232 0 0.0
-0.08242517 -0.007693081 -0.8353036 -8.722741 1.27334 1.396617 0.6708052 19.6121 2.489948 1 0.002966438
0.01057182 0.03906864 -0.9981966 -6.247281 1.450713 1.654083 0.6922751 19.56757 1.755451 0 0.0
-0.02916974 0.04236129 -1.603757 -9.554915 1.253523 1.292754 0.6845173 19.42175 1.62879 0 0.0
0.05802859 0.07810917 0.3622719 -0.06790285 1.167269 1.369716 0.5511737 20.05727 1.749393 0 0.0
0.01096806 0.07924275 -4.472629 -3.79709 1.685782 1.913275 0.4795831 20.61182 1.702078 0 0.0
0.06464746 0.06497172 1.126578 -0.6304508 1.251081 1.194151 0.159005 20.12879 1.373833 0 0.0
0.05128818 0.07981544 -2.90816 -5.559855 0.9273477 1.003221 0.7131611 19.19273 1.880709 0 0.0
0.007308133 0.07934143 1.131908 -2.557761 1.23631 1.309474 0.7029479 19.66701 1.997141 0 0.0
0.04555436 0.07791413 -1.127679 -6.515376 0.3779766 0.3956331 0.2941598 18.57978 2.028994 0 0.0
-0.01373634 0.08903961 0.9047146 -6.393815 1.432247 1.614561 0.4880066 20.42835 1.587831 0 0.0
0.02923698 0.09008217 -2.90155 -4.596049 1.457828 1.565904 0.4193812 20.41366 1.880566 0 0.0
-0.0110829 0.09121004 1.241842 -1.393064 0.3345979 0.3480231 0.4036986 18.27376 1.974041 1 0.0
0.05205065 0.08018763 -6.424793 -6.910742 1.433373 1.624308 0.4503607 20.3884 nan 0 0.0
0.02124628 0.08403755 0.1335275 2.618727 1.554887 1.743767 0.3531052 20.46097 1.994665 0 0.0
-0.001018179 0.09810851 -4.424859 -1.797229 1.844329 2.109223 0.6385784 20.4304 1.765614 0 0.0
0.03210481 0.04262301 -1.912343 -3.670435 1.334758 1.40447 0.7502721 19.6785 2.333754 0 0.0
0.00255025 0.06883754 -3.19903 -5.958817 0.4142402 0.4311983 0.3600584 18.65149 2.322983 0 0.0
0.04933637 0.07478452 -6.472875 -4.781335 1.354548 1.429 0.09967561 20.10593 nan 0 0.0
0.05400256 0.08161224 -0.03101441 -2.773954 1.014769 1.096191 0.7155507 19.28637 2.143633 0 0.0
0.002763751 0.06665196 -8.257081 -4.750543 1.559681 1.754743 0.4114591 20.45988 1.692177 0 0.0
0.03292733 0.09237141 -3.667281 -6.927185 0.2070669 0.2105087 0.2572682 17.3918 2.697092 1 0.0003318835
