scripts/get_globular_clusters/output/NGC_5272_M_3.csv
# %ECSV 0.9
# ---
# datatype:
# - {name: x, unit: deg, datatype: float64}
# - {name: y, unit: deg, datatype: float64}
# - {name: pmx, unit: mas / yr, datatype: float64}
# - {name: pmy, unit: mas / yr, datatype: float64}
# - {name: pmx_e, unit: mas / yr, datatype: float64}
# - {name: pmy_e, unit: mas / yr, datatype: float64}
# - {name: pm_corr, datatype: float64}
# - {name: g_mag, unit: mag, datatype: float64}
# - {name: bp_rp, unit: mag, datatype: float64}
# - {name: filter, datatype: int64}
# - {name: memberprob, datatype: float64}
# meta: !!omap
# - comments: [deg deg mas/yr mas/yr mas/yr mas/yr dimless mag   mag   zeroone float]
# - __serialized_columns__:
#     bp_rp:
#       __class__: astropy.units.quantity.Quantity
#       unit: &id001 !astropy.units.Unit {unit: mag}
#       value: !astropy.table.SerializedColumn {name: bp_rp}
#     g_mag:
#       __class__: astropy.units.quantity.Quantity
#       unit: *id001
#       value: !astropy.table.SerializedColumn {name: g_mag}
#     pm_corr:
#       __class__: astropy.units.quantity.Quantity
#       unit: !astropy.units.Unit {unit: ''}
#       value: !astropy.table.SerializedColumn {name: pm_corr}
#     pmx:
#       __class__: astropy.units.quantity.Quantity
#       unit: !astropy.units.Unit {unit: mas / yr}
#       value: !astropy.table.SerializedColumn {name: pmx}
#     pmx_e:
#       __class__: astropy.units.quantity.Quantity
#       unit: !astropy.units.Unit {unit: mas / yr}
#       value: !astropy.table.SerializedColumn {name: pmx_e}
#     pmy:
#       __class__: astropy.units.quantity.Quantity
#       unit: !astropy.units.Unit {unit: mas / yr}
#       value: !astropy.table.SerializedColumn {name: pmy}
#     pmy_e:
#       __class__: astropy.units.quantity.Quantity
#       unit: !astropy.units.Unit {unit: mas / yr}
#       value: !astropy.table.SerializedColumn {name: pmy_e}
#     x:
#       __class__: astropy.units.quantity.Quantity
#       unit: &id002 !astropy.units.Unit {unit: deg}
#       value: !astropy.table.SerializedColumn {name: x}
#     y:
#       __class__: astropy.units.quantity.Quantity
#       unit: *id002
#       value: !astropy.table.SerializedColumn {name: y}
# schema: astropy-2.0
x y pmx pmy pmx_e pmy_e pm_corr g_mag bp_rp filter memberprob
[from data line 21543]
0.02419256 -0.1623209 2.286936 -5.934321 3.568668 2.496745 0.03950354 20.851 0.5080223 0 0.0
0.05880092 0.08214207 4.222311 -5.624042 2.650721 2.092986 -0.4234033 20.70871 0.8817883 0 0.0
-0.06329221 -0.01542003 2.665775 -0.5614314 1.317506 0.9754393 0.1543163 20.3488 0.694561 0 0.0
-0.02125812 0.08592924 -0.03883023 -2.545514 0.2575488 0.1635264 -0.03969464 18.22864 0.8407936 0 0.0
-0.03657295 -0.01797319 5.467459 3.207897 1.063022 0.890099 0.1588895 18.91264 0.4073601 0 0.0
0.1753886 0.1067727 -1.771864 -1.503055 1.746328 1.24791 -0.422637 20.56688 0.4284019 0 0.0
0.05056601 0.02220132 1.307795 -2.648764 1.278723 0.8537316 -0.5454753 20.04836 nan 0 0.0
0.05610595 -0.02188235 -0.3463303 -2.590165 1.528005 1.092947 -0.4867828 20.45812 0.8925743 0 0.0
-0.09921386 -0.0483248 0.3804186 -2.287934 0.3953612 0.2624177 0.09795292 18.7621 0.6346912 0 0.0
0.1410775 0.07960087 4.131148 -13.07233 0.8619655 0.4807305 -0.3159148 19.79627 1.756844 0 0.0
-0.05330083 0.01435774 -8.724695 0.2225983 2.262874 1.565721 0.1071135 20.21315 0.6938305 0 0.0
0.06030827 -0.02073755 -0.01145073 -2.161239 0.7595655 0.3387054 -0.09863865 19.38484 nan 0 0.0
-0.1472994 -0.0008636661 -0.08314129 -2.559586 0.08481892 0.04870524 -0.07810398 16.11266 1.012346 1 0.9999905
-0.05450481 0.07450848 2.799054 -5.247613 1.927535 2.29073 -0.2281001 20.62855 0.4587231 0 0.0
0.1238318 0.005515036 0.4469502 -3.022836 0.4071905 0.236881 -0.3468099 18.75684 0.7216301 1 0.9998303
0.001680194 0.1017161 0.3403458 -2.319492 0.8686877 0.5744149 -0.1035011 19.92753 0.6867981 0 0.0
0.03554241 0.1534016 1.721905 -3.872213 1.964466 1.428958 -0.5518872 20.44334 0.723835 1 0.9979457
0.08176017 -0.0655001 0.07979869 -2.704326 0.2982069 0.1716981 -0.1403865 18.54342 0.6723747 1 0.9999727
-0.3215251 -0.2163967 -19.02794 -23.93531 2.001067 1.234018 -0.02515789 20.64551 1.287638 0 0.0
0.07004656 -0.06615507 -0.2441984 -2.900534 0.8701489 0.4266166 -0.1060402 19.80423 0.7040157 0 0.0
0.04051431 -0.01743007 0.1380585 -2.443754 0.4368131 0.2831045 0.0129094 18.96251 0.5563736 0 0.0
0.04430003 0.04877551 0.04988973 -3.038633 0.09067495 0.05750053 -0.06362932 15.46373 0.7758417 0 0.0
0.02661408 -0.006253592 1.635335 -3.527046 0.5649421 0.3797908 -0.07184592 18.86534 0.6030331 0 0.0
-0.004227149 -0.04633214 -3.155769 0.4729463 1.155134 0.5560208 0.09328602 19.63104 0.7014885 0 0.0
-0.1208214 -0.009840695 -1.495739 -1.289511 0.9337349 0.4444269 -0.1440293 19.52368 0.6561813 0 0.0
-0.09924113 -0.04875393 2.277964 -2.272217 1.535875 0.7545782 0.1031323 20.07454 nan 0 0.0
-0.0707869 0.06149092 -0.6759061 -2.408485 1.009953 0.7211762 0.04692312 20.11377 0.5167122 0 0.0
0.3754889 -0.04043408 -36.00178 -30.21877 1.146094 0.796663 -0.06922968 20.36246 1.794928 0 0.0
-0.0556636 -0.03730922 0.6105795 -0.5693165 1.447263 1.249844 -0.29122 20.3918 0.467762 0 0.0
0.1121457 -0.03901932 0.8906674 -2.496431 1.080997 0.5955231 -0.5050305 20.00337 0.6507187 0 0.0
-0.05970598 0.05811572 -0.2174362 -2.928351 0.5149443 0.3335933 -0.02520524 19.0845 0.5096226 0 0.0
-0.03684803 -0.07556547 -0.5143318 -3.416619 0.7624699 0.478664 -0.0630204 19.69029 0.4469566 0 0.0
0.08911168 0.0583538 -1.31701 -2.078367 0.7396253 0.3790585 -0.4960091 19.31816 0.7221642 0 0.0
-0.1399361 -0.02671251 0.5348014 -3.140951 0.6233438 0.36246 -0.0535011 19.51529 nan 0 0.0
0.04120931 -0.04370544 -0.5393741 -2.032476 0.9751181 0.6093986 0.07009512 19.85521 0.4226227 0 0.0
0.03233554 0.03133612 1.803851 -1.345299 1.702803 0.7357668 -0.4609352 19.774 0.543457 0 0.0
0.003560586 0.02260131 -5.457832 -2.156486 0.7059654 0.3389148 0.1126929 18.01716 0.6612549 0 0.0
0.009291432 0.02850109 25.42241 8.084368 1.534286 0.7968303 0.2649328 19.25237 0.571003 0 0.0
0.0344046 -0.01676466 -7.621802 0.9103732 3.761525 2.257992 -0.7078027 20.2897 nan 0 0.0
0.03739639 -0.009622531 -0.09588783 -2.64472 0.2514191 0.1564154 -0.04052846 17.8329 0.7887039 0 0.0
-0.07690571 -0.03163113 0.2617332 -3.073622 0.5083176 0.330687 -0.2451793 19.16709 0.4941902 0 0.0
-0.1090584 -0.1658077 0.7711939 -4.12506 2.238627 2.268317 -0.3681139 20.48365 0.9764843 0 0.0
-0.01925285 -0.02580932 0.7698525 -2.994904 0.5952735 0.39487 -0.2483004 18.71264 0.6019402 0 0.0
0.07845232 -0.02478261 0.3706593 -6.498945 2.200021 1.333804 -0.3269077 20.55315 0.4744682 0 0.0
0.03162542 -0.01774208 -0.1617518 -2.550301 0.04668296 0.03065908 -0.06236242 14.52235 1.153115 1 0.9999961
0.005813028 0.06849411 -0.0433103 -2.7466 0.1066049 0.06586828 0.03928358 15.64733 0.3210297 0 0.0
-0.01649137 0.02971122 0.2482349 -2.841503 0.4336057 0.2508069 -0.05105411 18.5041 0.7001324 0 0.0
-0.3875433 -0.2518266 0.2880262 3.024734 1.095763 0.5847059 -0.06826249 20.15848 1.598261 0 0.0
-0.1455863 -0.2508941 0.1094401 -2.488637 1.179765 0.5458323 0.02227962 19.97325 0.5468998 0 0.0
0.03812533 0.01683838 4.825831 -6.405216 0.6158623 0.4080717 -0.1544332 18.09478 0.5715199 0 0.0
-0.0919613 -0.07982547 -0.3827428 -3.609812 0.7011025 0.4226886 -0.02295827 19.60773 0.6561317 0 0.0
-0.02614032 0.08846901 -1.463425 -4.020134 1.375571 1.451725 -0.02263772 20.31085 0.552702 0 0.0
0.01072629 0.04092951 -2.184635 -2.079715 2.244462 1.312101 0.5973202 19.97395 0.5878735 0 0.0
-0.05049466 -0.04066302 3.494461 -4.237164 0.793424 0.5118681 -0.1646452 19.65111 0.5304108 0 0.0
0.055124 -0.01860032 -0.3694661 -2.825451 0.6869826 0.4181693 -0.1579492 19.69777 0.3966675 0 0.0
0.04378806 0.02127896 -0.2125831 -2.596084 0.5922569 0.3903829 -0.3143759 19.07592 0.4785442 0 0.0
-0.05075393 0.06294619 -0.3313288 -2.452908 1.486337 1.278846 -0.2154892 20.38596 0.5879326 0 0.0
0.1118562 0.2214704 -0.6044515 -3.043189 1.323653 0.8835999 -0.2416222 20.14639 0.7116699 0 0.0
-0.124939 0.03938705 2.56518 -1.700807 1.597432 1.667284 -0.3631454 20.54656 0.4510479 0 0.0
-0.06852477 -0.05077711 0.03261692 -2.699282 0.5350008 0.3252016 -0.03525337 19.22197 0.5353603 0 0.0
0.04110534 -0.01798679 -3.658437 -1.490272 1.28965 0.9762186 -0.2200595 20.00392 0.6981354 0 0.0
0.005534925 -0.001278606 -0.208154 -2.21821 0.1088383 0.06919738 0.08642129 14.12516 0.9725895 0 0.0
0.01851842 -0.007630512 1.40744 -2.309241 0.3043027 0.2053139 0.1021102 16.39344 0.8143797 0 0.0
-0.01317384 -0.05897903 0.7958679 -2.263848 1.259594 0.5686217 -0.3195126 19.78627 nan 0 0.0
0.03835347 0.0169777 8.666018 -6.974663 1.630352 0.8936718 -0.7211983 19.3893 nan 0 0.0
-0.01430212 0.04116072 1.045076 -3.298287 0.95001 0.4213212 0.1170801 19.40201 0.6205235 0 0.0
0.1133404 -0.1774055 -1.396655 -3.7691 1.486012 0.9359406 0.05015169 20.4199 0.6401501 0 0.0
-0.00826815 -0.02364972 0.2737946 -2.619016 0.2034209 0.1249311 -0.05788261 17.54551 0.7393551 0 0.0
-0.02039631 0.1030113 2.258171 -2.62343 1.937617 1.652073 -0.4721627 20.53189 0.6619129 0 0.0
0.01156659 -0.03475399 0.338829 -2.433558 0.5419407 0.2915325 0.1968285 18.64544 0.6792603 0 0.0
-0.05561626 0.05291788 0.05723419 -2.703745 0.2687136 0.1656454 -0.1108458 18.07706 0.8269119 0 0.0
-0.009885114 0.06052742 -0.273819 -2.493073 0.3652263 0.2285971 0.006762928 18.66493 0.6127567 0 0.0
-0.1197751 -0.07019995 -3.291766 -5.963491 1.283001 0.9678142 -0.03675981 20.35056 0.6216946 1 0.2872988
0.01210502 -0.1639613 -2.100852 -1.000467 0.9516892 0.4891908 -0.1113161 19.7949 0.5866585 0 0.0
0.03883919 -0.02648107 -0.1672314 -2.671093 0.06679289 0.04188822 -0.05531584 15.62706 0.5809784 1 0.9999961
-0.06298137 -0.05732084 2.070777 -6.998796 2.023857 2.336286 -0.2036914 20.73126 0.736433 0 0.0
-0.04370506 0.04206903 1.624494 -2.174514 0.4367091 0.256508 -0.006321848 18.88339 0.5561943 0 0.0
-0.05042766 -0.04099874 -5.928465 -5.934284 3.403261 2.497446 -0.191381 20.55672 nan 0 0.0
-0.08035356 -0.02703758 0.8854968 -3.399866 0.5454522 0.3522904 -0.3683547 19.08201 0.5964851 0 0.0
0.3905302 -0.1465148 -0.2892765 -2.848798 0.5602547 0.3339558 -0.08454863 19.23225 0.5742702 1 0.997194
0.03836779 0.05157319 -0.8677142 -0.397212 2.546575 2.650275 -0.4894727 20.56064 0.2045918 0 0.0
0.04149467 -0.01781116 -13.58538 11.43071 3.358505 1.878178 -0.1857675 20.21268 0.3900204 0 0.0
0.0265197 -0.004649535 1.308559 -11.69054 0.7278161 0.6299622 0.4906972 18.85963 nan 0 0.0
-0.05270072 -0.0206138 -0.0639334 -2.174777 0.4103248 0.2607342 -0.1802244 18.88788 0.5368557 0 0.0
0.0838883 -0.05561074 -0.1908491 1.204963 2.602852 2.044632 -0.541936 20.8189 0.06585884 0 0.0
-0.03293966 0.05048799 0.1521702 -2.484946 0.3793098 0.2322301 -0.04673355 18.74951 0.4336033 0 0.0
-0.01332154 -0.0584564 -1.106342 -2.617927 0.7204311 0.4196994 -0.1986084 19.49217 0.6486931 0 0.0
-0.1172072 -0.08060931 0.5529998 -2.416486 0.3761155 0.2448808 0.04447997 18.64858 0.6128922 1 0.999773
0.002580192 0.04556767 0.5137317 -4.616605 1.179429 0.6069792 0.05937205 19.43785 0.5382271 0 0.0
0.08844377 0.02264767 -2.697174 -1.908687 3.628219 1.983661 -0.5045774 20.78469 0.7979126 0 0.0
-0.01293779 0.004159889 -1.550827 -2.513131 0.4304512 0.2917029 0.3103173 17.198 0.6065073 0 0.0
-0.04702319 -0.05650133 6.085819 -7.090059 1.885934 1.831368 -0.256902 20.59231 0.3082123 0 0.0
0.1830852 -0.141309 -0.06467509 -2.441414 0.640045 0.3596672 -0.2213842 19.31039 0.6748295 0 0.0
0.004301726 -0.04915692 -0.4483397 -1.892707 1.09338 0.5728929 0.1591213 19.89861 0.5166817 0 0.0
0.01947633 -0.03296756 0.4460913 -2.243971 0.58264 0.2843949 0.0007126668 18.84191 0.6062565 0 0.0
0.0687977 -0.02538822 1.468542 -0.9856569 0.9230755 0.5368055 -0.1392313 19.94608 0.7588367 0 0.0
0.03636338 -0.01203569 0.4397729 -2.924198 0.4196246 0.2622002 0.08656525 18.84561 0.6456261 0 0.0
0.2162661 -0.1429995 -11.67759 -2.139043 0.1643289 0.1109522 -0.4886631 16.76385 0.8961525 1 0.0
-0.0844479 -0.02527583 0.2452122 -0.1416448 0.6963865 0.9018162 0.06471862 19.35947 0.4230251 0 0.0
0.05944735 -0.06601467 0.4599964 -2.734365 0.1837773 0.1042683 -0.1269945 17.51831 0.9260159 1 0.9997757
-0.01333427 0.0539341 0.7819148 -1.65753 0.729643 0.4378367 0.1981411 19.38483 0.5172653 0 0.0
-0.03917827 0.05361435 -1.829864 -3.060522 1.374628 0.6993793 -0.08020019 20.16462 0.5011806 0 0.0
-0.02184123 -0.009626874 -4.838492 -0.6297708 0.6451356 0.4514954 0.02882486 18.14049 0.7389221 0 0.0
-0.08246859 -0.05301023 -0.418003 -2.958963 0.6762285 0.4213008 -0.06589493 19.68386 0.6050243 0 0.0
-0.1557884 -0.04027838 0.9657056 -3.37083 1.345842 1.36521 -0.2272656 20.44662 0.8575859 1 0.9983809
-0.05448032 -0.008323857 -2.917963 -4.120549 1.856987 2.526447 -0.1331695 20.64401 0.9351635 0 0.0
-0.001230297 0.1010352 0.2770212 -2.269506 0.4794904 0.3059154 -0.02673713 19.22573 0.7179565 0 0.0
0.0005004738 -0.01855933 5.167515 0.4890195 1.279628 0.6454305 0.406494 18.7115 nan 0 0.0
0.07219596 -0.02664862 -0.05078141 -2.544249 0.8081164 0.363991 -0.04379855 19.58732 nan 0 0.0
0.1493099 0.02571807 -0.426317 -2.609558 0.5113754 0.3104258 -0.2588485 18.97115 0.6596317 1 0.9998718
0.03778577 0.02800578 -2.792188 -7.351028 0.5129552 0.3757367 -0.1030515 17.35119 0.83531 0 0.0
-0.03553091 0.006259321 -1.459511 -4.956112 1.48031 1.250551 0.409256 19.8492 0.734457 0 0.0
0.05313636 0.008898821 -0.2661623 -2.316838 0.4766723 0.2916734 -0.3008175 18.86073 0.5563087 0 0.0
0.002366244 0.01134029 4.721503 -1.596756 0.9829768 0.5051116 0.03758837 14.79208 0.7769718 0 0.0
-0.04858792 -0.0414917 0.1255041 -3.038952 1.158287 0.7623359 -0.4841165 20.05634 nan 0 0.0
-0.1593257 -0.07063051 -1.110654 -2.645853 0.5036892 0.2570745 -0.02757023 18.97862 0.6668053 1 0.9993522
0.004137829 0.02055475 1.137018 -2.987308 0.5650231 0.2529283 -0.03456575 18.33114 0.6227283 0 0.0
0.1646645 0.0258171 0.02256856 -2.582886 0.1217164 0.0685314 -0.1823229 16.72112 0.9693394 1 0.9999803
0.09305987 -0.03721435 -2.215165 -4.329223 3.9131 2.44702 -0.5468961 20.95294 0.6698132 0 0.0
-0.05416399 -0.01989209 0.3070042 -3.352672 0.8282987 0.6121596 -0.1185046 19.67239 0.4508648 0 0.0
0.01896521 -0.1794594 -2.129296 -2.025796 1.809445 1.009821 -0.5500232 20.33341 0.7878361 0 0.0
0.05330532 0.01994246 -0.1919268 -2.636763 0.0647857 0.03930283 -0.107195 15.23859 1.070572 1 0.9999959
-0.02574801 0.04693833 -1.726572 -2.907236 0.6135512 0.3069015 0.1789484 18.78019 0.5204906 0 0.0
-0.1003797 0.06795974 2.807547 -3.419724 1.397914 0.9759714 -0.2180546 20.38758 0.5328045 0 0.0
0.0918517 0.02421841 -0.3099821 -3.510385 0.9453211 0.5393569 -0.3675804 19.9845 0.7238026 0 0.0
0.00865947 0.04250669 -0.3327839 -3.53238 1.115519 0.5052223 0.1147904 19.64349 0.5465889 0 0.0
-0.02857118 -0.02186282 -0.3025666 -2.885039 0.4471915 0.2306761 -0.1494149 18.37651 nan 0 0.0
0.04127717 0.09229614 -0.6176089 -2.656121 1.01016 0.6485931 -0.2152165 19.9536 0.4853859 0 0.0
0.05257239 0.009222789 0.3731303 -3.073954 0.4856121 0.2755721 -0.2708714 18.96182 0.5769863 0 0.0
0.2990869 -0.1419021 -6.446098 -1.887052 0.7069131 0.4031404 -0.3155018 19.39484 0.7741051 0 0.0
-0.01819061 -0.0176842 -10.96199 4.549559 1.097977 0.7259934 -0.2514722 18.53798 0.3783607 0 0.0
0.01413664 -0.07229601 -1.329216 0.1865005 4.558492 3.556772 -0.5299888 20.88693 0.6543064 0 0.0
-0.03173515 -0.04989995 16.63077 -11.49151 2.101645 1.283171 -0.1229005 19.69151 0.6370487 0 0.0
0.04518829 -0.02029111 -1.071625 -3.239862 2.074721 1.0949 -0.3878572 20.24155 0.6543789 0 0.0
-0.1078264 0.06747114 -0.09334086 -2.560593 1.348691 0.9420806 -0.3856894 20.21076 0.600132 0 0.0
-0.0271779 -0.03448411 -1.110311 -1.474627 0.9649798 0.5513368 -0.3675889 19.43837 0.5793743 0 0.0
-0.02736816 0.06082995 -0.2935388 -2.320802 0.6477938 0.3855513 -0.09130256 19.46392 0.4312572 0 0.0
0.04331842 -0.04489097 0.8695031 -2.612225 1.193679 0.6026324 -0.1412213 20.1238 0.3284798 0 0.0
-0.2064471 -0.06078749 -0.1368141 -1.892768 1.989602 2.887715 -0.3789606 20.73788 0.8259869 0 0.0
-0.07272639 -0.02750848 -0.140262 -2.714842 0.04701041 0.03090458 -0.1294313 14.50728 1.071531 1 0.9999953
-0.06273439 0.01962909 -0.3074647 1.744788 2.014311 3.352164 -0.1004805 20.7337 0.5339622 0 0.0
0.1777229 0.02651911 0.4325484 -2.786881 0.6050266 0.3373122 -0.303408 19.32925 0.6785812 1 0.9997512
0.08578366 -0.02408457 -8.089943 2.007589 1.396448 0.7471678 -0.09948818 19.88759 0.5809422 0 0.0
-0.05268024 0.04761205 -0.2018559 -2.290374 0.3479078 0.2063143 -0.1079639 18.54663 0.5762959 0 0.0
-0.04761025 0.01221689 -1.514823 -2.665711 0.6478859 0.4681909 0.2073196 19.13985 0.6564407 0 0.0
-0.009797168 -0.004122155 -0.2639386 -2.479868 0.2391208 0.1417766 -0.02369496 15.47609 0.6309519 0 0.0
-0.08395109 0.05941007 1.386339 -2.498681 0.9284628 0.6217804 -0.1693573 19.93514 0.4808559 0 0.0
-0.01223534 0.04197108 0.2520053 -2.813768 1.174395 0.5401297 0.1802225 19.66235 nan 0 0.0
0.00624234 0.06881457 -0.07519592 -2.428352 0.997942 0.5605214 -0.3757282 19.29879 nan 0 0.0
0.1578368 -0.1761681 0.4496666 -2.840572 0.6079353 0.2986068 -0.1458541 19.35925 0.7291985 1 0.9994765
0.1041859 -0.04337237 -0.8829509 -0.1781501 1.13584 0.6845591 -0.3602367 20.28452 nan 0 0.0
-0.09876343 -0.06949488 -0.8908987 -2.750611 0.6734058 0.4047413 -0.03035901 19.69907 0.5897694 0 0.0
-0.08364192 -0.02492742 -0.2197824 -2.585764 0.0779865 0.04761966 -0.08590775 15.73998 0.5927143 1 0.999994
-0.03153363 -0.04977412 -2.930929 -0.3634863 2.733932 3.514501 -0.528107 20.57498 nan 0 0.0
-0.008380825 -0.09025429 -1.154814 -2.630434 0.9353006 0.5901352 0.01420587 20.0505 0.6761436 0 0.0
0.002086147 -0.08049852 1.341306 -0.04868735 1.474107 0.8915963 -0.2306128 20.03185 0.4886494 0 0.0
-0.03665665 0.05057695 1.279658 -4.945082 1.096215 0.6265066 0.01392636 19.45596 0.4568367 0 0.0
-0.2294417 -0.2535423 -1.822291 -7.071995 2.57357 1.820838 0.03963439 20.72836 0.5793858 0 0.0
-0.06278304 -0.06267298 3.392624 -5.916944 1.564291 1.121393 0.1659601 19.92261 0.1240139 0 0.0
0.02895357 0.03063133 -0.4375332 -2.362429 0.1729201 0.1029514 0.03562867 17.1946 0.8326321 0 0.0
-0.02046122 0.04476852 7.947987 -3.553206 3.139989 1.481198 0.2859201 20.35668 nan 0 0.0
0.04820352 0.02251684 1.638621 -6.574292 1.837317 2.021595 -0.461865 20.36508 nan 0 0.0
