scripts/get_globular_clusters/output/NGC_6637_M_69.csv
# %ECSV 0.9
# ---
# datatype:
# - {name: x, unit: deg, datatype: float64}
# - {name: y, unit: deg, datatype: float64}
# - {name: pmx, unit: mas / yr, datatype: float64}
# - {name: pmy, unit: mas / yr, datatype: float64}
# - {name: pmx_e, unit: mas / yr, datatype: float64}
# - {name: pmy_e, unit: mas / yr, datatype: float64}
# - {name: pm_corr, datatype: float64}
# - {name: g_mag, unit: mag, datatype: float64}
# - {name: bp_rp, unit: mag, datatype: float64}
# - {name: filter, datatype: int64}
# - {name: memberprob, datatype: float64}
# meta: !!omap
# - comments: [deg deg mas/yr mas/yr mas/yr mas/yr dimless mag   mag   zeroone float]
# - __serialized_columns__:
#     bp_rp:
#       __class__: astropy.units.quantity.Quantity
#       unit: &id001 !astropy.units.Unit {unit: mag}
#       value: !astropy.table.SerializedColumn {name: bp_rp}
#     g_mag:
#       __class__: astropy.units.quantity.Quantity
#       unit: *id001
#       value: !astropy.table.SerializedColumn {name: g_mag}
#     pm_corr:
#       __class__: astropy.units.quantity.Quantity
#       unit: !astropy.units.Unit {unit: ''}
#       value: !astropy.table.SerializedColumn {name: pm_corr}
#     pmx:
#       __class__: astropy.units.quantity.Quantity
#       unit: !astropy.units.Unit {unit: mas / yr}
#       value: !astropy.table.SerializedColumn {name: pmx}
#     pmx_e:
#       __class__: astropy.units.quantity.Quantity
#       unit: !astropy.units.Unit {unit: mas / yr}
#       value: !astropy.table.SerializedColumn {name: pmx_e}
#     pmy:
#       __class__: astropy.units.quantity.Quantity
#       unit: !astropy.units.Unit {unit: mas / yr}
#       value: !astropy.table.SerializedColumn {name: pmy}
#     pmy_e:
#       __class__: astropy.units.quantity.Quantity
#       unit: !astropy.units.Unit {unit: mas / yr}
#       value: !astropy.table.SerializedColumn {name: pmy_e}
#     x:
#       __class__: astropy.units.quantity.Quantity
#       unit: &id002 !astropy.units.Unit {unit: deg}
#       value: !astropy.table.SerializedColumn {name: x}
#     y:
#       __class__: astropy.units.quantity.Quantity
#       unit: *id002
#       value: !astropy.table.SerializedColumn {name: y}
# schema: astropy-2.0
x y pmx pmy pmx_e pmy_e pm_corr g_mag bp_rp filter memberprob
[from data line 4498]
-0.02459326 0.01675505 -5.073398 -5.645784 0.06974956 0.0637252 0.2434991 13.39239 1.833972 1 0.9950314
-0.03250112 0.06475669 0.6931635 -3.910392 1.698776 1.801208 0.5881833 20.01782 1.132416 0 0.0
-0.04923778 0.003305815 -5.302143 -5.917481 1.440165 1.514529 0.7148143 19.87946 0.8954506 0 0.0
-0.02940534 -0.01394326 -2.740291 -6.214536 0.6869708 0.721001 0.6015479 18.66888 1.087921 0 0.0
-0.0573172 -0.02244815 -4.436031 -3.927724 2.116163 2.122445 0.5148095 20.09329 0.9359055 0 0.0
-0.01695693 -0.00210306 -4.78262 -6.269514 0.3195157 0.3065932 0.4338016 16.80652 1.174485 0 0.0
-0.03946905 0.06911412 -3.471206 -1.723545 0.5496432 0.505099 0.2374174 18.61612 1.187222 0 0.0
-0.02932901 0.06878991 0.9516978 -16.3039 1.366505 1.417566 0.5718187 19.75052 nan 0 0.0
-0.08223133 -0.005709403 1.540024 2.751924 1.060315 1.116266 0.6161199 19.45785 0.7159271 0 0.0
0.03845021 0.06717669 2.227902 -3.063979 1.276066 1.302564 0.5494563 19.6949 1.10873 1 0.0
-0.0319262 0.04397444 -4.962853 -7.548192 0.7813952 0.8308966 0.5366886 19.10606 nan 0 0.0
-0.07645521 0.0231653 -1.559597 -8.248943 0.785473 0.7819205 0.4210166 19.45754 0.79496 0 0.0
-0.03601704 0.0177316 -6.233379 -6.078557 0.8322155 0.8763767 0.4610813 19.03622 0.9643078 1 0.8352945
-0.0256893 0.06266843 -6.584328 -3.893559 0.6101483 0.6098822 0.5067175 18.65105 1.000084 1 2.336509e-05
-0.05799222 0.02536102 -4.637708 -4.799639 0.09101688 0.08489617 0.4404895 15.19221 1.330577 1 0.0
-0.06823054 0.0255408 -3.427197 -4.684397 0.9552988 1.004738 0.6518272 19.25786 1.181917 0 0.0
0.0507627 0.03095772 -5.395742 -5.474052 0.5352522 0.5369062 0.4589526 18.53268 1.158094 1 0.8150929
0.03832844 0.02328867 -7.181745 2.652728 0.2693771 0.2717396 0.3821757 17.3368 0.9514256 1 0.0
0.0516139 0.03115178 -4.74789 -2.051013 1.848731 1.869308 0.4637961 19.5929 0.9748917 0 0.0
-0.009301471 0.01264186 0.9876145 1.355995 0.4090884 0.4880224 0.8415158 16.56048 1.232625 0 0.0
-0.04287205 0.06323031 4.136569 -8.597611 1.125157 1.121749 0.4488727 19.73401 0.8867569 0 0.0
0.03715359 0.05111355 -0.7575702 -4.06199 1.270757 1.26817 0.3996337 19.61967 1.256199 1 0.004193326
-0.006262956 0.07266636 1.013992 -3.172806 0.7036706 0.7169819 0.405822 18.73458 0.9937706 1 0.0
-0.02609746 0.04658174 -5.644951 -9.681515 0.9234151 0.98506 0.5542615 19.31816 1.161983 1 0.004703474
0.07004941 0.02503206 -2.58924 -3.731249 0.5000689 0.5141149 0.419571 18.45035 1.063805 1 8.624852e-06
-0.01867022 0.05481188 1.684603 -5.515374 1.210077 1.28358 0.5516451 19.55165 1.109995 0 0.0
0.05645828 0.02434729 -1.975982 -8.625076 0.1689049 0.2063671 0.7007651 15.32432 1.184527 1 0.0
-0.06945889 0.01312303 0.5052914 -2.441389 0.6999994 0.71256 0.6309381 18.91331 nan 0 0.0
-0.05157188 -0.01793954 -2.813733 -10.31089 2.074331 2.163033 0.7754489 20.14501 0.5730286 0 0.0
-0.01956218 0.004194479 -4.442325 -5.385213 0.6152766 0.6085716 0.4464291 18.35256 0.8784962 0 0.0
-0.0134537 0.01799717 -4.651837 -7.436785 0.3573811 0.3625614 0.4368754 17.14322 1.082355 0 0.0
-0.05383984 -0.01857028 -6.6631 -7.914942 0.4351391 0.4289899 0.5491454 18.102 0.8192291 0 0.0
-0.05694617 -0.03859172 -5.514766 -7.682208 3.140841 2.533533 0.212667 20.23406 nan 0 0.0
-0.007188577 0.03152098 -7.824471 -8.945297 1.045395 1.077359 0.4966537 19.14162 0.9845848 0 0.0
-0.03468506 0.04103992 1.427214 0.8259574 0.4057907 0.4205371 0.4184778 18.04376 1.018656 0 0.0
-0.0474336 0.004451188 -7.3574 -7.642915 1.93701 2.030965 0.7547886 20.16838 0.6950188 0 0.0
-0.07047819 -0.002418842 1.644278 -5.301776 1.071991 1.148152 0.7161691 19.13882 0.8909359 0 0.0
-0.05899208 0.05590847 -6.824123 -4.726725 0.7352094 0.6005158 -0.3050726 18.67967 0.8946915 0 0.0
-0.04252904 -0.007890735 -2.580742 -2.144259 0.8872689 0.9284977 0.6123605 19.21955 0.8086491 0 0.0
0.05221007 0.03633943 -3.801345 -13.96138 1.940948 1.938756 0.4386756 20.08104 0.7360477 0 0.0
-0.06668227 -0.01072438 -1.592719 -6.971993 2.450155 2.520888 0.6389221 20.3362 1.414967 0 0.0
-0.01868472 9.76798e-05 0.07881757 -8.752596 0.9074703 0.9210229 0.401905 18.82864 0.9031811 0 0.0
-0.008687773 0.06634903 -1.44915 -4.95969 0.7530606 0.7399758 0.5013103 18.83936 1.055193 1 3.052466e-05
0.02319808 0.05211766 -4.853387 -6.926239 0.6753431 0.7128001 0.5578327 18.80233 1.212063 0 0.0
-0.02773224 -0.005954751 6.856575 -1.277306 0.5159068 0.5286512 0.6563061 18.25212 1.024656 0 0.0
-0.07774393 0.02235167 -2.902184 -2.588672 0.6555963 0.6309529 0.3474161 19.11471 0.8368893 0 0.0
0.04871063 0.05173368 -6.901106 -3.524728 0.4981202 0.5154624 0.4866129 18.39665 1.108625 1 0.0
-0.07932809 -0.02379611 0.05875645 -3.885937 1.369231 1.460471 0.7119739 19.8034 nan 0 0.0
-0.0418318 -0.01046152 -4.768622 -6.134968 1.546067 1.580944 0.5691998 19.73033 1.533539 0 0.0
-0.02507712 -0.005187222 -3.077284 -3.499192 0.4220961 0.4242677 0.644147 17.80888 1.129534 0 0.0
-0.08070623 0.01862975 -4.133367 -5.318532 0.6983139 0.6890378 0.3851902 19.27054 0.6546154 0 0.0
-0.05024587 0.00792486 -0.7443433 -2.950689 0.1004836 0.09562467 0.4687946 15.47618 1.261856 1 0.0
-0.006440731 0.03268071 -5.889849 -1.37214 2.265642 2.424321 0.588531 20.15635 0.8791943 0 0.0
-0.06402498 -0.01367122 0.8958267 -3.276733 0.3310648 0.3220857 0.1642485 17.62608 1.147161 1 0.0
-0.07358994 0.01975734 -5.940834 -0.8683219 1.871134 1.975692 0.7650333 20.10399 0.760746 0 0.0
-0.006934402 0.08031477 -2.04969 -1.429799 0.197865 0.2005411 0.3438889 16.76381 1.088989 1 0.0
0.03900046 0.02682079 -3.10959 -6.476609 0.6991376 0.6757548 0.2063754 18.69105 0.9737225 1 0.04765889
0.06372238 0.04923718 1.417387 -12.47059 0.5280467 0.5429746 0.4750587 18.50895 nan 0 0.0
-0.01296998 0.06155344 -0.2585275 -9.237149 1.319298 1.406831 0.5861107 19.67362 0.9502964 0 0.0
-0.03691121 0.06050925 -5.38668 -4.008823 1.295762 1.39582 0.5894391 19.7513 nan 0 0.0
-0.002495824 0.07313193 -0.9970655 1.520989 0.9807562 1.019732 0.5240928 19.11293 0.8288403 0 0.0
-0.07336756 -7.891455e-05 -0.8443775 -5.690272 0.7011675 0.7020242 0.6158133 18.95064 0.8342381 0 0.0
-0.06665355 -0.04964572 -1.139512 -7.571247 0.3775816 0.3650549 0.5008046 17.93968 1.178188 1 0.0
-0.02690785 -0.00403571 -2.158542 -3.05744 1.045395 1.116356 0.8030391 18.98463 nan 0 0.0
0.00418738 0.08088714 -0.8867692 -6.313311 1.19391 1.275547 0.5846457 19.59438 0.834156 0 0.0
0.0132647 0.04033606 -4.580289 -6.657326 2.147628 2.130397 0.6202436 20.03986 nan 0 0.0
-0.06296237 0.01514957 3.759246 -3.580735 1.101766 1.1625 0.6320333 19.56909 1.459114 0 0.0
-0.04938208 -0.01573342 0.5554701 -7.799941 2.006574 2.043955 0.5679306 20.05901 0.7860737 1 0.0007828291
-0.03139194 -0.009015335 -4.719084 -5.695381 0.7082699 0.714367 0.6314181 18.80883 1.089106 0 0.0
0.02655121 0.05069385 2.163582 -2.859235 0.974187 0.9913422 0.399374 19.22909 0.9247475 1 0.0
-0.08124766 0.01852245 2.124012 -1.798344 0.7501294 0.7258967 0.3186846 19.29999 1.10648 0 0.0
-0.02492496 0.003968094 -5.206908 -5.459698 0.1870879 0.1755735 0.3428573 15.69461 1.239491 0 0.0
-0.08161919 0.001584855 -4.35641 -8.088595 1.682251 1.720603 0.4731453 20.01333 -0.01099014 0 0.0
-0.03023065 -0.01268468 -3.545128 -6.032017 0.6352868 0.6589198 0.6289638 18.74821 nan 0 0.0
-0.08209021 0.009240529 2.307393 -0.663857 1.201411 1.26628 0.4564763 19.41418 0.803793 0 0.0
-0.07378276 0.003220462 -0.0940257 -4.263715 0.4640948 0.4644364 0.5795411 18.32481 0.9242325 1 0.0
0.04762263 0.04307871 4.866648 -2.315082 0.5443434 0.562229 0.4766798 18.32839 1.076715 0 0.0
0.0350948 0.06380587 2.747431 -2.127494 0.7843982 0.8074841 0.5084327 19.01557 1.038048 1 0.0
-0.06333684 -0.002447893 3.336851 -5.799853 0.2291414 0.2232657 0.4956202 17.12909 1.024332 0 0.0
-0.0181287 0.05593732 -1.370074 -2.225702 1.467578 1.472733 0.3771832 19.748 nan 0 0.0
-0.01950988 0.0007498189 -5.681052 -5.913086 0.8847069 0.7824022 0.03887776 18.74727 1.169886 0 0.0
-0.04581948 -0.02627918 -0.3555326 -6.868774 0.9733367 0.9884771 0.4847483 19.29066 nan 0 0.0
0.05809875 0.04897393 -3.621251 -6.523871 0.4576857 0.4751712 0.4988361 18.08877 1.145414 1 0.0002351655
-0.03141296 0.05159256 1.172306 -5.346414 0.2596572 0.2573674 0.4700048 17.32659 1.073668 1 0.0
0.006918984 0.03249375 -3.478726 -5.11514 0.6303849 0.6465317 0.5980871 18.71774 1.183786 0 0.0
-0.02435097 0.07474994 -3.196256 -2.542873 0.5067397 0.4989907 0.4761032 18.33307 1.117538 0 0.0
0.05055288 0.02468647 -4.768404 -5.080147 0.7287448 0.7533862 0.5921244 18.69766 0.9105988 0 0.0
0.05246665 0.03401995 1.609211 -2.792612 0.4718532 0.4816379 0.4314155 18.22078 0.9198761 0 0.0
-0.01603052 0.007498702 -6.724123 -8.012965 0.3950531 0.3892248 0.4166831 17.89595 1.109158 0 0.0
0.04634381 0.06435012 -3.582425 -3.41919 1.237087 1.258628 0.3948416 19.5389 nan 0 0.0
-0.06269923 -0.02965387 -1.965803 -1.739781 0.8427217 0.8908919 0.636315 19.21552 0.4398346 0 0.0
-0.009972144 0.01496875 -8.813785 -8.752709 0.4903562 0.4943083 0.4211953 17.49367 1.049658 0 0.0
0.04226936 0.06853684 -3.102332 -2.526326 0.9312178 0.9756784 0.5186304 19.12633 0.6739063 0 0.0
-0.05979921 -0.01098278 -5.173433 -12.71467 0.9120487 0.9345333 0.5365243 19.22067 1.46278 0 0.0
0.04249637 0.05743215 -1.643247 -8.706538 0.946917 0.9697641 0.3710791 19.25162 1.326061 0 0.0
-0.0140247 0.04186945 -6.813867 -6.035352 1.388291 1.40247 0.4014224 19.66813 0.785965 0 0.0
-0.01297042 0.06463571 -3.393646 -1.182416 1.413866 1.52596 0.6431374 19.80563 0.3925934 0 0.0
-0.03549313 0.06268801 -4.600446 -11.75624 1.087533 1.150528 0.5328368 19.48195 0.9139519 0 0.0
-0.05674162 0.04622058 -4.424419 -5.433301 1.145393 1.069484 0.05516075 19.75131 1.000774 0 0.0
-0.05803754 -0.02456959 -1.196514 7.812341 0.844447 0.878222 0.617663 19.25597 1.366661 0 0.0
-0.06878338 0.006436377 0.4424882 -5.283299 2.243636 2.273692 0.6473371 20.30503 0.6547947 0 0.0
-0.02094592 0.0788287 2.317328 3.118659 1.727603 1.825656 0.6535608 20.08667 1.576603 0 0.0
0.03679764 0.06391582 -2.967516 -5.131024 0.2437027 0.247306 0.4183892 17.01569 0.9581261 1 0.0
-0.06018287 -0.01551489 -5.481642 -6.324754 1.302948 1.324721 0.3921735 19.60013 0.6511154 0 0.0
0.03745401 0.02903015 1.687474 -6.432262 0.1736765 0.1655982 0.0007454573 16.13815 1.424924 1 0.0
-0.06761796 0.03404804 -0.2731976 -4.845878 1.224283 1.202976 0.4400479 19.8274 nan 0 0.0
-0.05364757 -0.03850578 1.516172 -2.297598 2.302513 2.400077 0.7504672 20.09414 nan 0 0.0
-0.06141042 0.008082002 1.550456 -1.789418 0.9325269 0.9586839 0.5198753 19.41855 0.8560829 0 0.0
-0.001541157 0.07465783 -0.4197145 -2.620331 1.914392 2.039131 0.6113186 20.04361 nan 0 0.0
-0.04223123 0.01684009 -4.000223 -5.41628 0.7847389 0.8380537 0.832711 18.20098 1.350061 0 0.0
-0.06194292 -0.04261951 -3.234005 -7.564409 0.9676411 1.002684 0.6147692 19.42049 1.050989 1 0.0007559531
-0.04356008 -0.008169698 -6.232653 -4.572721 1.518461 1.622515 0.690429 19.99425 0.555481 0 0.0
0.03241612 0.07641443 -0.3563807 4.308322 2.184994 2.298648 0.5567799 20.19765 0.7966156 0 0.0
-0.01557528 0.05913451 -1.84392 -6.134915 1.00822 1.074882 0.5586573 19.4147 0.8247929 0 0.0
0.04743821 0.03569737 -1.384048 -7.305624 0.7856052 0.7856065 0.4866533 18.98115 0.8547096 0 0.0
-0.05377662 -0.03817779 2.706349 -5.194962 1.698154 1.803904 0.5726556 19.86486 1.026558 0 0.0
-0.05662017 -0.02419866 4.105515 -5.228 2.565747 2.622333 0.6281626 20.39133 0.8887634 0 0.0
-0.06148898 -0.02804706 -3.885124 -2.749731 0.5304717 0.5275506 0.5765526 18.42568 0.6514854 0 0.0
0.04865055 0.03591798 -6.956793 -5.762077 2.033795 2.059804 0.5383313 20.02199 nan 0 0.0
-0.04425099 0.03407393 0.8932906 -8.644256 0.4177924 0.414937 0.4625201 17.95512 0.7340183 1 0.0
-0.05203135 0.01904751 -2.192112 -3.48014 1.21818 1.270063 0.653088 19.48992 0.59021 0 0.0
-0.06218752 0.05086712 -5.264693 -2.309749 0.4997232 0.4543868 0.1219062 18.66752 0.5316944 0 0.0
-0.04337571 -0.01632543 -5.733623 -6.73771 1.624056 1.765189 0.6654994 19.91318 0.5295029 0 0.0
-0.05249971 -0.01816132 -5.009647 -7.313134 1.9461 2.010974 0.7389822 20.18691 0.4866447 0 0.0
-0.05987977 -0.006111463 -4.764213 -7.629701 1.358281 1.437977 0.6380713 19.88173 1.149729 0 0.0
0.02038523 0.0475407 -0.7577762 -2.867006 1.31737 1.371704 0.4776361 19.71504 0.9245415 0 0.0
-0.03543168 0.03751104 1.249892 -5.159921 0.686274 0.6740923 0.4630388 18.73013 1.195801 0 0.0
-0.007161504 0.01531234 -10.43367 -11.44063 1.019389 0.938265 0.2831788 18.69113 nan 0 0.0
-0.04909923 -0.01445534 -4.302771 -7.588861 1.154961 1.196049 0.6012416 19.52482 0.8550472 0 0.0
0.04094785 0.05602524 -1.127754 -3.048193 1.700404 1.655593 0.3810298 19.94938 nan 0 0.0
-0.06308533 0.006577859 -6.604218 -8.863863 1.920819 2.023637 0.7522754 20.18458 0.8193531 0 0.0
-0.06831496 0.0007108699 -0.1833213 -5.195359 0.9793972 1.040544 0.6344844 19.37743 0.6935081 0 0.0
-0.06826299 0.03437181 -1.088223 -4.618697 0.6341623 0.6180109 0.3650338 19.15512 nan 0 0.0
0.04585022 0.05764414 -2.786939 -7.011421 1.249553 1.241432 0.3775921 19.57028 1.188898 0 0.0
-0.04514985 -0.0252794 -0.8515344 -6.364958 0.8626956 0.8545398 0.5277483 19.17336 nan 0 0.0
-0.05828544 -0.03983235 -5.095461 -2.428703 1.302018 1.344281 0.6329602 19.60686 1.083832 0 0.0
0.05783999 0.04771525 0.3074762 -3.663861 0.7774142 0.7997686 0.4801292 18.91499 0.6506519 1 0.0
0.001322266 0.02655834 -5.544822 -4.545812 0.9622794 0.9504113 0.4993474 18.92552 1.494518 0 0.0
-0.04005594 -0.00398717 -6.311108 -7.893703 1.249349 1.308011 0.6848639 19.57803 0.6678982 0 0.0
-0.02762923 -0.005588509 -2.711121 -6.900113 1.270567 1.319765 0.666956 19.70172 nan 0 0.0
-0.01939574 0.06978822 1.533491 -2.322277 0.7260492 0.7506201 0.5880166 18.91247 nan 0 0.0
-0.00669761 0.01875323 -6.121689 -8.082983 0.5761218 0.5846056 0.5278249 18.61284 1.036274 0 0.0
0.04680612 0.06030631 2.363919 -3.168508 1.509722 1.482846 0.3291526 19.59624 1.722424 0 0.0
-0.05960997 0.01480852 -3.232958 -6.657698 0.1987896 0.1937802 0.5032046 16.98878 1.346579 1 0.0
0.051955 0.04129868 0.1418701 -4.482875 0.2808662 0.2767261 0.3394972 17.37158 1.009253 1 0.0
-0.02473229 0.05376138 -1.013755 -3.785862 0.3093184 0.2941688 0.3766285 17.54635 1.472095 1 0.0
-0.05421554 0.049251 -4.96804 -6.475791 1.100624 1.021676 0.003873602 19.40438 0.7288132 0 0.0
0.05277833 0.0377658 -2.610856 -6.174418 1.497074 1.483898 0.4008872 19.8226 0.9057178 0 0.0
0.06240673 0.04912747 -0.2164443 -4.653554 0.8362226 0.8484677 0.4561694 19.06126 1.241497 0 0.0
-0.04840981 -0.002164015 -4.092037 -7.126052 0.5950668 0.5961879 0.5887104 18.61733 0.989996 0 0.0
0.03048047 0.07523255 1.230803 -5.50451 1.89341 2.045518 0.7227752 20.02254 nan 0 0.0
-0.03440655 -0.01307908 -3.123714 -1.698381 0.3835388 0.3840045 0.5967358 18.00819 1.075817 1 0.0
-0.05357768 0.01753599 -4.709405 -5.383478 0.9302674 0.9613439 0.6117026 19.36846 0.8179855 0 0.0
-0.04994017 0.01465034 3.177513 -1.123953 0.5359893 0.5396303 0.5300638 18.56214 1.591087 1 0.0
-0.02507684 -0.006182858 -8.383289 -8.963989 0.9315098 0.9717308 0.560047 19.0041 1.072582 0 0.0
0.05320936 0.02510075 -3.310705 -5.283667 0.6995782 0.7381761 0.619099 18.75953 0.8812733 0 0.0
0.01287964 0.05325268 0.6777338 -6.877573 0.555938 0.5536969 0.1899327 18.34001 1.283037 0 0.0
0.06854092 0.04228328 3.416415 -6.384779 0.3445581 0.3509168 0.3803019 17.81156 1.162262 1 0.0
-0.004969952 0.02005415 -6.116966 -6.267473 0.4798564 0.486118 0.5324463 18.36852 0.9969807 0 0.0
-0.04839267 0.01399124 0.319909 -5.439739 0.4287377 0.4289485 0.5814895 18.25813 1.071043 1 0.0
-0.01874789 0.05619278 -0.2092669 -2.463621 1.192801 1.279536 0.598358 19.65444 0.03272438 0 0.0
0.04666487 0.03650268 0.5112588 -6.240919 0.7044216 0.688453 0.2218152 18.58763 0.9375935 0 0.0
0.05600613 0.04383304 -6.529853 -4.141155 1.191687 1.24963 0.442364 19.5415 0.6735573 0 0.0
0.01272464 0.05172682 -4.556609 -5.501397 0.3478975 0.3463904 0.2054274 17.4829 1.327578 1 0.8194879
-0.01523401 0.02408514 -11.83482 -12.66341 0.6901386 0.6270358 0.2332154 18.64288 1.058022 0 0.0
0.0415412 0.05602497 1.437897 -3.474563 0.7397705 0.7392295 0.3122159 18.87753 1.064177 0 0.0
