scripts/get_globular_clusters/output/NGC_6144.csv
# %ECSV 0.9
# ---
# datatype:
# - {name: x, unit: deg, datatype: float64}
# - {name: y, unit: deg, datatype: float64}
# - {name: pmx, unit: mas / yr, datatype: float64}
# - {name: pmy, unit: mas / yr, datatype: float64}
# - {name: pmx_e, unit: mas / yr, datatype: float64}
# - {name: pmy_e, unit: mas / yr, datatype: float64}
# - {name: pm_corr, datatype: float64}
# - {name: g_mag, unit: mag, datatype: float64}
# - {name: bp_rp, unit: mag, datatype: float64}
# - {name: filter, datatype: int64}
# - {name: memberprob, datatype: float64}
# meta: !!omap
# - comments: [deg deg mas/yr mas/yr mas/yr mas/yr dimless mag   mag   zeroone float]
# - __serialized_columns__:
#     bp_rp:
#       __class__: astropy.units.quantity.Quantity
#       unit: &id001 !astropy.units.Unit {unit: mag}
#       value: !astropy.table.SerializedColumn {name: bp_rp}
#     g_mag:
#       __class__: astropy.units.quantity.Quantity
#       unit: *id001
#       value: !astropy.table.SerializedColumn {name: g_mag}
#     pm_corr:
#       __class__: astropy.units.quantity.Quantity
#       unit: !astropy.units.Unit {unit: ''}
#       value: !astropy.table.SerializedColumn {name: pm_corr}
#     pmx:
#       __class__: astropy.units.quantity.Quantity
#       unit: !astropy.units.Unit {unit: mas / yr}
#       value: !astropy.table.SerializedColumn {name: pmx}
#     pmx_e:
#       __class__: astropy.units.quantity.Quantity
#       unit: !astropy.units.Unit {unit: mas / yr}
#       value: !astropy.table.SerializedColumn {name: pmx_e}
#     pmy:
#       __class__: astropy.units.quantity.Quantity
#       unit: !astropy.units.Unit {unit: mas / yr}
#       value: !astropy.table.SerializedColumn {name: pmy}
#     pmy_e:
#       __class__: astropy.units.quantity.Quantity
#       unit: !astropy.units.Unit {unit: mas / yr}
#       value: !astropy.table.SerializedColumn {name: pmy_e}
#     x:
#       __class__: astropy.units.quantity.Quantity
#       unit: &id002 !astropy.units.Unit {unit: deg}
#       value: !astropy.table.SerializedColumn {name: x}
#     y:
#       __class__: astropy.units.quantity.Quantity
#       unit: *id002
#       value: !astropy.table.SerializedColumn {name: y}
# schema: astropy-2.0
x y pmx pmy pmx_e pmy_e pm_corr g_mag bp_rp filter memberprob
[from data line 674]
0.01465949 -0.03671046 -2.186922 -2.94387 1.015052 0.7316555 0.1191976 19.67428 1.034992 0 0.0
-0.07633048 0.004492969 -1.642648 -1.996089 0.9680438 0.7003996 0.2342961 19.6067 1.206413 0 0.0
-0.06063526 -0.06453626 -11.74545 -2.45343 0.9461939 0.6879551 0.2070917 19.52899 2.037304 0 0.0
-0.02226026 -0.008419958 -5.902196 -1.961553 1.76575 1.108229 0.3734651 19.93947 1.284391 0 0.0
0.01693387 0.05088993 1.537175 -0.2210571 2.688123 2.203833 -0.05090846 20.51299 nan 0 0.0
0.02242076 -0.09357544 -3.020628 -3.108805 1.315626 0.9500093 0.06330749 19.87305 1.105907 0 0.0
0.01460707 -0.01738139 -5.155674 -4.206891 1.750634 1.073244 0.3358392 19.93254 nan 0 0.0
-0.009579161 0.009072149 0.9957453 -2.643362 0.9433664 0.6493213 0.1705525 19.52215 1.060249 0 0.0
0.03099287 -0.007550281 -1.703639 -2.921562 0.2294483 0.1572163 0.134454 17.22038 0.6397209 0 0.0
0.007040669 0.006024386 -1.404687 -4.005582 0.9799676 0.5382702 0.05462481 18.42396 nan 0 0.0
0.04492746 0.03947471 4.84057 -3.087928 3.234275 1.780333 0.4003253 20.58215 nan 0 0.0
0.02778453 0.05054073 -2.26728 -4.42899 3.964359 3.186068 -0.2806096 20.94772 nan 0 0.0
0.006861912 -0.002436602 -3.376462 -2.366641 1.670081 1.269182 -0.1175502 20.03332 nan 0 0.0
0.073195 -0.007759751 0.1348002 -4.854206 0.3746824 0.2580877 0.1590808 18.01394 1.394608 0 0.0
0.01169336 -0.0897649 0.3149555 0.3214717 3.290696 2.470676 -0.3618877 20.68338 1.270271 0 0.0
-0.0240013 -0.009583784 -0.9223769 -3.28997 1.519869 0.980451 0.3126109 19.90438 1.121105 0 0.0
0.001404413 -0.02804829 -0.9674879 -3.541305 0.9470661 0.6982583 0.1137536 19.5341 nan 0 0.0
0.0335126 -0.0183294 -1.125857 -2.868419 0.6013596 0.4209994 0.1655361 18.88838 1.321459 0 0.0
-0.01245401 -0.03664154 -1.822072 -2.584288 0.1226449 0.08493642 0.1213396 15.84691 1.578834 1 0.9995065
0.02639935 -0.009099832 -3.069545 -2.248871 0.7282355 0.5516735 0.1297936 19.13529 1.202034 0 0.0
-0.02980458 0.004819183 0.7430677 0.06529104 1.926204 1.418539 0.1398681 20.13643 nan 0 0.0
0.03274334 -0.02376131 -7.503752 -6.036883 1.513505 1.104866 0.04143952 20.08003 1.499952 0 0.0
0.04299377 0.002921095 -1.800049 -2.748696 0.0909673 0.06140981 0.02767776 14.9625 1.747544 1 0.9982227
0.02558083 -0.05300681 -0.6155145 -2.109149 1.133482 0.8167068 0.1847179 19.87519 1.142641 0 0.0
-0.04878201 0.003586404 -1.52973 -7.129656 0.32777 0.2393574 0.1925332 17.92101 1.631622 0 0.0
-0.0001309673 -0.007229569 -1.791704 -2.91844 0.432368 0.3041128 0.2720261 18.0383 1.066746 0 0.0
-0.02567411 0.05364828 1.719978 -3.407144 3.23431 2.103792 -0.3009483 20.50996 1.396822 0 0.0
0.03739372 0.02874851 -1.55067 -2.731041 1.917609 1.295865 -0.04973506 20.14905 1.427073 0 0.0
-0.01508796 -0.02031495 -2.077641 -2.181119 0.3164951 0.2010738 0.2514236 17.49367 1.421631 0 0.0
0.005861008 -0.001665979 -1.106372 -5.055252 0.8299421 0.5714802 0.2410408 18.3712 nan 0 0.0
-0.001131897 -0.004305608 -1.267672 -2.208093 0.8860073 0.6563902 0.1744546 19.301 nan 0 0.0
0.03188649 0.001320558 -2.817873 0.7462523 1.551535 1.2645 -0.4056653 19.66019 nan 0 0.0
0.006272356 -0.001688888 -1.533062 -1.413642 1.137177 0.8913944 0.403908 19.55556 nan 0 0.0
-0.05020668 0.0003013483 5.850405 -5.276444 4.064868 2.984273 -0.396153 20.78745 nan 0 0.0
0.007781238 0.007416704 -1.178908 -2.738912 0.8311264 0.6108559 0.09920313 19.08047 1.195011 0 0.0
0.01153331 -0.04544195 -7.721542 -7.523032 0.4411513 0.2985848 0.07600992 18.26217 1.534697 0 0.0
-0.005516887 -0.06021011 -5.571909 -1.698147 3.754654 2.656789 -0.35708 20.69179 nan 0 0.0
0.04836308 -0.04452438 0.06134491 -2.602453 0.8883337 0.6519235 -0.02459308 19.43214 1.259275 0 0.0
0.007943876 -0.02085212 -2.076283 -3.900856 1.296068 1.057442 0.276296 19.84491 nan 0 0.0
-0.01617565 0.01335915 -1.706923 -7.158505 4.149287 2.066069 -0.1585286 20.48338 nan 0 0.0
0.004244825 0.04786984 -0.7750335 -0.540337 2.702382 1.947548 -0.2560541 20.52812 nan 0 0.0
0.01186205 -0.04761636 -2.317249 -11.11817 1.081057 0.7484811 0.08239137 19.66411 1.733116 0 0.0
0.04453891 -0.04458009 -9.208274 -4.799722 0.5383808 0.4079407 -0.02853262 18.5653 1.265923 0 0.0
0.006341397 0.007256573 -0.8173671 -1.532718 1.205894 0.8605475 0.02827132 19.16117 1.195894 0 0.0
0.03230309 -0.0294222 0.005230969 -2.643934 2.43014 1.744313 -0.3410335 20.46078 nan 0 0.0
0.04447902 -0.02180823 -0.6162406 -0.9570337 2.410735 1.565063 0.3306497 20.30559 1.097813 0 0.0
0.01568055 0.01342978 -4.861467 2.686105 3.160003 2.222568 -0.5080076 20.43818 nan 0 0.0
0.03163741 -0.007054543 -1.565378 -2.65797 0.3275464 0.226863 0.1290853 17.77251 1.38862 0 0.0
0.005820335 0.007653329 -0.7677779 -5.273286 1.48294 0.9875853 0.0760669 19.68177 nan 0 0.0
-0.009936512 0.01871758 -1.085917 -2.204187 1.30961 0.9468952 0.123025 19.83876 1.302523 0 0.0
0.01467214 -0.04515429 -1.948254 -1.34241 1.010889 0.7303213 0.1523978 19.60547 1.25193 0 0.0
0.02198783 0.008746231 -3.257885 -2.103029 1.842027 1.385628 -0.16276 20.16083 nan 0 0.0
0.006245427 0.007605623 -2.349327 -3.996786 2.129544 1.436435 0.6036996 19.92156 nan 0 0.0
-0.02591293 -0.04516005 -0.5147182 -2.065915 0.4279337 0.298752 0.2129033 18.32856 1.405106 0 0.0
0.02208192 -0.001370364 -1.201311 -2.722652 2.745704 2.042455 -0.3870229 20.41475 1.467997 0 0.0
0.01555365 -0.01285537 -2.926363 -4.664021 1.758954 1.427531 0.2892217 20.12697 nan 0 0.0
-0.01618554 -0.01433747 -9.181462 -1.080246 3.256869 2.752136 -0.4183484 20.55649 nan 0 0.0
0.006643533 0.01534753 -2.648982 -0.6722245 2.866836 2.17826 -0.3994574 20.28331 nan 0 0.0
0.01606319 0.003658386 1.089182 -2.906442 3.078803 2.620549 -0.4494794 20.52843 nan 0 0.0
0.007905044 0.01323602 6.599079 3.799524 3.5386 2.13953 -0.03438533 20.48779 nan 0 0.0
0.008437409 -0.02091891 -3.808345 -0.3115877 1.002752 0.701432 0.2117623 19.5517 1.209904 0 0.0
0.02749188 -0.02758611 -3.050208 -3.87684 1.966053 1.364897 -0.323647 20.15738 1.113569 0 0.0
0.00218683 0.02724001 -7.084845 -3.01004 0.6856403 0.4882799 0.17176 18.95505 1.395027 0 0.0
0.01847695 0.006232951 -1.442865 -3.82187 0.8830288 0.6219057 0.1487815 19.35084 1.145248 0 0.0
0.04425586 0.004429339 -2.688239 -2.349179 0.6170344 0.427543 0.1805964 18.91849 1.27977 0 0.0
0.03880698 -0.01093052 -5.261969 -1.902221 1.56692 1.137548 -0.04581002 20.00313 1.438898 0 0.0
0.01527945 -0.01276569 -1.052487 -1.616866 0.6349045 0.4386195 0.1130446 18.52269 1.36516 0 0.0
-0.000144619 -0.05518793 1.065138 5.162042 1.669653 1.167222 0.1851972 20.29471 1.648113 0 0.0
-0.005624934 -0.09329114 -4.504008 -2.472865 3.195726 2.523086 -0.461623 20.67453 1.119469 0 0.0
0.01311309 -0.01390221 -0.399055 -2.005893 0.6707246 0.4685698 0.182408 19.06308 nan 0 0.0
0.05750879 0.01833961 -1.871845 -3.100659 0.2306742 0.1558621 0.1570778 17.21243 0.7235947 0 0.0
0.02903625 0.008824808 -3.862365 -2.149747 2.959903 2.11148 -0.4293557 20.17843 nan 0 0.0
-0.01455765 0.014849 -2.931532 -2.23673 1.33318 0.9719833 0.1419563 20.09116 nan 0 0.0
0.01278396 -0.01471852 0.2037037 -3.425252 1.341213 1.007788 0.3598141 19.80972 nan 0 0.0
0.006561217 0.0147162 -1.447221 -2.411792 0.08315147 0.0587037 0.005490955 14.72388 1.869672 0 0.0
-0.06012331 -0.07405557 3.044137 -6.200689 1.92601 1.354307 -0.2408808 20.26147 1.038809 0 0.0
-0.03612472 -0.04379709 -1.173263 -2.119486 0.7095238 0.5059445 0.2966404 19.02843 1.288816 0 0.0
0.01954366 -0.01099249 -4.83271 -1.924162 1.361242 0.9774511 0.005695145 19.88695 1.216833 0 0.0
0.01296224 -0.01426459 -2.137649 -1.844128 0.4120157 0.2842484 0.1814763 18.00015 1.266811 0 0.0
0.007192062 0.01509 -0.71319 -0.6899345 1.765584 1.28539 -0.1809206 19.34438 1.409264 0 0.0
0.02022937 -0.009914952 -2.31456 -2.310865 0.5680108 0.3944857 0.02075985 18.71495 1.297018 0 0.0
-0.06363304 -0.07089313 -1.527551 -3.480926 0.376158 0.2623178 0.2591048 18.11272 1.36729 0 0.0
0.03192556 -0.006263071 -7.602203 0.432086 4.036975 2.99385 -0.4186195 20.77047 nan 0 0.0
0.006328062 0.01426227 -1.621433 -2.806858 0.09896208 0.0702232 0.05562209 15.26425 nan 0 0.0
0.03166427 0.09270738 -1.587861 -3.939111 0.3877687 0.2898257 0.03474908 18.32218 1.746643 0 0.0
0.002818214 0.04783555 0.1387038 1.021682 3.308049 2.179835 -0.1534107 20.6888 nan 0 0.0
-0.01553818 -0.03687651 2.892843 -4.387562 0.3217032 0.2428338 0.3096705 17.7557 1.305077 0 0.0
0.00764447 0.01292895 2.837012 0.5077193 1.589533 1.085946 0.298568 19.99984 nan 0 0.0
0.02213732 -0.07096379 -3.959397 -2.792932 0.5170123 0.3251111 0.3006696 18.42592 1.420294 0 0.0
-0.07307822 -0.02143346 -1.400961 -3.666597 1.059042 0.7590563 0.2844701 19.79074 0.9930782 0 0.0
0.006067438 0.01295193 0.840196 -5.255874 2.512574 1.635473 0.1063591 20.27463 nan 0 0.0
-0.04841292 0.006365564 -2.067369 -2.936309 0.361174 0.2623988 0.1019395 18.13927 1.518604 0 0.0
0.03397015 -0.0006026339 -13.15233 7.909022 3.04308 2.119715 -0.3044016 20.45151 nan 0 0.0
7.468552e-05 -0.02588725 -2.326507 -3.388741 0.3209805 0.2220903 0.1421754 17.85967 1.416761 0 0.0
0.004616712 0.08655083 4.902462 -2.560489 3.753486 2.742497 -0.3379721 20.88197 nan 0 0.0
0.04411804 0.03909545 -0.7867755 -2.463509 1.084273 0.6788638 0.3816109 19.34566 1.234482 0 0.0
-0.05512901 0.05829779 -6.22834 -0.3395545 2.81848 2.316049 -0.4940803 20.47236 1.376047 0 0.0
0.03757838 0.005772533 -1.784804 -3.171197 0.6070769 0.4266823 0.1751985 18.92648 1.332888 0 0.0
0.08888233 -0.02314191 -4.257694 -3.496544 1.201007 0.8440321 0.2423162 19.85741 1.148516 0 0.0
-0.05149159 -0.07117709 0.1143425 4.312728 4.156952 2.200081 -0.1406117 20.6317 1.577799 0 0.0
0.02530517 0.003332507 -1.956234 -1.416195 3.152578 2.370906 -0.3616413 20.66001 nan 0 0.0
-0.02122079 -0.0699985 -4.018939 -8.829118 0.944708 0.6699557 0.2077119 19.59945 1.324409 0 0.0
-0.03352913 -0.01344469 -1.818007 -3.024991 0.7175321 0.5077195 0.212248 19.14511 1.367163 0 0.0
-0.0001309488 -0.02371669 -2.558428 -3.253896 0.6833403 0.4744405 0.1971011 18.88755 1.226768 0 0.0
-0.06663031 0.01888029 -1.245972 -2.993212 0.7150704 0.5436597 0.1024962 19.30597 1.302698 0 0.0
0.00392765 -0.002207585 -1.745166 -2.607861 0.1118412 0.07668904 0.1171367 15.55626 1.465364 1 0.9999422
-0.06308944 -0.03702787 -5.85946 -3.726697 1.669457 1.206814 0.1603171 20.26395 0.9739971 0 0.0
0.02414304 0.0867201 -3.580017 -0.03688404 1.01628 0.7702938 0.02785292 19.73185 1.388556 0 0.0
-0.004147526 -0.02864917 -1.127356 -2.476609 0.2201893 0.1496683 0.1583319 17.14347 1.388771 0 0.0
-0.03856473 -0.04314556 -0.6497248 -3.524474 0.9371427 0.6642534 0.2277301 19.56016 1.113701 0 0.0
0.04492864 0.006702643 -1.999694 -2.646076 0.7778071 0.5456488 0.1616951 19.17448 1.385382 0 0.0
0.02142207 -0.01062851 -2.583173 -1.761276 0.8836383 0.6130517 0.04406739 19.30436 1.172268 0 0.0
-0.02786523 -0.02004072 -0.7628301 -2.186353 0.6666343 0.4809283 0.190059 19.03395 1.383099 0 0.0
0.002749254 0.03190156 -3.284188 -0.5266016 1.899869 1.57737 -0.3830123 20.09695 1.416969 0 0.0
0.01223878 0.01619394 -1.899952 -2.998653 1.188414 0.7669328 0.3268917 19.57968 1.127876 0 0.0
-0.009510227 0.004504055 -4.238844 -0.9402391 3.67167 2.154282 -0.3187625 20.21845 nan 0 0.0
-0.01879935 -0.04444726 -12.16727 -3.863755 0.5926755 0.4564754 0.2497747 18.89133 1.785032 0 0.0
0.003845357 -0.002930468 -3.266923 -4.893286 1.3705 0.9488879 0.3425983 19.12615 nan 0 0.0
-0.004793272 0.006789346 -1.397185 -2.632611 1.043204 0.7285416 0.3383744 19.01984 nan 0 0.0
-0.04700809 -0.04318869 -4.113748 -4.890961 3.41752 2.513845 -0.4436624 20.64849 nan 0 0.0
-0.02821596 0.01318711 -5.552315 -6.753449 3.60303 2.474467 -0.003840247 20.69598 nan 0 0.0
0.001335689 -0.0439365 0.4952345 -3.123005 1.064599 0.7713575 0.1791202 19.72053 1.153536 0 0.0
0.003955042 -0.003149816 1.059913 -0.9694159 1.433445 0.7722064 0.4814237 19.43756 nan 0 0.0
0.02280997 0.005507396 1.366239 -5.811688 3.379903 2.608629 -0.6520707 20.34367 1.270735 0 0.0
0.02096049 0.09200215 -10.60384 -3.751681 1.790052 1.322877 -0.2676551 19.71521 1.692198 0 0.0
0.02790162 -0.03397963 -0.8810731 -1.451744 2.176413 1.384747 0.2399458 20.38285 1.293859 0 0.0
0.001940039 0.03201602 -14.93159 14.33369 3.268019 3.00491 -0.3412304 20.69646 1.430111 0 0.0
0.05210151 -0.02151955 -5.710526 -8.630038 2.863093 2.07453 -0.2615358 20.67064 1.255127 0 0.0
0.06834898 0.02892531 -2.404139 -1.324506 0.2223474 0.150006 0.07989793 16.96324 0.8053455 0 0.0
0.03044937 0.01149665 -4.2454 -4.566899 1.465943 1.027301 0.01671021 20.04211 1.338408 0 0.0
-0.01066089 -0.008387813 -2.013708 -2.780055 0.5046251 0.3535284 0.4715623 18.08316 nan 0 0.0
0.01027476 -0.01754114 -2.828519 -5.574492 1.481283 1.026372 0.1916605 19.47726 1.177347 0 0.0
-0.004284684 -0.02664645 -3.452858 -2.379126 1.154263 0.8259196 0.0644414 19.79514 nan 0 0.0
-0.03557832 0.007524102 -0.8481123 -2.351788 0.5838606 0.4231174 0.1185475 18.88642 1.407034 0 0.0
0.005064957 -0.01963889 -4.17236 -3.899522 0.8990449 0.6302645 0.1797362 19.36532 1.034492 0 0.0
0.0126162 -0.04476114 0.5036138 -1.366236 2.088936 1.583417 -0.5109094 20.09384 1.175316 0 0.0
0.03990862 0.00317014 -1.724748 -2.488314 0.1036378 0.0703462 0.04592734 15.41546 1.709316 1 0.9987298
-0.02545803 0.006063798 1.086425 -1.684974 3.172724 2.321318 -0.2394016 20.64489 nan 0 0.0
0.04059327 0.0003737319 -3.435401 -2.872205 1.455343 1.009097 0.05582187 20.07504 1.295292 0 0.0
-0.01435348 -0.08459438 -2.89171 -6.826428 0.2421737 0.1635698 0.1741213 17.32488 1.532665 1 0.0
-0.04088468 -0.03310797 -1.150018 -1.632116 3.158321 2.470863 -0.4325381 20.56587 1.135206 0 0.0
0.009852465 0.01470071 1.933911 -2.13659 1.361814 0.8767952 0.3187875 19.71384 nan 0 0.0
-0.047894 -0.02194882 -3.371063 -0.07540317 2.153357 1.521771 -0.3543416 20.18184 1.141918 0 0.0
-0.07314174 0.01449142 -1.354069 -1.841041 2.568977 1.893956 -0.4996626 20.25023 1.37009 0 0.0
-0.03266467 -0.06518317 -9.850884 2.322568 3.615192 2.813988 -0.4513875 20.69219 1.238897 0 0.0
0.007249737 0.06083393 -1.595777 -3.574866 0.7028873 0.5022702 0.1523327 19.16455 1.455437 0 0.0
0.002145096 -0.004990361 19.60267 12.19542 2.031766 1.104955 0.4749644 19.29885 nan 0 0.0
-0.02232245 0.03022101 -1.617907 -2.080225 0.9198992 0.6610864 0.1627295 19.53205 1.229439 0 0.0
0.01584181 -0.01102435 -5.085429 -4.240096 1.482855 0.8972244 0.4686734 19.63271 nan 0 0.0
-0.03821124 0.007778859 3.294407 -7.24042 0.8751843 0.6475814 0.1030734 19.40828 1.335638 0 0.0
-0.02931856 0.03534833 -2.648481 -5.146973 1.553002 1.172686 0.1393172 20.09647 1.267881 0 0.0
-0.007930945 -0.03042129 -6.982117 -15.7697 0.9042387 0.5800792 0.3372174 19.26602 1.261898 0 0.0
0.01710228 -0.01715284 -2.985741 -3.12129 1.809568 1.270631 0.09472279 20.12643 1.209688 0 0.0
0.02386814 -0.05051545 -0.7478391 -4.246271 2.72396 1.983896 -0.3731571 20.52068 1.2362 0 0.0
0.04716111 -0.03406781 -4.447694 -2.60834 1.15506 0.8443208 0.1554337 19.69816 1.13076 0 0.0
0.03317014 0.03119882 -3.51957 -1.157717 1.457429 0.8964204 0.2705656 19.80696 1.457783 0 0.0
0.004394509 0.01555935 -1.947032 -2.815886 0.2213552 0.1503254 0.1068012 17.11654 0.725647 0 0.0
0.01304439 -0.01528503 -1.561313 -2.824609 0.1229568 0.08430721 0.127445 15.57341 1.588495 1 0.9941637
0.008888132 -0.04314909 -1.092607 -1.167329 0.5910086 0.4074633 0.05654836 18.76634 1.18228 0 0.0
0.03003633 -0.04843023 -3.270117 -2.801036 0.9289215 0.6630188 0.1702044 19.51132 1.175268 0 0.0
0.01651595 0.00548747 0.9982372 -10.40254 2.133339 1.47173 -0.3689674 20.21014 1.098204 0 0.0
0.0289574 -0.03286218 -3.699669 0.726573 3.360472 2.655248 0.01978589 20.54967 nan 0 0.0
-0.002681191 -0.008036408 7.815944 0.6078361 0.5550943 0.3588749 0.3182614 17.72811 nan 0 0.0
0.01775644 -0.04299751 0.6901086 -3.554415 0.6485514 0.458257 0.1688424 19.00576 1.556263 0 0.0
-0.03248673 0.03459027 3.697088 -4.161947 3.166656 2.050746 -0.2631067 20.58998 nan 0 0.0
0.002186505 0.009803034 1.01524 0.6860505 1.907864 1.240362 0.0109684 19.83741 nan 0 0.0
0.001747685 0.009434923 2.300454 -2.462297 2.157367 1.514696 0.2700062 19.81557 nan 0 0.0
