scripts/get_globular_clusters/output/NGC_6760.csv
# %ECSV 0.9
# ---
# datatype:
# - {name: x, unit: deg, datatype: float64}
# - {name: y, unit: deg, datatype: float64}
# - {name: pmx, unit: mas / yr, datatype: float64}
# - {name: pmy, unit: mas / yr, datatype: float64}
# - {name: pmx_e, unit: mas / yr, datatype: float64}
# - {name: pmy_e, unit: mas / yr, datatype: float64}
# - {name: pm_corr, datatype: float64}
# - {name: g_mag, unit: mag, datatype: float64}
# - {name: bp_rp, unit: mag, datatype: float64}
# - {name: filter, datatype: int64}
# - {name: memberprob, datatype: float64}
# meta: !!omap
# - comments: [deg deg mas/yr mas/yr mas/yr mas/yr dimless mag   mag   zeroone float]
# - __serialized_columns__:
#     bp_rp:
#       __class__: astropy.units.quantity.Quantity
#       unit: &id001 !astropy.units.Unit {unit: mag}
#       value: !astropy.table.SerializedColumn {name: bp_rp}
#     g_mag:
#       __class__: astropy.units.quantity.Quantity
#       unit: *id001
#       value: !astropy.table.SerializedColumn {name: g_mag}
#     pm_corr:
#       __class__: astropy.units.quantity.Quantity
#       unit: !astropy.units.Unit {unit: ''}
#       value: !astropy.table.SerializedColumn {name: pm_corr}
#     pmx:
#       __class__: astropy.units.quantity.Quantity
#       unit: !astropy.units.Unit {unit: mas / yr}
#       value: !astropy.table.SerializedColumn {name: pmx}
#     pmx_e:
#       __class__: astropy.units.quantity.Quantity
#       unit: !astropy.units.Unit {unit: mas / yr}
#       value: !astropy.table.SerializedColumn {name: pmx_e}
#     pmy:
#       __class__: astropy.units.quantity.Quantity
#       unit: !astropy.units.Unit {unit: mas / yr}
#       value: !astropy.table.SerializedColumn {name: pmy}
#     pmy_e:
#       __class__: astropy.units.quantity.Quantity
#       unit: !astropy.units.Unit {unit: mas / yr}
#       value: !astropy.table.SerializedColumn {name: pmy_e}
#     x:
#       __class__: astropy.units.quantity.Quantity
#       unit: &id002 !astropy.units.Unit {unit: deg}
#       value: !astropy.table.SerializedColumn {name: x}
#     y:
#       __class__: astropy.units.quantity.Quantity
#       unit: *id002
#       value: !astropy.table.SerializedColumn {name: y}
# schema: astropy-2.0
x y pmx pmy pmx_e pmy_e pm_corr g_mag bp_rp filter memberprob
[from data line 15947]
0.05579504 0.02076151 -6.554886 0.7516465 1.610697 1.591696 0.3792827 20.29801 1.815039 0 0.0
0.07004237 0.1053561 1.053459 -2.814447 0.8636248 0.8903757 0.638038 19.34015 1.478174 0 0.0
0.05353546 0.113694 -2.064676 -3.225494 0.4200023 0.3809051 0.3855666 18.67679 1.741026 0 0.0
-0.02713701 0.1040247 -2.112658 -5.986156 0.6488671 0.6629805 0.3647612 19.12307 1.492762 1 0.003030669
-0.02292629 0.1190901 -2.891675 -4.991358 0.4667826 0.4056415 0.2510275 18.91023 nan 0 0.0
0.04066058 0.04332486 0.9113888 -4.051952 1.247032 1.43004 0.5534521 19.90062 nan 0 0.0
0.09729022 0.07424479 -5.006898 -3.141162 1.778952 1.808453 0.5097073 20.40668 1.776617 0 0.0
-0.03635172 0.08757538 -2.244151 -8.448942 0.9928241 0.9963886 0.5438264 19.68309 1.714094 1 2.123531e-05
0.00166599 0.0008118293 -0.3482533 -2.92213 0.4950225 0.4876847 0.8703673 16.8753 nan 0 0.0
-0.04504867 0.01322505 -0.6044284 -4.046862 0.07982659 0.08842564 0.5157421 15.2545 2.10726 1 0.0001157496
-0.03098216 0.03753046 1.224718 -0.8991887 0.7148315 0.7486368 0.5884141 19.1188 1.575848 0 0.0
-0.01874679 0.02894289 -12.25224 -10.88103 0.1171566 0.106961 0.4060198 16.20819 1.86966 1 0.0
0.02497704 0.07525572 -4.473818 -6.29613 0.9405661 0.982425 0.5973067 19.43204 1.553682 1 0.005686047
0.01936279 0.08359913 -2.256594 1.882988 1.233909 1.282345 0.6234227 19.67682 1.832436 0 0.0
0.07797539 0.104839 -1.284039 -5.458868 1.003357 1.00243 0.5941108 19.20065 1.676779 0 0.0
-0.0250628 0.03536033 -1.851203 -2.310903 0.1968638 0.1668585 0.3466999 17.05324 1.912605 1 0.0
0.05359688 0.09214253 -0.821625 -5.018692 1.142911 1.172088 0.640499 19.59097 nan 0 0.0
0.1249354 0.03807147 -2.40257 -6.449858 0.3576679 0.3201276 0.291162 18.5135 1.772547 1 0.0
0.03501501 0.1119609 -4.269739 -6.879615 0.1374457 0.1257322 0.3824275 16.63667 1.754375 1 0.0
0.004930693 0.09270129 -0.006663102 -4.735781 1.202657 1.032825 0.411325 20.05785 1.623699 0 0.0
-0.009318175 0.1243629 -5.09189 -5.557783 1.210787 1.224176 0.5083984 19.81382 1.016548 0 0.0
0.07199505 0.1076082 -0.6676314 -0.9738991 0.6656746 0.6365504 0.2893098 19.04097 1.521019 0 0.0
-0.02018071 0.05350072 -10.85361 -13.38412 1.654365 1.707218 0.5352084 20.46657 1.572014 0 0.0
-0.06930437 0.08954932 -4.958941 -8.177352 0.7266544 0.7242882 0.581467 19.21737 1.665569 0 0.0
-0.08337069 0.07453395 -1.166806 -4.944024 1.572683 1.450105 0.4560296 20.30618 1.077091 0 0.0
-0.03357594 0.01616986 -9.892259 0.9488516 0.4869968 0.3815903 0.2178596 18.80756 1.56102 0 0.0
0.002916922 0.0910835 -5.749775 -7.101988 1.442657 1.541172 0.6870079 19.88514 1.602741 0 0.0
0.1297571 0.02034513 -2.447319 -5.460093 3.225603 3.559669 0.8188708 20.65681 1.440222 0 0.0
-0.01368188 -0.001738028 -3.687535 0.02736367 0.7864404 0.6194864 0.3690529 18.67193 nan 0 0.0
0.02943205 0.04727175 -0.7721398 -7.40433 0.4493634 0.4062097 0.2276093 18.8097 nan 0 0.0
0.007280344 -0.01198206 -1.241902 -3.451118 0.07086177 0.06713715 0.2596153 15.03202 2.26629 1 0.9863692
-0.001568308 0.08243309 -3.420999 -5.393468 0.8889201 0.929651 0.6459942 19.28437 1.123905 0 0.0
0.1240815 0.02847199 -2.997257 -8.077752 0.5287606 0.4672856 0.2544874 19.00534 1.652899 1 0.0
-0.0138952 0.05637876 1.455591 -3.567674 2.388859 2.691973 0.7354274 20.21489 1.468458 0 0.0
0.06693223 0.01348329 -0.8070937 -6.987931 0.3766986 0.3994604 0.3664525 18.67668 1.28874 0 0.0
0.08087478 0.07602984 -0.1252959 1.641113 0.3024914 0.2671606 0.2791515 18.16298 1.622398 0 0.0
-0.02756444 0.07601284 -2.704481 -3.927628 1.410764 1.212434 0.4798581 20.06586 1.881021 0 0.0
0.116423 0.02569258 -3.772916 -6.829726 0.3654777 0.3132675 0.2056308 18.13361 2.061081 0 0.0
-0.0373584 0.1036999 -5.103273 -8.328552 0.4763832 0.4141202 0.1324538 19.04105 1.492874 0 0.0
0.02750962 0.0650264 -6.621716 -7.965467 1.115543 1.143138 0.6627971 19.43999 1.105015 0 0.0
-0.002941344 0.07841074 -3.978986 -4.588766 1.172421 1.238571 0.6116024 19.64597 1.095554 0 0.0
0.05255931 0.1018469 -2.904297 -5.336998 0.2114287 0.1889563 0.3499293 17.51689 1.828976 1 0.0
-0.01447521 -0.002235843 -1.717467 -3.947956 0.7081767 0.558261 0.2542354 18.704 nan 0 0.0
0.003496614 0.1164591 -0.8582721 -10.25097 1.022155 0.9954961 0.5342363 19.15751 1.674006 0 0.0
-0.04651322 0.01696646 -1.275751 -3.439092 0.1510668 0.136095 0.4180872 16.79648 2.04381 1 0.9573786
0.08978433 0.07303328 -1.459872 -5.960836 2.664504 2.999555 0.72083 20.6831 1.623846 1 0.06053136
0.006425955 0.00388362 -1.465559 -3.549772 0.2186159 0.2004396 0.6068747 16.27453 1.938095 0 0.0
0.06906602 0.1043407 -3.568678 -5.578438 1.256057 1.258151 0.6448895 19.46006 1.532259 0 0.0
-0.01712922 0.1029018 -3.397189 -5.023786 0.9085435 0.8957328 0.4876231 19.53916 1.768728 0 0.0
-0.04138664 0.05302588 -1.770464 -6.174226 0.7260878 0.7931232 0.6299519 19.08347 nan 0 0.0
-0.02619144 0.07205055 1.624043 -4.371326 0.8638638 0.8998857 0.6547696 19.33886 1.837502 1 0.0001616282
0.04673128 0.1209764 0.6147458 -5.011177 1.120704 1.142248 0.6153762 19.50879 1.738861 0 0.0
-0.04425481 0.05083414 -0.4238592 -6.862603 0.3431986 0.3010564 0.3610102 18.33178 1.625095 1 0.0
0.01814279 0.005336827 -2.377541 -2.007441 1.42891 1.581791 0.7035119 19.61133 1.52994 0 0.0
-0.0843474 0.06298165 -1.300042 -5.627807 0.3230933 0.2919957 0.3036473 18.53028 1.684587 1 0.0
0.001879506 0.1164492 -2.031693 -5.446065 0.9738451 0.9680488 0.4862877 19.3475 nan 0 0.0
0.02638079 0.05189049 0.01837536 -2.271724 0.2617541 0.2399303 0.3521978 17.98633 1.587828 1 5.663706e-05
0.06104321 0.01944792 -1.100625 -3.545159 0.1407222 0.125269 0.2341034 16.87447 1.880614 1 0.970117
-0.03848799 0.05293179 -3.455085 -5.57292 0.8692701 0.9100185 0.676737 19.30668 1.366556 0 0.0
-0.06735223 0.06262338 -7.047676 -1.037787 0.4041211 0.3658051 0.2542944 18.80886 1.498318 0 0.0
-0.01505469 0.05126743 -4.814958 -8.764883 1.603978 1.817508 0.4498131 19.9962 1.64826 0 0.0
-0.06466777 0.03440268 -2.635097 -4.623312 0.3775691 0.3002504 0.2571406 18.3492 1.77355 1 0.0007270418
0.05921235 0.02494487 -1.205903 -6.090941 1.703206 1.801717 0.3285477 20.50141 0.4773235 0 0.0
0.06363484 0.1099715 1.009282 -4.525246 0.5755082 0.485215 0.291867 18.93299 1.632116 1 0.0001095045
0.06064582 0.05632471 -0.1350079 -5.216848 1.535013 1.612231 0.4203242 20.08126 1.162111 0 0.0
-0.004924698 0.02710892 -1.219793 -3.255386 0.1860271 0.1573543 0.3160411 16.9878 1.917356 0 0.0
-0.04425464 0.06251509 -2.045664 -6.367029 1.876656 1.894341 0.5974406 20.41506 1.256031 0 0.0
-0.06957863 0.1040176 -2.712382 -4.64435 0.349205 0.3004384 0.3113921 18.48598 1.725029 0 0.0
-0.0051076 0.1269211 -0.6087804 -1.949988 0.3306023 0.2873501 0.2316676 18.33438 1.438738 0 0.0
-0.06375122 0.09016659 -0.5452282 -7.900023 0.4644098 0.3931513 0.2591829 18.81559 1.602516 1 0.0
-0.08715383 0.08579217 -1.590657 -0.6243678 0.06452886 0.05836293 0.17692 14.70658 2.29141 1 0.0
-0.004467012 0.0270703 -3.28521 -3.832879 1.283403 1.327595 0.5699425 19.80621 nan 0 0.0
0.09213338 0.08480835 0.08255106 -4.003319 1.974507 1.986858 0.5208867 20.20375 1.352308 0 0.0
-0.01773998 0.01242787 -3.649981 -0.3904541 0.7834225 0.8179747 0.6784318 19.22782 1.578468 0 0.0
-0.02396465 -0.002285973 -0.4211099 -3.526066 0.3873046 0.3517244 0.2114716 18.60695 nan 0 0.0
-0.07171496 0.08259602 -4.626559 -5.87197 1.140692 1.208453 0.5282373 19.63385 1.872484 0 0.0
0.01722723 0.03801328 -1.028899 -3.37785 0.1038482 0.09276642 0.1934298 15.92861 2.248551 1 0.9730063
-0.003277072 -0.01364361 -1.870951 -3.488033 0.2664025 0.2505935 0.2037818 18.01636 1.764435 0 0.0
0.02845577 0.03548207 -4.439406 -4.517646 1.331993 1.203592 0.4573795 19.40351 nan 0 0.0
0.1252709 0.04232296 6.938037 -6.020023 1.610856 1.629972 0.741764 19.58024 1.540598 0 0.0
0.007280097 0.09189938 -3.233268 -8.052044 0.3279728 0.2757032 0.318949 17.92437 1.574894 1 0.0
-0.04135668 0.0113266 -3.937378 -6.43359 0.3154943 0.2856353 0.4049203 18.33171 1.584881 1 0.0
-0.03089098 0.00190334 -2.342961 -2.750796 1.538437 1.603964 0.6127566 20.25052 1.379948 0 0.0
0.01649515 -0.002249423 -0.5867102 -3.007644 0.3969284 0.3729879 0.3159801 18.6919 nan 0 0.0
-0.04712251 0.07876323 -4.307696 -6.349693 2.26748 2.307646 0.4496015 20.64661 0.5212326 0 0.0
0.1219451 0.04061433 -3.176631 -7.535964 1.07868 1.071689 0.5741206 19.69713 1.837568 1 0.001075748
0.04017257 0.02919498 -0.249478 -2.720177 0.1797228 0.166862 0.3120536 16.95567 1.924993 1 0.0003390697
-0.07177699 0.04035066 1.005994 -5.245952 2.536595 2.157728 0.5989964 20.53895 1.10183 0 0.0
0.004900292 0.02483131 -3.161891 -3.212822 1.358471 1.509949 0.371143 19.65942 1.560366 0 0.0
0.1253933 0.03329084 1.919993 -2.438618 0.6044251 0.5205312 0.219884 18.69179 1.6805 0 0.0
-0.02121849 0.0006916174 -6.034204 -7.342728 2.129637 2.002424 0.6029564 20.41992 nan 0 0.0
0.004686604 0.089689 -2.443418 -3.15599 0.2180114 0.1951086 0.3719707 17.5493 1.573427 1 0.0
0.008927611 0.1302564 -1.1466 -5.117816 0.2592123 0.2377164 0.2778873 17.89875 1.693033 1 0.0
-0.0324775 0.01504987 -3.640526 -4.435216 0.3737942 0.3366117 0.3840456 18.67559 1.448269 0 0.0
-0.03327 0.08990899 -0.07989265 0.178164 1.085314 1.100641 0.5205715 19.82474 1.75034 1 0.01192387
-0.03342278 0.07106631 -1.99387 -2.464833 1.834704 1.945707 0.6420398 20.49795 1.023235 0 0.0
0.04840939 0.1218296 -0.232951 -4.618946 2.475504 2.494331 0.62011 20.45296 1.461054 0 0.0
-0.02121853 -0.006001031 -2.619506 -3.870177 2.016223 1.84764 0.4664643 20.33224 nan 0 0.0
0.006395423 0.01343789 -2.376228 -4.258503 0.4051195 0.4423639 0.5266018 17.08732 1.984898 0 0.0
-0.06832905 0.04309156 -3.188815 -4.864091 2.23398 2.358585 0.5058128 20.78298 nan 0 0.0
-0.08797768 0.08483124 -0.9140377 -2.70715 0.9311971 0.9030935 0.6454256 19.14114 1.665436 0 0.0
0.009324339 0.105373 -3.659695 -7.028042 1.338282 1.071747 0.3337691 20.03223 1.154297 0 0.0
0.06772517 0.03134503 -3.01675 -1.92947 1.855413 1.790508 0.3277731 20.4303 nan 0 0.0
0.06159225 0.02856256 -1.096027 -5.129769 0.89344 0.8904113 0.5473692 19.19254 1.506384 0 0.0
-0.06536806 0.1027854 -1.339873 -3.323917 0.2409332 0.2076577 0.2532159 17.8597 1.497335 1 0.5662074
0.01710481 0.1022368 -1.679986 -6.774215 0.8719905 0.9070596 0.6170801 19.27329 1.803087 1 0.0009701241
0.1142552 0.06304243 -4.1561 -10.33293 1.771772 1.707924 0.7888189 19.75528 1.427919 0 0.0
-0.03345306 0.09103933 -4.285217 -2.464937 0.4270054 0.3750175 0.1943882 18.84328 1.607796 0 0.0
-0.01450543 0.06057898 -4.408286 -7.580632 0.1276114 0.1091353 0.2979713 16.19001 1.958727 1 0.0
-0.005077329 -0.01569651 -0.3566054 -2.981862 0.1921545 0.1717058 0.465898 16.94227 1.865099 0 0.0
0.0219262 0.02701339 -3.288925 -7.007326 0.1183613 0.1123394 0.4460853 16.02012 2.176619 1 0.0
0.01728834 0.0221687 -0.5630753 -1.868975 0.5556586 0.6578966 0.5821171 18.72013 1.783268 0 0.0
0.08429344 0.02828067 2.047372 0.7357464 1.823452 1.863641 0.4076629 20.46648 1.345976 0 0.0
-0.02423915 0.01152884 -1.1822 -3.987932 0.1788986 0.171884 0.1217692 16.93338 1.853294 1 0.8952551
-0.02793122 0.006249087 -2.013991 -6.165616 1.798588 1.517178 0.4954972 20.25723 1.679657 0 0.0
0.04444423 0.03408488 -1.876715 -5.589216 0.1524589 0.1405988 0.2973459 16.82684 1.575341 1 0.0
-0.05710087 0.02634411 -0.2656793 -2.798097 0.9182773 0.7126383 0.4544095 19.13726 1.497618 0 0.0
0.06360551 0.05504076 -3.155749 -3.959117 1.502606 1.265097 0.1812917 20.23429 nan 0 0.0
-0.02670991 0.09721049 -5.537496 -6.428603 0.496099 0.4336634 0.2658007 18.93267 1.446697 1 0.0
0.03458819 0.08305519 -3.025794 -3.313004 1.830519 1.60868 0.5134074 20.1083 nan 0 0.0
-0.07919108 0.05511192 -0.3140627 -5.281263 1.187981 1.189017 0.6926108 19.89114 1.355677 0 0.0
-0.01236957 0.06269314 3.90295 -5.793514 1.070952 1.092192 0.6587893 19.47773 1.778006 0 0.0
-0.005748557 0.01353588 -1.217703 -3.679769 0.1253335 0.1165539 0.3795144 16.60523 2.079468 0 0.0
0.001482878 0.07589137 -2.622833 -5.986889 1.34109 1.442708 0.6297722 20.04335 0.9326286 0 0.0
0.06265931 0.07059635 -4.15703 -6.226605 1.326448 1.270406 0.2783701 20.22365 0.7887001 0 0.0
-0.0339725 0.02577718 -4.861854 -5.575917 0.3918922 0.3628589 0.3810656 18.7372 1.611866 0 0.0
0.001879582 -0.005774245 0.2870681 -3.230001 0.8471963 0.7590648 0.7179952 18.25622 nan 0 0.0
0.06427757 0.01732356 -1.383096 -6.490725 0.3344454 0.2951423 0.1651199 18.22091 1.727207 1 0.0
-0.005992586 0.05045785 -5.952079 -4.623912 2.698669 2.888622 0.5300954 20.66895 nan 0 0.0
-0.02548957 0.08269462 -0.006232159 -0.6726476 0.7745183 0.7727417 0.5315889 19.35033 1.437523 1 0.009108032
-0.005748485 0.05218769 -2.110785 -3.217175 1.20033 1.045107 0.4476073 20.00686 nan 0 0.0
0.02558723 0.08038732 -0.06899036 -2.983209 0.4125894 0.3438814 0.305246 18.50882 1.703699 0 0.0
0.04532908 0.03460953 0.2611829 -2.093095 0.3721474 0.3362584 0.2623576 17.89141 1.895702 0 0.0
-0.03345385 0.01973946 -1.491419 -7.394657 1.401909 1.415106 0.5363182 19.9265 1.224667 0 0.0
-0.02771757 0.01276065 -2.256596 -4.44079 0.7650771 0.8092308 0.587814 18.69443 1.732384 0 0.0
-0.06344662 0.06612483 -2.387382 -5.028409 0.6788188 0.5470332 -0.137184 18.90517 1.251688 0 0.0
0.07278837 0.106878 -5.163331 -11.43266 1.232497 1.2546 0.5574937 19.80036 1.666172 0 0.0
0.1065965 0.06981682 -4.475265 -5.806265 0.1228212 0.1098687 0.2307802 16.51056 1.899159 1 0.0
0.06784698 0.04219713 -0.9775214 -0.6656422 1.555107 1.472267 0.2846401 20.21683 1.139059 1 0.1449801
0.02143756 0.0888273 -1.404819 -3.6864 0.4054294 0.3517292 0.3570077 18.59358 1.796572 0 0.0
0.06415506 0.03925043 -0.3986242 -2.780355 2.722547 3.071984 0.676883 20.5251 1.224817 0 0.0
-0.01014236 0.01216438 0.1258451 -1.288952 2.210944 1.915523 0.8997673 19.44909 nan 0 0.0
0.08237089 0.03823471 0.2032172 -4.923973 1.577719 1.686442 0.5127868 20.39813 nan 0 0.0
0.07507899 0.01659412 0.5034566 0.8685921 1.185415 1.287615 0.4644332 19.88 1.806759 1 0.02853012
-1.220497e-05 0.02153672 1.223538 -2.445232 0.9218346 0.880882 0.4515792 19.09422 nan 0 0.0
-0.0695486 0.08354142 -2.863661 -3.765154 1.795661 1.806802 0.6419248 20.48584 nan 0 0.0
0.007066553 0.07623505 -2.320162 -4.678079 1.922596 2.019438 0.6202662 20.38061 nan 0 0.0
-0.03314809 0.07848136 -6.267043 0.1020963 0.3627327 0.3288952 0.2573278 18.60415 1.639952 1 0.0
-0.01880774 0.04111988 -1.271082 -4.651023 1.350767 1.375906 0.645812 19.68482 1.69359 0 0.0
-0.05752734 0.06363623 -2.826205 -7.299109 0.8484924 0.9117207 0.5247164 19.51801 1.41573 0 0.0
0.03696859 0.04449032 0.7586198 -1.969967 1.617256 1.332511 0.4677041 19.75412 nan 0 0.0
-0.06954943 0.04769962 5.261133 5.431147 1.833549 1.792605 0.5313375 20.55055 1.430206 0 0.0
-0.09868802 0.06320165 -3.076098 -4.135821 0.1406353 0.1279465 0.2928425 16.9432 2.055098 1 0.0
-0.01563454 0.02746313 -0.834879 -3.057095 0.8602681 0.8964441 0.6437422 19.33951 1.750334 0 0.0
0.0501795 0.09615911 -2.175694 -5.693241 1.935386 1.997619 0.6166755 20.29475 1.214277 0 0.0
0.03644972 0.05788526 -1.781153 -3.660882 1.90428 1.861845 0.4036963 20.18842 0.6922169 0 0.0
-0.002514241 0.001424566 -1.620488 -3.783253 0.1535362 0.1452183 0.3296362 15.94357 2.052914 0 0.0
0.07394918 0.05202988 -6.240101 -9.224863 1.061831 1.046095 0.4542451 19.3236 1.458092 0 0.0
-0.004833187 0.01028015 -1.25617 -3.128462 0.745032 0.7925982 0.9477148 17.38245 nan 0 0.0
-0.04163043 0.07485643 -0.3735786 -2.790265 1.487848 1.501429 0.5098596 20.39019 1.198412 0 0.0
-0.02985296 0.0633861 -4.220521 -2.644251 1.458137 1.465949 0.6074745 19.02596 1.869865 0 0.0
-0.1009763 0.06657498 -5.001636 -4.452995 1.505621 1.510233 0.553308 20.39614 1.82452 0 0.0
0.04905055 0.09751211 0.0465143 -5.855571 0.499752 0.4506486 0.4186987 18.74941 1.349493 1 0.0
0.05600706 0.1047176 -4.286865 -4.352735 2.040278 2.194825 0.5872946 20.46969 1.811754 0 0.0
-0.02677065 0.1276632 -5.789471 -9.238734 1.953639 2.114743 0.4775808 20.50434 0.2526989 0 0.0
0.02744848 0.07779132 1.0707 -1.344571 2.423098 2.789956 0.8583085 20.13126 nan 0 0.0
-0.03735833 0.1093659 1.490807 0.1040343 1.053307 1.060447 0.5248543 19.67724 nan 0 0.0
