scripts/get_globular_clusters/output/NGC_6144.csv
# %ECSV 0.9
# ---
# datatype:
# - {name: x, unit: deg, datatype: float64}
# - {name: y, unit: deg, datatype: float64}
# - {name: pmx, unit: mas / yr, datatype: float64}
# - {name: pmy, unit: mas / yr, datatype: float64}
# - {name: pmx_e, unit: mas / yr, datatype: float64}
# - {name: pmy_e, unit: mas / yr, datatype: float64}
# - {name: pm_corr, datatype: float64}
# - {name: g_mag, unit: mag, datatype: float64}
# - {name: bp_rp, unit: mag, datatype: float64}
# - {name: filter, datatype: int64}
# - {name: memberprob, datatype: float64}
# meta: !!omap
# - comments: [deg deg mas/yr mas/yr mas/yr mas/yr dimless mag   mag   zeroone float]
# - __serialized_columns__:
#     bp_rp:
#       __class__: astropy.units.quantity.Quantity
#       unit: &id001 !astropy.units.Unit {unit: mag}
#       value: !astropy.table.SerializedColumn {name: bp_rp}
#     g_mag:
#       __class__: astropy.units.quantity.Quantity
#       unit: *id001
#       value: !astropy.table.SerializedColumn {name: g_mag}
#     pm_corr:
#       __class__: astropy.units.quantity.Quantity
#       unit: !astropy.units.Unit {unit: ''}
#       value: !astropy.table.SerializedColumn {name: pm_corr}
#     pmx:
#       __class__: astropy.units.quantity.Quantity
#       unit: !astropy.units.Unit {unit: mas / yr}
#       value: !astropy.table.SerializedColumn {name: pmx}
#     pmx_e:
#       __class__: astropy.units.quantity.Quantity
#       unit: !astropy.units.Unit {unit: mas / yr}
#       value: !astropy.table.SerializedColumn {name: pmx_e}
#     pmy:
#       __class__: astropy.units.quantity.Quantity
#       unit: !astropy.units.Unit {unit: mas / yr}
#       value: !astropy.table.SerializedColumn {name: pmy}
#     pmy_e:
#       __class__: astropy.units.quantity.Quantity
#       unit: !astropy.units.Unit {unit: mas / yr}
#       value: !astropy.table.SerializedColumn {name: pmy_e}
#     x:
#       __class__: astropy.units.quantity.Quantity
#       unit: &id002 !astropy.units.Unit {unit: deg}
#       value: !astropy.table.SerializedColumn {name: x}
#     y:
#       __class__: astropy.units.quantity.Quantity
#       unit: *id002
#       value: !astropy.table.SerializedColumn {name: y}
# schema: astropy-2.0
x y pmx pmy pmx_e pmy_e pm_corr g_mag bp_rp filter memberprob
[from data line 3532]
0.007107561 -0.02154825 -1.811852 -1.653983 1.4907 1.068385 0.03481454 20.09809 1.19479 0 0.0
0.04682923 -0.04128699 -6.392995 -7.624945 0.3508842 0.26089 0.009250531 17.89048 1.606495 0 0.0
-0.01303463 0.007448663 -2.018678 -6.723028 1.447875 1.000682 0.1798642 19.53931 1.197466 0 0.0
0.01428626 -0.06237378 -1.26353 -3.901569 0.1376913 0.09313951 0.06796595 16.06264 1.36105 1 0.0
-0.02079649 0.01016933 -2.322258 -2.345459 0.2556193 0.1859516 0.09874262 17.44532 1.365206 0 0.0
-0.01000282 -0.007817458 1.946987 -12.03899 3.131357 2.269329 -0.5759143 20.44945 nan 0 0.0
0.005271347 -0.003031613 -1.532872 -2.997991 1.488819 1.067208 0.3187502 19.91348 nan 0 0.0
-0.0150233 0.01007675 -1.876465 -2.48438 0.2847978 0.1949208 0.1507554 17.61782 1.434975 0 0.0
-0.007780019 -0.03245642 -5.56477 -2.491974 1.636109 1.183024 -0.08370428 20.17874 1.130795 0 0.0
-0.01381627 0.007635493 -2.807008 -2.936782 1.324627 0.9719448 0.1686709 19.94718 1.447411 0 0.0
-0.0100385 -0.07147139 -1.171852 -1.062088 0.7785935 0.5448761 0.1437647 19.27931 1.13501 0 0.0
-0.09136583 -0.03979307 -1.215839 -0.8422095 0.982445 0.7012553 0.2668022 19.5452 1.158188 0 0.0
-0.06586285 0.01982486 -6.132445 -2.809007 0.8445372 0.6439045 0.1136243 19.5017 1.289192 0 0.0
0.05085773 -0.04441291 -0.6355145 -3.80492 2.362084 1.743047 -0.4807865 20.2936 1.578403 0 0.0
-0.009565922 0.01488384 -1.173027 -2.395288 0.6262442 0.3569351 0.4799688 18.3732 1.391426 0 0.0
0.02040712 -0.01275312 -1.195268 -2.579339 1.037313 0.7302927 0.01590086 19.61466 1.240936 0 0.0
0.00133606 -0.01140476 -0.998577 -1.04833 1.076633 0.7660535 0.2584166 19.70852 1.068153 0 0.0
-0.0471614 -0.07089679 1.794265 -3.478098 1.21347 0.8171625 0.4738025 19.70202 1.184502 0 0.0
0.07536529 -0.001588943 4.311432 4.479422 1.307158 0.9128316 0.1846245 19.80773 1.520908 0 0.0
0.03008785 -0.06130293 -1.853691 -4.774995 1.367541 0.9858248 0.02211663 19.96522 1.089981 0 0.0
-0.02536093 0.0644878 -2.818663 0.7209198 0.703177 0.531434 0.08353501 19.25547 1.398054 0 0.0
-0.01332269 0.008335548 -1.584494 -2.742312 0.1393791 0.09609646 0.1043961 16.15254 1.570623 1 0.9994838
-0.02231749 0.004124663 -1.197804 -2.533781 0.4808777 0.2893896 0.2307476 18.08506 1.453554 0 0.0
-0.05592651 -0.02427552 -0.06412128 -6.097789 4.099084 3.065684 -0.4147607 20.71668 1.753056 0 0.0
0.02430056 0.05212078 -1.685196 -1.883822 2.1577 1.558785 -0.2937909 20.34395 1.396065 0 0.0
-0.01563981 0.005712657 -2.291463 -3.106911 0.7643815 0.5539489 0.1855078 19.2383 nan 0 0.0
-0.0123225 0.01630074 -2.063109 -3.43781 1.515276 1.137973 0.06704695 20.14356 1.080708 0 0.0
0.0259939 0.01740096 -1.727871 -2.61798 0.1144452 0.0778099 0.08535385 15.69326 1.664326 1 0.9997869
-0.004256748 -0.0409077 -2.87157 -0.0515599 2.879601 1.839313 -0.4802693 20.33014 nan 0 0.0
-0.03860562 -0.002225314 -0.9898879 -2.467546 1.116988 0.828658 0.20369 19.73541 1.44483 0 0.0
0.01188275 0.02142393 -1.332952 -2.693741 0.2028198 0.1398579 0.05588673 16.8839 0.7417755 0 0.0
-0.04376393 0.005207721 -1.418731 -2.353102 0.3870293 0.2819726 0.1265577 18.28106 1.459389 0 0.0
-0.003190554 0.06786841 0.3297026 -0.8607666 2.239059 1.65332 -0.3635845 20.39321 1.378092 0 0.0
-0.01799151 -0.03891201 -8.094039 2.258742 1.572801 1.145543 0.03656888 20.15534 1.202507 0 0.0
-0.002407447 0.01508066 -2.948601 -3.916516 1.564894 1.027927 0.2443241 19.49286 1.059769 0 0.0
-0.0152546 -0.003934662 5.998698 -2.588664 2.704855 1.628146 -0.1620176 20.16214 1.380144 0 0.0
-0.05788885 0.03528812 0.363176 -3.455389 2.943589 2.239775 -0.4195604 20.49787 nan 0 0.0
-0.01536919 0.03346461 0.3925213 -3.487547 1.0515 0.7634198 0.1413718 19.74303 1.211267 0 0.0
0.03358753 -0.04390506 -1.961912 -4.283469 0.2517121 0.1771282 0.177326 17.34178 1.536327 0 0.0
0.00033516 -0.02330089 -1.369762 -2.47331 0.6312024 0.4408914 0.1771895 18.98322 1.103552 0 0.0
-0.01869204 0.05640381 -2.44384 -1.061752 1.721002 1.238654 0.03103498 20.317 1.254402 0 0.0
0.05497187 0.01868606 -5.867701 -5.057227 0.3479285 0.2357883 0.1633383 17.97421 0.9284115 0 0.0
-0.001351568 0.0208485 -1.756074 -2.709639 0.09554677 0.06530746 -0.1388744 14.92844 1.624737 1 0.9998277
0.02036636 -0.0106226 0.8259426 -1.982731 0.8743169 0.6139062 0.02053755 19.34846 1.257414 0 0.0
0.01840752 0.0007169096 -1.227719 -2.946268 1.198113 0.8530901 0.1793741 19.84311 1.084585 0 0.0
-0.05339765 -0.03834294 -0.1645981 -3.740089 0.9934354 0.703434 0.2650287 19.47372 1.033909 0 0.0
-0.008301935 -0.01817423 -2.029198 -2.383679 0.6162682 0.4641091 0.1583745 18.77876 0.9576054 0 0.0
-0.007124733 0.01199247 -1.395426 -1.640077 0.3575124 0.2408986 0.1429955 18.03592 1.409819 0 0.0
0.003626825 0.02462691 -1.304815 -2.836715 0.4930663 0.281613 0.5623584 17.8063 1.50182 0 0.0
-0.01867129 0.01212091 0.7060324 -2.548961 1.259261 0.8257831 0.3838404 19.71667 1.124968 0 0.0
-0.06309921 -0.04435209 -0.9743436 -4.109923 1.841309 1.245053 -0.2423502 20.12236 1.013332 0 0.0
0.02084637 -0.009792989 -5.898394 -2.453435 2.02843 1.217846 0.2647591 20.15026 1.474945 0 0.0
-0.01299159 -0.009692675 -3.955794 -2.766739 1.314188 0.9533636 0.191369 19.35487 1.258469 0 0.0
-0.001091118 0.03387379 -1.195009 -2.726015 0.6927693 0.4963888 0.1194883 19.14126 1.102226 0 0.0
-0.01075851 0.009463054 -0.4879014 -2.406237 0.5180706 0.3606631 0.1875693 18.51754 1.368267 0 0.0
-0.0315131 -0.01576156 -3.522535 -4.259943 1.403832 0.9001993 0.3481694 19.82656 1.239017 0 0.0
-0.0187386 0.004260711 -2.028749 -1.651531 1.282831 0.8835927 0.176552 19.72671 1.323479 0 0.0
-0.008194896 0.01961989 -1.282077 -2.903428 1.659649 1.08735 0.2973113 19.7358 1.170132 0 0.0
0.04821255 0.0227841 -0.8199726 -2.343636 0.6840457 0.4610991 0.2239249 18.98337 1.421158 0 0.0
-0.03518462 -0.02495793 -4.984285 -2.122873 0.8004644 0.5582904 0.1201818 19.25323 1.364216 0 0.0
-0.06461341 -0.007729916 3.624264 -5.946336 3.45623 2.984248 -0.5615992 20.47945 1.056652 0 0.0
-0.02013789 0.007941662 -0.3746707 -2.030723 0.9721398 0.5768138 0.486956 19.09986 1.212008 0 0.0
-0.005888248 -0.03370944 -3.905668 -2.55758 1.385959 1.037794 -0.01861595 20.09331 1.120523 0 0.0
0.009110334 -0.005906222 -3.964377 -0.1489843 2.729171 2.422318 -0.2092154 20.20444 nan 0 0.0
-0.006039075 -0.03292934 -2.268215 -2.120298 1.065179 0.6876811 0.334578 19.49201 1.010519 0 0.0
0.05294359 0.0217788 -1.556935 -2.145085 0.5739096 0.3958104 0.1572374 18.6884 1.263052 0 0.0
-0.01437943 0.01525147 -1.486357 -2.615579 0.7388568 0.5420755 0.1294322 19.27505 1.23056 0 0.0
0.06158102 0.01678687 -5.209666 9.285496 2.675373 1.834713 -0.293409 20.57583 nan 0 0.0
0.01824497 0.01355721 -1.969103 -2.686227 0.4708106 0.354384 0.107746 18.18281 nan 0 0.0
0.07408783 -0.005187297 0.03854089 -2.863906 0.9600319 0.6911113 0.1155557 19.6078 1.382324 0 0.0
-0.07923945 0.02770157 0.6988582 -8.529116 2.188995 1.514274 0.1626509 20.25019 1.726711 0 0.0
0.02281252 -0.05187137 -0.8574643 -2.648891 0.8203089 0.5853007 0.1622921 19.40102 1.081429 0 0.0
0.06496645 0.01338424 1.302592 -7.252068 2.692143 1.458385 -0.2414904 20.1857 1.21874 0 0.0
0.02678291 -0.01061054 -2.459121 -2.197914 0.8834975 0.6460266 0.1513637 19.38689 1.230639 0 0.0
0.01540607 0.01177996 -5.710784 1.256838 2.682217 1.836508 -0.4334129 20.39697 nan 0 0.0
-0.04070316 -0.003173975 -0.6848 -0.8076451 1.165011 0.8573426 0.1446641 19.88617 1.285488 0 0.0
0.01294572 0.08472869 -2.15704 -3.525187 1.045802 0.7825575 0.1106836 19.81313 1.581537 0 0.0
0.0004587379 0.02685094 0.3348724 -0.3305637 0.2988666 0.2077973 0.05933639 17.80623 1.392334 0 0.0
0.05162589 -0.07414498 2.800491 -5.368739 1.244828 0.8924388 0.1543943 19.95758 1.459406 0 0.0
0.0310829 0.02177327 -2.406965 0.7467155 0.5330713 0.3714667 0.1515684 18.45507 1.456139 0 0.0
0.01831976 -0.03444505 -1.250486 -0.688913 2.160068 1.536087 -0.3904313 20.28645 1.109962 0 0.0
-0.06225759 0.02274698 -3.288122 -2.259761 1.420601 1.040978 0.1163157 20.09759 1.307007 0 0.0
0.03177462 -0.006695998 -1.498078 -2.345547 1.121314 0.825188 0.1128327 19.77206 nan 0 0.0
0.01758669 0.01328456 -6.41018 -5.842884 0.9589865 0.706288 0.003928273 18.8512 nan 0 0.0
0.0599174 -0.04521445 -2.130188 -0.9358239 1.113081 0.8011066 0.04683373 19.76377 1.361504 0 0.0
0.02386664 0.009485916 -1.642612 -2.753726 0.3138369 0.2094059 -0.3340232 17.21383 1.521002 0 0.0
-0.03977585 0.05232828 -3.427827 -8.255974 3.437631 2.470266 -0.4760176 20.51917 1.212086 0 0.0
-0.008725518 -0.03722295 -3.090471 -1.101472 3.502183 2.741379 -0.5144317 20.64807 nan 0 0.0
-0.04848053 0.03728366 -4.280133 -3.851989 2.295882 1.693334 -0.4676394 20.21614 1.315153 0 0.0
-0.01954641 -0.003044566 0.8251678 -4.108159 1.457505 1.002511 0.07170975 19.99425 1.187944 0 0.0
-0.04975919 -0.05249005 -6.89066 -0.9436174 2.672242 1.873143 -0.3895097 20.50829 1.237265 0 0.0
0.003308892 -0.06372908 -5.410733 -5.096569 0.3712997 0.2539528 0.1841577 17.88561 1.26745 0 0.0
-0.03784383 -0.02592006 -4.008344 -1.467719 0.8146809 0.5724592 0.1997558 19.34437 1.360315 0 0.0
0.02772263 0.02072698 -2.359727 -1.889293 0.7032332 0.4864029 0.1896411 18.81246 1.452393 0 0.0
-0.032031 -0.07715351 0.9651644 -4.4021 2.107488 1.443427 -0.3949774 20.20033 1.284813 0 0.0
-0.04701179 0.0344919 -0.5515186 -5.11975 2.497219 2.006122 -0.4729573 20.4105 1.101175 0 0.0
-0.04120337 0.05477682 -7.918137 -5.518191 1.17958 0.8313778 0.2613295 19.80212 1.482759 0 0.0
0.01196393 0.01057874 -4.62216 -0.9784169 0.8437536 0.6140055 0.1714842 19.19935 nan 0 0.0
0.01280908 -0.03575848 3.245444 -2.723453 2.960257 2.289546 -0.4079496 20.61532 1.238031 0 0.0
0.04201426 0.02462326 0.1012823 -0.5216098 2.370346 1.596961 -0.3583739 20.29276 1.32699 0 0.0
0.01134377 -0.02119191 -2.103445 -1.121334 2.350598 1.580175 0.5641695 19.97705 1.142406 0 0.0
0.01620152 0.01239593 -2.714005 -2.361814 1.027627 0.7597737 0.05822916 19.65803 1.086081 0 0.0
-0.02426806 -0.04556215 -3.310801 -0.28611 2.559016 1.880825 -0.3825257 20.52952 1.090317 0 0.0
0.009905669 -0.004859152 -4.194205 -4.496011 1.826955 1.3637 0.2454102 20.07454 nan 0 0.0
-0.009794784 -0.03621786 -1.087851 -2.618648 1.337221 0.8961944 0.3314685 19.81566 1.243557 0 0.0
0.01300039 -0.04113341 -0.3052009 -7.342271 1.081493 0.8511542 0.4400472 19.49108 nan 0 0.0
-0.01133437 0.0086066 -2.989148 -2.211513 1.62989 1.144189 0.09772762 19.99066 1.124418 0 0.0
-0.01161418 -0.07365163 -2.388178 -2.336642 0.5712792 0.4007063 0.1288487 18.77484 1.388304 0 0.0
0.02935559 -0.03022633 -2.509365 -3.14173 1.756738 1.220442 -0.003502304 20.28598 1.007673 0 0.0
-0.005245331 -0.003449321 -1.745912 -2.456265 0.9172249 0.6929344 0.5139891 19.13005 nan 0 0.0
-0.01972716 0.01183082 -6.316628 -0.7053742 1.476259 1.060426 0.2175436 19.99737 1.024981 0 0.0
0.03143982 -0.02810017 -2.920324 -2.135425 0.8852178 0.6191972 0.02645877 19.33686 1.448011 0 0.0
0.02532945 -0.01126634 0.7929095 -1.984852 1.182448 0.8469441 0.09645717 19.88218 1.120876 0 0.0
-0.03327354 -0.04447908 -0.210702 -3.206501 1.17137 0.8482618 0.358916 19.6428 1.130661 0 0.0
0.01155253 0.01046243 -1.497647 -1.902181 0.8615417 0.6134641 0.2091832 18.72549 1.2188 0 0.0
0.01489588 -0.0102384 -1.593293 -3.640153 0.809864 0.575828 0.1630935 19.37585 1.190214 0 0.0
0.009535367 -0.006058844 -6.085946 -2.294421 2.245569 1.263777 0.5692514 19.93162 nan 0 0.0
0.0667043 0.006801005 -2.412132 -3.612131 1.745363 1.224892 0.03689621 20.25813 1.291422 0 0.0
-0.005231637 -0.003062128 -4.272394 -7.820642 1.689167 1.236041 0.1382215 20.05625 nan 0 0.0
-0.02995766 -0.04006458 -1.928222 2.438431 2.579554 1.981785 -0.1791745 20.42449 1.252459 0 0.0
-0.05653038 -0.02288344 -2.704443 -6.772563 1.351638 0.9612757 0.2869251 20.01279 1.111645 0 0.0
-0.04904176 0.03455973 -2.026534 -2.440103 1.02048 0.7739581 0.130825 19.77927 1.256948 0 0.0
-0.003940551 -0.06869011 -1.887974 -2.813629 0.3904632 0.2738149 0.1554034 18.16519 1.428093 0 0.0
0.02804458 -0.009348169 -2.526403 -0.3337388 0.843707 0.6439966 0.06554722 19.31046 1.017626 0 0.0
0.0805947 -0.05372217 -0.5373397 -3.660155 1.153589 0.8102484 0.2622545 19.71606 1.563694 0 0.0
-0.04030572 -0.00261117 -0.5714301 -4.09545 1.861445 1.2157 0.1797529 20.22447 nan 0 0.0
0.08542473 -0.04593598 1.246494 -6.23518 2.623735 1.918235 -0.2324126 20.48765 1.128891 0 0.0
0.01031698 -0.005114772 -1.780418 -4.117641 0.9349525 0.6917848 0.08600419 19.44695 nan 0 0.0
-0.008687976 0.01112262 -3.640866 -3.696192 1.711416 1.073073 0.3974028 20.02614 nan 0 0.0
0.00881466 0.07372368 -0.9277405 -4.510394 3.097213 2.317933 -0.3831167 20.65 nan 0 0.0
0.02513744 -0.01152761 -2.891858 -4.070798 2.879962 2.054076 -0.09998395 20.34962 nan 0 0.0
-0.01989589 -0.04437496 -1.716179 -11.81371 3.428453 2.806007 -0.3739835 20.69893 1.12631 0 0.0
0.007930009 -0.02317336 4.432886 -7.553658 2.815461 1.810164 -0.1565632 20.46794 nan 0 0.0
0.008630394 -0.006592831 1.043423 0.3214286 2.193157 1.306112 0.3942872 19.42855 nan 0 0.0
0.03594633 0.04973933 -8.868134 -4.555133 1.539579 0.9273976 0.569239 19.65406 1.861959 0 0.0
-0.05086771 -0.02471954 -4.218209 -1.715005 0.9894998 0.7129016 0.2330275 19.5821 1.224918 0 0.0
-0.01817644 0.004554531 -4.388336 -7.757158 0.7728073 0.5356187 0.1883757 18.97498 1.294485 0 0.0
0.009521599 -0.006756932 -1.644994 -2.932206 0.3128014 0.2132205 0.1650938 17.67948 nan 0 0.0
0.02071383 0.01608022 -8.458833 0.2154345 4.208981 2.226103 -0.03458774 20.59064 nan 0 0.0
0.01042657 -0.006232488 -6.454452 -7.932585 2.1925 1.377121 0.3955049 19.84958 nan 0 0.0
-0.04981865 -0.009342042 -5.019039 4.30854 0.8549657 0.6249223 0.1665179 19.4043 1.42333 0 0.0
0.01898676 -0.0632709 -8.17498 -0.01284421 2.82386 2.093791 -0.3837416 20.6529 1.263 0 0.0
0.01150986 -0.005084366 -1.919933 -3.000742 0.8532801 0.5993972 0.1906166 19.4118 1.197794 0 0.0
-0.004464486 0.0151054 -1.812587 -2.709972 0.1002558 0.06636175 0.05276295 15.22004 1.746885 1 0.9998453
0.02552805 -0.04363028 -3.910582 -7.645309 0.3252259 0.2229151 0.1783793 17.80064 1.542358 0 0.0
0.003885965 -0.01881296 0.3907191 -2.588257 1.512299 1.081741 0.01939479 20.09373 nan 0 0.0
0.03058947 0.02288729 -3.377169 -3.391719 1.061571 0.7251931 0.1166805 19.62218 1.355902 0 0.0
-0.0007347919 0.07944986 -0.08448483 0.522396 1.27059 0.9523245 0.04981444 20.01274 1.771196 0 0.0
0.08420527 -0.04535144 -5.234935 -4.645322 2.17961 1.608776 -0.2735556 20.34788 1.335751 0 0.0
0.01064599 -0.005807169 -2.812018 -2.557467 0.5590351 0.3921506 -0.01475023 18.67008 nan 0 0.0
0.02360172 -0.01227306 -0.5199176 -2.592061 1.238321 0.8637893 0.1122428 19.8518 1.306246 0 0.0
-0.00612289 -0.002909584 0.2120005 -1.451221 0.8602304 0.6060451 0.2099675 19.3739 nan 0 0.0
0.03444079 0.0145225 -10.53822 -6.884368 4.233168 2.898769 -0.2321622 20.75843 nan 0 0.0
0.01323393 -0.03650621 -3.434467 -3.693687 1.60069 1.177315 0.04811155 20.20881 1.163363 0 0.0
0.001719985 -0.009268537 0.08029955 -5.639742 3.28896 2.136602 -0.2424371 20.43181 nan 0 0.0
0.06544005 -0.07166088 -0.2359496 -6.990289 0.8369097 0.627269 0.1505462 19.30794 1.266304 0 0.0
0.01888481 -0.01558337 -1.855341 -3.126375 1.317175 0.9390215 0.2244312 20.00104 1.187695 0 0.0
-0.04066283 -0.0008508101 -1.232529 -2.068058 0.4542018 0.3270892 0.1209245 18.42898 1.425268 0 0.0
0.01044164 0.008978616 -19.46257 25.91915 2.541557 2.352441 -0.6342138 19.50238 nan 0 0.0
0.007642091 -0.02359105 -2.22747 -2.247029 1.194301 0.7005356 0.1911106 19.46138 0.8306179 0 0.0
0.0163503 -0.002389857 -0.5043698 -2.875897 0.7326436 0.5185787 0.1278524 19.16142 1.247028 0 0.0
0.005876718 0.0382739 -1.938009 -1.262277 1.307933 0.9744466 -0.04090547 19.87859 1.406799 0 0.0
-0.03173722 0.001841305 -0.660404 -2.625753 2.068144 1.718449 -0.2451133 20.18263 1.294445 0 0.0
-0.03868558 -0.009227217 -3.08249 -3.126676 0.4956821 0.2950612 0.4147057 17.34542 1.65686 0 0.0
0.011045 0.008974746 -2.112534 -3.152211 0.8423841 0.5596753 0.1997261 19.27504 0.9973679 0 0.0
0.007505023 -0.02323628 -1.901543 -2.848051 1.060226 0.6975378 0.214251 19.40862 1.041464 0 0.0
0.01619897 -0.006042408 -1.114522 -1.636775 3.166137 2.45035 -0.2582635 20.7015 nan 0 0.0
