scripts/get_globular_clusters/output/NGC_6287.csv
# %ECSV 0.9
# ---
# datatype:
# - {name: x, unit: deg, datatype: float64}
# - {name: y, unit: deg, datatype: float64}
# - {name: pmx, unit: mas / yr, datatype: float64}
# - {name: pmy, unit: mas / yr, datatype: float64}
# - {name: pmx_e, unit: mas / yr, datatype: float64}
# - {name: pmy_e, unit: mas / yr, datatype: float64}
# - {name: pm_corr, datatype: float64}
# - {name: g_mag, unit: mag, datatype: float64}
# - {name: bp_rp, unit: mag, datatype: float64}
# - {name: filter, datatype: int64}
# - {name: memberprob, datatype: float64}
# meta: !!omap
# - comments: [deg deg mas/yr mas/yr mas/yr mas/yr dimless mag   mag   zeroone float]
# - __serialized_columns__:
#     bp_rp:
#       __class__: astropy.units.quantity.Quantity
#       unit: &id001 !astropy.units.Unit {unit: mag}
#       value: !astropy.table.SerializedColumn {name: bp_rp}
#     g_mag:
#       __class__: astropy.units.quantity.Quantity
#       unit: *id001
#       value: !astropy.table.SerializedColumn {name: g_mag}
#     pm_corr:
#       __class__: astropy.units.quantity.Quantity
#       unit: !astropy.units.Unit {unit: ''}
#       value: !astropy.table.SerializedColumn {name: pm_corr}
#     pmx:
#       __class__: astropy.units.quantity.Quantity
#       unit: !astropy.units.Unit {unit: mas / yr}
#       value: !astropy.table.SerializedColumn {name: pmx}
#     pmx_e:
#       __class__: astropy.units.quantity.Quantity
#       unit: !astropy.units.Unit {unit: mas / yr}
#       value: !astropy.table.SerializedColumn {name: pmx_e}
#     pmy:
#       __class__: astropy.units.quantity.Quantity
#       unit: !astropy.units.Unit {unit: mas / yr}
#       value: !astropy.table.SerializedColumn {name: pmy}
#     pmy_e:
#       __class__: astropy.units.quantity.Quantity
#       unit: !astropy.units.Unit {unit: mas / yr}
#       value: !astropy.table.SerializedColumn {name: pmy_e}
#     x:
#       __class__: astropy.units.quantity.Quantity
#       unit: &id002 !astropy.units.Unit {unit: deg}
#       value: !astropy.table.SerializedColumn {name: x}
#     y:
#       __class__: astropy.units.quantity.Quantity
#       unit: *id002
#       value: !astropy.table.SerializedColumn {name: y}
# schema: astropy-2.0
x y pmx pmy pmx_e pmy_e pm_corr g_mag bp_rp filter memberprob
[from data line 5010]
-0.05216698 -0.01001989 -4.766518 1.815528 2.119565 1.663148 0.4183281 20.13513 1.176889 0 0.0
-0.05048052 0.07334331 -2.71068 -6.609905 0.1591434 0.09404665 0.1808855 16.03506 2.303322 1 0.0
0.02210738 0.08224288 -5.914615 -5.05143 0.262025 0.1603312 0.2907402 17.43535 2.012716 1 0.0
-0.005747416 -0.01830322 -7.973047 0.1898716 2.283549 1.610199 0.4981213 20.24161 nan 0 0.0
-0.02013083 -0.02049994 -5.265807 -2.047783 0.8708478 0.5471722 0.2073562 19.41337 1.451973 0 0.0
-0.00895823 0.01099348 -4.968704 -1.431812 0.5022685 0.3156457 0.06154988 18.09023 1.207373 0 0.0
0.05219044 0.004849794 0.2735734 -6.29542 0.5903977 0.3653298 0.3349331 18.56306 2.117393 1 0.0
0.06198321 -0.06707277 -4.811882 -3.760816 2.064486 1.35201 0.5482554 20.21312 1.250769 0 0.0
-0.01546123 0.00544061 -5.132023 -2.396079 0.4034153 0.2604685 0.1188315 17.92306 2.141403 0 0.0
0.009508861 -0.01913503 -5.250397 -1.894795 0.4096717 0.2285724 0.03771626 17.92649 1.828905 0 0.0
0.01909739 -0.09026675 -4.409688 -5.183771 2.386516 1.679603 0.5526709 20.41806 nan 0 0.0
-0.01199875 0.009454018 -5.310145 -2.317198 0.1966474 0.1201852 -0.001181941 16.60974 2.425083 1 0.9769183
0.05010658 0.00337047 -10.0419 -14.30665 0.7048877 0.4369652 0.3577343 18.91759 2.072472 0 0.0
-0.02050024 0.00276203 -3.376591 -1.024491 2.151471 1.365211 0.5198496 20.12727 2.068562 0 0.0
-0.00845435 0.05798676 -6.619197 -1.610876 2.003745 1.261244 0.6582063 19.92393 1.780396 0 0.0
-0.007886081 -0.02869838 -4.651023 -1.879104 0.2592767 0.1625 -0.04273754 17.45803 1.920118 1 0.9950078
-0.08126511 -0.02497242 -6.794056 -5.508855 1.094535 0.7279405 0.107218 19.41768 1.522217 0 0.0
0.009228363 -0.004564779 -9.568646 -7.321552 1.909302 1.178532 0.3648819 19.5847 nan 0 0.0
-0.09237896 -0.03110206 -3.392908 -5.11383 0.6784598 0.4859139 0.1885186 18.66095 1.412729 0 0.0
0.03768585 -0.01623691 6.206603 7.646974 3.195741 2.059327 0.4316469 20.55464 1.399603 0 0.0
-0.002257182 -0.00947591 -15.41859 -9.5336 2.208999 1.500465 0.1547459 19.08547 nan 0 0.0
-0.09341995 -0.0316807 -5.866225 -4.766025 0.668118 0.4825284 0.1554497 18.75456 1.739109 1 2.625074e-06
0.09355287 0.01323538 -6.925203 -0.8438808 3.858748 2.524714 0.5197612 20.87577 1.036182 0 0.0
-0.02625683 -0.0736168 -2.742621 -3.337353 0.0948965 0.06242618 -0.02494216 14.78797 2.354103 1 0.0
0.03506477 0.08113201 -6.26875 -3.122764 2.553896 1.854743 0.5033992 20.36049 1.530993 0 0.0
0.02082661 -0.004463056 -5.010009 -2.30452 0.2595599 0.1519513 0.0005193617 17.30749 1.066858 0 0.0
-0.06716706 -0.01781604 -5.927235 0.6788181 1.096842 0.7414466 -0.06097212 19.51595 1.411608 0 0.0
-0.06903634 0.004964407 -5.621366 -0.9865792 0.5349908 0.3680628 0.2294627 18.35928 1.92495 1 0.490728
0.02625636 -0.02221759 5.422683 0.8691064 0.9898225 0.602605 0.2094979 19.14287 1.852581 0 0.0
-0.08789529 0.04335044 1.34416 1.623264 0.3808455 0.2517248 -0.1932616 17.77386 2.326464 1 0.0
0.01871743 0.01125952 -3.013338 -3.736465 1.560002 0.9407874 -0.1823481 19.61774 1.792868 0 0.0
-0.0300152 4.993264e-05 -5.114525 -2.352773 0.2450879 0.1572196 0.103064 17.43331 1.978289 1 0.9756712
-0.0416263 -0.0514229 -5.65603 -1.507089 0.9288347 0.6265992 -0.03961503 19.37361 1.369947 1 0.8932011
0.02116441 -0.004516513 -4.474217 -1.899533 2.976088 1.93568 0.5812114 20.45602 nan 0 0.0
-0.009293386 -0.02868511 3.187718 3.953258 2.133642 1.378173 -0.02344852 19.1732 1.641647 0 0.0
0.04841804 -0.07432285 -5.699165 -0.7180852 1.877864 1.308786 0.4451097 19.99973 1.472404 0 0.0
-0.008420859 -0.02866217 -7.648381 -2.250952 2.878343 1.787238 0.6106031 20.41827 nan 0 0.0
0.006299332 -0.03327402 -5.545119 -14.58714 0.8283669 0.5189841 0.07789052 18.75784 2.051516 0 0.0
0.03213975 -0.0197164 -1.387825 -8.739698 2.162078 1.242308 0.2644975 20.13787 1.64789 0 0.0
-0.0221052 0.00444597 -5.126846 0.2704989 2.022862 1.351624 0.5600479 20.14931 2.056545 0 0.0
-0.008420078 -0.04133841 -4.376023 -3.500206 3.144215 1.914007 0.3519453 20.77047 3.083044 0 0.0
0.005006477 0.01651927 -6.682978 -1.118335 1.549961 0.9581691 0.2270604 19.75675 1.465895 0 0.0
0.01390163 -0.002663548 5.932105 -3.869811 2.913106 2.092529 0.3275163 20.01326 nan 0 0.0
-0.0538274 -0.08252264 -2.807534 -6.011729 0.9192059 0.6345589 -0.07121312 19.35635 1.630013 1 0.0
0.03564223 -0.08106902 -0.272409 -8.583754 1.224205 0.7531828 0.1943258 19.78382 1.24855 0 0.0
-0.02940903 -0.06957387 0.4121148 -3.937759 1.280389 0.8575791 -0.1302731 19.72735 1.749392 0 0.0
0.02754134 -0.07081707 3.343753 -1.772141 1.294871 0.7989526 0.2389094 19.82269 1.582886 0 0.0
0.04299439 0.03665421 -5.668968 1.978518 4.31314 2.473162 0.5963555 20.70415 1.65484 0 0.0
-0.00338314 -0.01122688 3.088321 4.161093 2.40613 1.328918 -0.2041014 19.61797 nan 0 0.0
0.07073654 -0.06252417 -7.034718 -2.644781 1.412316 0.895347 0.1869144 19.96394 nan 0 0.0
-0.07407358 0.05312805 -2.599093 -1.328614 0.9458331 0.5874904 0.1460245 19.21792 1.870993 1 0.1348301
-0.07460108 -0.06411695 1.950647 -5.185985 2.47185 1.857574 -0.201168 20.46914 1.639793 0 0.0
0.0002200629 0.01683408 -5.763413 -4.570013 2.411227 1.514746 0.5766132 20.28724 nan 0 0.0
-0.04319424 -0.07664234 -0.5070547 -1.114094 2.702901 1.771312 0.08883348 20.33174 1.565563 0 0.0
0.01817875 -0.01695963 -4.740329 -1.790728 1.211375 0.630701 0.2977755 19.59286 1.707104 0 0.0
0.003823854 0.01304412 -5.239745 -2.491793 0.6146488 0.4226277 0.2735886 18.48533 2.010817 0 0.0
-0.0356579 -0.0607367 -2.120057 -6.078609 0.1220811 0.07851375 0.005350318 13.77166 2.868155 1 0.0
-0.01168314 -0.05987616 1.077499 -1.421428 2.657367 1.935798 -0.246113 20.56456 1.944572 0 0.0
0.03059374 -0.01023843 0.4506227 -1.106974 0.2082426 0.1261201 -0.008191887 13.01203 3.209706 1 0.0
0.02006673 -0.0030763 -0.8253301 0.320371 2.055392 1.346615 0.549765 20.13456 1.780745 0 0.0
-0.01182529 -0.04310105 -5.006429 -3.022483 0.8469279 0.5426131 0.1950191 19.40397 1.588577 0 0.0
0.007681298 0.0175968 -5.783147 -2.064922 1.28808 0.7194013 0.2592728 19.74076 1.568863 0 0.0
5.111803e-05 -0.0159933 -8.922245 0.6678793 3.018818 1.844544 0.07312592 20.56329 nan 0 0.0
-0.04864195 0.05156969 -18.82665 -23.84303 3.119274 1.743443 0.7117474 20.1414 2.103392 0 0.0
0.02178472 0.001672736 0.9270959 0.02432267 1.464631 0.852061 0.1167392 19.67734 1.547377 0 0.0
-0.004255561 -0.01829172 -4.279453 -2.332388 2.520432 1.521469 0.3883272 20.4866 nan 0 0.0
-0.01250274 -0.02105025 -2.534848 -1.418541 1.031824 0.6208268 0.1577948 19.5922 1.412853 0 0.0
-0.008899177 -0.03120469 -5.031065 -1.787458 0.08190957 0.05246877 -0.07035035 13.86036 2.287887 1 0.9987928
-0.002623495 0.009443075 -26.02023 -13.63379 1.741091 0.8076596 0.09138565 19.78977 nan 0 0.0
-0.09110383 0.04062846 -5.80066 -5.484726 0.2843256 0.1760086 0.05842749 17.35724 1.781263 1 0.0
0.07149646 -0.0621946 -0.9139958 0.8654551 1.26738 0.7632568 0.2482571 19.7702 1.210028 0 0.0
-0.02784745 -0.0001956573 -7.638301 -0.5945634 1.367449 0.8850883 0.08131664 20.13472 1.627234 0 0.0
-0.001300298 0.01339321 -5.140455 -2.074843 0.1463038 0.08725011 0.0320416 16.31608 2.01656 0 0.0
-0.01748055 -0.05486427 -3.339757 -11.1304 0.2756975 0.1798045 -0.05803816 17.5481 1.633438 1 0.0
-0.001074628 -0.04167957 -4.038442 -2.138697 0.7989969 0.5058702 0.1622414 19.02237 1.663435 0 0.0
0.04219028 -0.0141554 -10.10175 -0.3734412 3.352341 2.136987 0.2953696 20.7656 1.760191 0 0.0
0.02361476 0.00246589 0.6592457 -0.1327262 2.3894 1.677817 0.4328163 20.06399 1.66013 0 0.0
-0.03008471 -0.06785549 -2.431992 -2.394898 0.799751 0.5387857 -0.06461323 19.11568 1.65432 1 0.05428344
-0.009069521 -0.00902415 -14.16785 4.130287 1.966257 1.392926 -0.2050402 19.65616 1.043598 0 0.0
-0.05931641 -0.01152197 -2.64116 -0.8531879 2.364421 1.780767 0.3835047 20.28121 1.460148 0 0.0
-0.01093466 0.08175976 -1.97782 -1.622604 1.145129 0.6359285 0.276166 19.60113 1.653837 0 0.0
-0.003551603 -0.02800011 -4.64819 -3.662626 4.146255 2.621952 0.5403081 20.60674 1.31839 0 0.0
-0.06928027 -0.06919915 -4.383192 0.4823247 0.9080535 0.6209838 -0.02919937 19.33578 1.437979 1 0.01006183
0.01148 -0.009855935 -18.37295 -9.2881 2.351547 1.342298 0.3714219 19.8373 1.771156 0 0.0
0.03459171 -0.007500433 -6.560586 -4.212376 3.425378 2.193151 0.6489336 20.62218 1.647411 0 0.0
-0.01571135 -0.02297701 -5.696331 -1.826463 0.7748227 0.4933563 0.2243996 19.0431 1.698788 0 0.0
-0.04164068 -0.004202682 -2.029765 -2.033932 0.9862564 0.6620021 -0.07457241 19.48251 1.673134 0 0.0
0.0893462 0.0386002 -5.353997 -2.530248 0.6282275 0.416647 0.4936104 18.91895 1.75374 1 0.7213513
0.0347723 0.03854292 -3.176183 -7.214642 0.6570969 0.409463 0.3469836 18.84736 2.335266 1 0.0
-0.04881859 -0.005959815 -6.381137 -0.7349353 1.667315 1.258836 -0.2352665 19.98779 1.36289 0 0.0
0.01853462 -0.0910258 -2.188855 -14.06985 2.289197 1.464836 0.3206946 20.59792 0.8890171 0 0.0
0.04344502 -0.05181066 -3.356266 -2.714398 0.6772341 0.3857678 0.5101519 18.53286 1.813145 1 0.00331319
-0.02154946 0.05100062 -3.759083 -1.819207 1.494167 0.8175109 0.2697696 20.00008 0.8476791 0 0.0
0.001233182 -0.03603763 -5.798798 -3.360722 2.115694 1.341517 0.2499447 20.47677 1.222797 0 0.0
0.02690421 -0.01988694 -5.077052 -3.047804 1.654431 0.9943363 0.3211734 20.10419 1.437984 0 0.0
-0.005523464 0.01227159 -5.536481 0.8804906 1.008517 0.6866075 0.3418293 18.75522 nan 0 0.0
-0.01224979 -0.0168121 -5.949709 -2.235368 1.674176 0.9808541 0.3180229 20.12563 nan 0 0.0
0.0386122 0.07467278 -6.81264 -3.438331 1.503856 0.9262859 0.4807228 19.88466 1.507607 0 0.0
-0.02892718 0.04698048 -2.886315 -2.87671 2.856083 1.473746 0.3286694 20.60315 1.668701 0 0.0
-0.02548988 0.03848202 3.776383 -10.63167 0.9368926 0.5212449 0.2303031 19.36872 2.620163 1 0.0
0.05618517 -0.07090213 -2.077062 -1.851935 1.37257 0.8431164 0.2450312 19.83132 1.311161 0 0.0
-0.03149135 -0.06897924 -2.340133 -4.421256 3.681049 2.656554 0.1318615 20.52993 1.879654 0 0.0
-0.00614285 0.01197783 -9.515807 -3.919099 1.32654 0.6334406 0.1832065 19.38332 1.898674 0 0.0
-0.002821648 0.06170632 -0.08768878 -0.9200447 2.04666 1.212762 0.4146447 20.06227 1.756977 0 0.0
-0.004875015 -0.0128558 -1.999675 -1.893655 1.692349 1.094323 0.1274785 19.08351 1.604721 0 0.0
0.005597798 0.01794404 0.7306027 0.8286048 0.7942373 0.4440095 0.1422701 19.115 1.596865 0 0.0
-0.03910573 -0.008953141 -5.610136 -0.2949401 3.873563 2.786437 0.4495147 20.69451 1.808527 0 0.0
0.00790429 -0.02141994 -5.210194 -1.801624 0.5372495 0.3315725 0.2668515 18.41949 1.78336 0 0.0
0.03130874 -0.08394424 -1.106517 -8.356248 1.066592 0.6669308 0.1931939 19.55521 1.25444 0 0.0
0.01480526 0.0231218 -4.879943 -1.933665 0.1128111 0.06649632 -0.04740635 13.7701 2.683065 1 0.998806
-0.009854041 -0.06009917 -1.775565 -11.24359 1.02264 0.774271 -0.2920751 19.35892 1.731871 0 0.0
-0.02086254 -0.02137361 -1.598885 -0.912594 0.7320977 0.472105 0.2324556 19.17434 1.462576 0 0.0
-0.01168373 -0.05294676 -5.050795 -1.728102 0.1670204 0.1100944 -0.1045597 16.67925 1.581051 0 0.0
-0.01213666 -0.02278781 -26.73325 -13.94769 2.630353 1.445913 0.5413946 20.16167 nan 0 0.0
0.01260437 -0.02751045 -2.032281 1.053093 2.642374 1.265432 0.188218 20.44378 1.191484 0 0.0
-0.005014399 -0.05000904 1.031276 -8.194477 1.028343 0.6603324 0.1548097 19.69417 2.021231 0 0.0
-0.003892278 0.0748689 -5.055459 -0.9092281 1.812824 1.071602 0.4160387 20.1373 1.489256 0 0.0
-0.01565125 -0.05622589 -0.434328 -3.897175 0.9683 0.5420799 -0.3844614 18.85137 1.594723 0 0.0
-0.06913518 -0.02229356 -6.704545 -2.235549 1.115496 0.7515471 -0.01295455 19.45065 1.351622 0 0.0
0.00292295 0.01518419 -2.735914 -2.496729 2.416965 1.412369 0.3169494 20.14692 nan 0 0.0
0.01812463 -0.0004953861 -3.791467 -0.9761321 0.3831851 0.2253727 -0.03679735 17.81629 1.752453 0 0.0
-0.04268242 -0.00373761 -5.04992 -0.5349935 2.358397 1.743371 0.4105081 20.29094 1.233046 0 0.0
0.003909826 0.06596921 -0.9250831 -1.032822 2.331441 1.364107 0.4045311 20.52532 1.82762 0 0.0
0.05252419 -0.005800969 -12.91516 -2.244826 3.487575 1.885739 0.5728313 20.59469 2.136923 0 0.0
0.001092877 0.01627522 -5.418995 -0.05653606 1.765019 0.9878851 0.1741081 20.08603 1.553505 0 0.0
0.006694392 -0.01226269 -7.890556 -3.636525 1.859675 1.098836 -0.3778122 19.63274 nan 0 0.0
0.001965065 -0.02743741 -5.139979 -2.345994 0.4906765 0.3141781 0.3022756 18.19751 2.111479 1 0.9853249
-0.001751401 0.06247691 -7.301641 -11.2693 1.726199 1.02701 0.4139125 19.89096 1.579102 0 0.0
0.03276118 -0.01065092 -4.626887 -2.04186 0.1846666 0.1106504 0.01462508 16.48963 1.91771 0 0.0
0.01058647 0.08438048 -1.285645 -2.09281 0.9393403 0.5829477 0.4981517 19.23461 1.931137 0 0.0
-0.001130973 -0.03466625 -12.03267 -4.588802 3.668389 2.334783 0.3446044 20.8056 1.589899 0 0.0
0.01034842 -0.0835386 -4.632007 -2.196832 0.9637504 0.6757075 0.1379828 19.40345 1.315186 0 0.0
0.03577747 0.005669505 -5.195663 -4.35238 2.948923 2.006382 0.1659598 20.37779 2.243414 1 0.6168
-0.009834388 0.05809729 -6.706732 -2.081198 2.372698 1.350727 0.335642 20.33834 1.737326 0 0.0
-0.03086846 -0.0860365 -4.829228 -3.092031 1.138697 0.7961854 -0.1076288 19.6224 1.101318 0 0.0
-0.02216367 0.0177707 -2.335476 -1.025743 0.4931494 0.3296865 0.3045943 18.35839 2.292671 0 0.0
0.03855631 -0.02387036 -4.458051 -1.010131 1.176343 0.7286678 0.2487988 19.64273 1.770033 0 0.0
-0.05072934 -0.01540761 0.7780492 -5.919121 0.9776207 0.6564727 -0.0189058 19.39071 1.678589 0 0.0
-0.00121583 0.0129755 -6.767229 -3.641263 0.7117188 0.4383515 0.07240706 17.89391 nan 0 0.0
-0.01681869 0.05524513 -4.178006 -3.492435 2.381542 1.253663 0.1832313 20.51403 1.377995 0 0.0
-0.03993079 -0.07544353 -3.425566 -9.121066 2.239711 1.512491 0.4490115 20.40953 1.8258 0 0.0
-0.01525658 -0.0624705 1.281029 -3.295743 1.844372 1.308987 0.06997352 20.15539 1.593805 0 0.0
-0.004057992 -0.03619409 -1.85693 -6.333563 2.187652 1.367741 0.3753046 20.44284 1.710472 0 0.0
0.02228408 -0.04361352 -1.472949 -2.19398 0.3129356 0.1837334 -0.04887201 17.67655 1.759321 1 0.0
0.009510928 0.0106196 -4.97044 -2.224012 0.6176316 0.4012574 0.2205703 18.32554 1.797852 0 0.0
0.05669118 -0.004168033 -5.328522 -3.514564 2.161725 1.370083 0.5195399 20.32381 1.113131 0 0.0
0.006300499 -0.007929176 -10.69379 -0.7548018 2.145824 1.460245 0.4680552 19.95942 nan 0 0.0
0.02625796 -0.01385577 -0.9464566 -6.143775 0.248298 0.1497612 0.06000309 17.38863 2.239672 1 0.0
-0.055268 -0.06841076 -1.783068 -4.425399 0.562121 0.401525 0.1514609 18.54946 1.602144 1 0.0
0.03454763 -0.07050204 -4.753847 -2.750194 1.462848 0.8901504 0.1844581 19.97523 1.373852 0 0.0
-0.07880962 0.06126787 -4.374372 -4.631211 0.395188 0.2391386 0.1205719 17.94067 2.046707 1 0.0
-0.007802138 -0.02002184 -5.79897 -1.73342 0.8184265 0.5147703 0.12784 19.27276 nan 0 0.0
0.04407746 -0.01043094 -2.212827 -4.0265 3.223117 2.157827 0.5884161 20.63079 1.987923 0 0.0
0.01384355 -0.02019208 -5.501531 -0.1512442 1.140089 0.6902686 0.2293302 19.67317 1.578693 0 0.0
-0.003017244 -0.008980014 -6.902331 -5.114232 2.157561 1.458713 0.1687137 19.33304 nan 0 0.0
0.01081062 0.06899962 1.940161 -4.269747 1.69178 0.974189 0.3681534 20.11671 1.496439 0 0.0
-0.00740806 -0.02016678 -1.034205 -0.2487331 2.388448 1.681519 0.4081615 20.3231 nan 0 0.0
-0.02439837 -0.08160633 -11.51304 -3.452195 1.768561 1.177676 0.03964931 19.01047 1.515869 0 0.0
0.02578778 0.03052832 0.5105311 -1.457746 1.544808 0.8904385 0.3261766 20.04742 1.6964 0 0.0
-0.002792181 -0.002231809 -13.10749 5.750464 1.115843 0.7777188 -0.8674138 17.86981 nan 0 0.0
0.005794857 0.01722687 -5.394111 -1.880531 0.1037442 0.06233479 0.02117784 15.34685 2.213734 1 0.992508
0.001599301 -0.01559086 -4.554132 -1.960757 0.5605853 0.3672909 0.179292 18.33628 1.565834 0 0.0
0.02146557 -0.05869479 0.1713927 -6.311447 0.5515292 0.3572848 0.2091445 18.56675 1.817585 1 0.0
-0.02370986 0.004096656 -7.464103 -1.496359 3.898157 2.22358 0.6546888 20.61409 nan 0 0.0
-0.0712857 -0.05454221 -1.143831 -4.429872 0.2768157 0.1851379 -0.03490444 17.57746 1.38488 1 0.0
0.04398124 -0.0470253 -1.82486 -2.797565 2.444983 1.31508 0.4968946 20.36158 1.730625 0 0.0
