scripts/get_globular_clusters/output/NGC_7089_M_2.csv
# %ECSV 0.9
# ---
# datatype:
# - {name: x, unit: deg, datatype: float64}
# - {name: y, unit: deg, datatype: float64}
# - {name: pmx, unit: mas / yr, datatype: float64}
# - {name: pmy, unit: mas / yr, datatype: float64}
# - {name: pmx_e, unit: mas / yr, datatype: float64}
# - {name: pmy_e, unit: mas / yr, datatype: float64}
# - {name: pm_corr, datatype: float64}
# - {name: g_mag, unit: mag, datatype: float64}
# - {name: bp_rp, unit: mag, datatype: float64}
# - {name: filter, datatype: int64}
# - {name: memberprob, datatype: float64}
# meta: !!omap
# - comments: [deg deg mas/yr mas/yr mas/yr mas/yr dimless mag   mag   zeroone float]
# - __serialized_columns__:
#     bp_rp:
#       __class__: astropy.units.quantity.Quantity
#       unit: &id001 !astropy.units.Unit {unit: mag}
#       value: !astropy.table.SerializedColumn {name: bp_rp}
#     g_mag:
#       __class__: astropy.units.quantity.Quantity
#       unit: *id001
#       value: !astropy.table.SerializedColumn {name: g_mag}
#     pm_corr:
#       __class__: astropy.units.quantity.Quantity
#       unit: !astropy.units.Unit {unit: ''}
#       value: !astropy.table.SerializedColumn {name: pm_corr}
#     pmx:
#       __class__: astropy.units.quantity.Quantity
#       unit: !astropy.units.Unit {unit: mas / yr}
#       value: !astropy.table.SerializedColumn {name: pmx}
#     pmx_e:
#       __class__: astropy.units.quantity.Quantity
#       unit: !astropy.units.Unit {unit: mas / yr}
#       value: !astropy.table.SerializedColumn {name: pmx_e}
#     pmy:
#       __class__: astropy.units.quantity.Quantity
#       unit: !astropy.units.Unit {unit: mas / yr}
#       value: !astropy.table.SerializedColumn {name: pmy}
#     pmy_e:
#       __class__: astropy.units.quantity.Quantity
#       unit: !astropy.units.Unit {unit: mas / yr}
#       value: !astropy.table.SerializedColumn {name: pmy_e}
#     x:
#       __class__: astropy.units.quantity.Quantity
#       unit: &id002 !astropy.units.Unit {unit: deg}
#       value: !astropy.table.SerializedColumn {name: x}
#     y:
#       __class__: astropy.units.quantity.Quantity
#       unit: *id002
#       value: !astropy.table.SerializedColumn {name: y}
# schema: astropy-2.0
x y pmx pmy pmx_e pmy_e pm_corr g_mag bp_rp filter memberprob
[from data line 5128]
-0.02453421 0.01928019 2.290856 -2.12172 0.9259111 1.37416 0.7380055 18.92237 nan 0 0.0
0.06359258 0.06596353 4.142845 -1.00721 1.326529 0.9927099 -0.3372226 19.82418 0.572361 0 0.0
-0.02151347 0.06008816 3.031997 -1.446841 0.7689577 0.6776418 -0.0382406 19.42549 0.5806599 0 0.0
0.005797258 0.003141829 3.785618 -2.119423 0.1338257 0.1049322 -0.2014133 14.46734 0.8949108 0 0.0
-0.01119942 0.0490933 4.66807 -2.344484 1.448483 1.156369 -0.2201532 19.85854 0.8485355 0 0.0
-0.01333542 0.03943746 2.777553 -1.877424 0.7586092 0.6146501 0.01366876 19.06527 0.7198658 0 0.0
0.1851641 0.07482473 6.783227 0.5309798 2.151728 2.124684 0.04805826 20.40744 2.303333 0 0.0
0.1923372 0.1268037 3.079567 -6.509779 1.369764 1.169858 -0.1419909 19.92163 1.830904 0 0.0
0.01351755 0.04425095 3.398506 -2.360685 1.072101 0.8485722 -0.2310061 19.50857 0.3645191 0 0.0
0.04748025 0.02468624 3.150775 -1.603647 1.960806 1.951906 0.02795723 20.33847 0.7425156 0 0.0
-0.2402427 0.04897557 -3.525471 -6.950557 1.406931 1.15751 -0.01717659 19.85809 1.320166 0 0.0
0.1379549 -0.007150282 -1.694373 -3.973288 0.6820086 0.7576402 0.207375 19.06657 1.924299 1 0.0
-0.01888906 0.0307509 4.367535 -0.999745 0.7451622 0.7606913 0.2150731 19.20724 0.6471119 0 0.0
0.04000418 0.02602487 3.698325 -2.120703 1.524473 1.518922 0.02590952 19.83681 0.6532059 0 0.0
0.07662127 0.002839855 4.346715 -1.499739 0.6724594 0.7200934 0.1316273 18.82954 0.8757 0 0.0
0.1748827 0.1294765 -1.864501 -2.604485 0.1276331 0.1277661 0.2174754 16.43887 0.7977667 1 0.0
0.0070179 0.04082072 3.11319 -2.548323 0.4138252 0.3381339 -0.2071724 17.92054 -0.08887291 0 0.0
-0.01254203 0.03487044 5.375039 -3.703519 1.130766 1.030685 0.04861966 19.34908 nan 0 0.0
-0.03924263 0.06179105 4.664161 -2.458082 1.647724 1.203651 -0.3910254 19.98809 nan 0 0.0
0.0621274 0.03443927 4.058696 -2.616059 0.5993283 0.6678222 0.1840898 18.93605 0.8037128 1 0.9967293
-0.005615207 0.04652989 4.459197 -1.340304 0.8664893 0.6978897 -0.2174144 19.27529 0.5503044 0 0.0
0.0545597 0.02994656 2.916646 -2.949829 0.6303942 0.5449038 -0.07432376 19.08716 0.6750088 0 0.0
0.05181326 0.01973269 0.8214945 -2.998399 1.973964 2.027035 0.06789331 20.32901 0.4021473 0 0.0
0.1848889 0.06210191 4.654511 2.051721 2.367818 2.567732 0.1483714 20.64731 0.4977493 1 0.7711325
-0.06218953 0.04305267 3.828157 -3.021672 0.6042654 0.6534975 0.2059731 18.98864 0.6383457 0 0.0
0.027829 0.04872939 2.307447 -2.370297 0.7908282 0.6136194 -0.2657407 19.14784 0.5974026 0 0.0
-0.009704189 0.04774636 3.486733 -0.884642 0.6088554 0.6964181 0.1787083 18.683 0.8538532 0 0.0
0.01104587 0.05014395 2.458082 -1.927546 1.063513 0.8408309 -0.2317003 19.60246 0.5209255 0 0.0
0.07433322 0.03189496 -0.9074745 -9.1953 0.8065448 0.7024596 -0.08923693 19.27894 0.7305908 0 0.0
0.142965 0.1741984 11.57681 -10.9322 1.761417 1.861545 0.1472428 20.18448 1.963768 0 0.0
0.1117736 -0.008305196 4.775749 -4.069482 0.9412728 0.9519457 0.2155989 19.59278 0.7974815 0 0.0
0.02669996 0.04989377 1.937204 -1.448225 0.8153673 0.6243904 -0.2882915 19.16601 0.6806545 0 0.0
0.01382253 -0.004502487 6.130555 2.467397 0.8447272 0.6992564 -0.1313838 14.54055 1.071575 0 0.0
0.0952649 -0.025119 5.796818 -1.704683 1.686647 2.202457 0.4096121 20.29594 0.5829678 0 0.0
0.08119856 0.009162983 12.78081 2.020558 2.412161 3.050869 0.3922194 20.70269 0.6744556 0 0.0
-0.02850134 0.05395868 4.824521 -2.942496 0.8266529 0.6710134 -0.2152148 19.25931 0.6578026 0 0.0
-0.07503664 0.06607623 5.081611 -4.61259 1.773219 2.503793 0.5078838 20.28522 0.9220657 1 0.91055
0.04650362 0.01110361 0.454194 -1.170343 1.25919 0.9766944 -0.1971524 19.77985 0.7888622 0 0.0
0.02499122 0.06461219 3.468996 -1.257596 0.6479356 0.560736 -0.0929377 19.04569 0.6187992 0 0.0
0.1097292 -0.003267176 7.199384 -4.18829 2.152508 2.635399 0.3378849 20.62956 0.1674099 0 0.0
0.07887966 0.01912666 3.816263 -1.54969 0.8670207 0.8215495 0.05483324 19.57766 0.5548077 0 0.0
0.06575808 -0.0007741979 4.246688 -1.571455 1.265551 1.173381 0.05489454 20.06028 0.509264 0 0.0
0.08550227 0.06618968 4.10916 -2.494317 2.697248 3.029352 0.2065463 20.56765 0.6439056 0 0.0
0.06130332 0.02206864 1.211914 -0.7347134 1.100869 1.026991 -0.0103056 19.8715 0.4973125 0 0.0
-0.02416817 0.0430631 3.082971 -2.984456 0.821679 0.6580147 0.02015757 19.27396 0.7562962 0 0.0
0.00210501 0.004233849 4.640202 -2.405598 0.5198638 0.3435252 -0.4596009 16.05334 nan 0 0.0
-0.06304393 0.04211478 1.815681 -3.698363 1.610509 2.248182 0.5182976 20.09752 0.701767 0 0.0
0.1190373 0.03631421 4.044724 -3.091846 0.9096717 0.8163691 -0.03494617 19.5412 0.6613731 0 0.0
0.1146153 0.1397833 2.046757 -4.392018 2.49327 2.736723 0.2173596 20.58071 1.057121 0 0.0
0.07915405 0.006999554 5.464807 -0.4389426 1.947048 2.31536 0.3149057 20.25319 0.8172493 0 0.0
0.06832239 0.06597901 2.877851 -1.887979 0.8827331 0.7727657 -0.08483944 19.53726 0.5018234 1 0.9941756
-0.01635651 0.07302614 1.137652 -1.901816 2.172972 2.628689 0.3864581 20.25863 0.4600868 0 0.0
-0.01895061 0.1544058 3.739133 1.309006 0.7847481 0.743352 0.2298844 19.46165 2.273727 1 0.01872633
0.07448715 0.1116101 9.397951 -2.191706 2.545245 3.135302 0.3701165 20.50903 0.7276897 0 0.0
0.07131289 0.06853349 4.727241 -3.788968 0.8575894 0.7434807 -0.0971844 19.35762 1.961878 0 0.0
0.02285478 -0.00598269 4.419863 -1.825292 0.1433453 0.1216463 -0.05105608 15.97474 1.026591 0 0.0
0.01650803 0.05358145 2.719051 -2.292845 0.8253823 0.6450982 -0.2483879 19.22106 0.681303 0 0.0
0.1850114 0.0718432 -0.3559786 14.48034 1.137305 1.136625 0.2171324 19.98496 2.069563 0 0.0
0.09795055 -0.009340285 4.852696 -3.918178 1.531513 1.602965 0.1015727 20.00175 0.7795353 1 0.962601
0.05687865 0.01828816 4.226428 -2.239985 0.9791174 0.8681997 -0.06890704 19.73851 0.8589592 0 0.0
-0.1624049 0.1895807 3.679752 0.4268951 0.9271298 1.077463 0.2701057 19.46464 0.7512913 0 0.0
-0.01199296 0.1086827 -2.956002 -6.130048 0.7012306 0.6959544 0.06018937 18.9544 1.462671 0 0.0
0.01495156 -0.006290809 11.38313 -5.955456 0.2998084 0.2373738 -0.2072141 15.71277 nan 0 0.0
0.03265037 0.05312996 3.692976 -2.186602 0.2304352 0.1940178 -0.1249787 17.34736 0.9556141 1 0.9997459
0.02178721 0.07648789 4.470241 -1.296917 1.004447 0.903728 -0.02365666 19.72664 0.3082199 0 0.0
0.02154267 -0.004646704 3.333654 -3.511248 0.2222067 0.1917696 -0.03098881 15.18939 0.7299099 0 0.0
0.02407563 0.03968483 1.610988 -6.909004 1.541067 1.142473 -0.3347746 18.98076 0.5996475 0 0.0
-0.0687524 0.1914648 6.884028 4.538482 2.597951 2.815216 0.06865551 20.44363 0.3916473 0 0.0
-0.2229433 0.09363401 -0.367581 -3.260638 0.8753578 1.128817 0.5691803 19.17965 1.290405 1 0.0009211474
0.06322562 0.01407419 7.496299 0.4514991 2.376449 3.024108 0.4043297 20.67062 0.4830532 0 0.0
-0.01675296 0.01280717 -1.667991 3.39681 0.7807652 0.9834133 0.3670387 18.21064 0.6781826 0 0.0
0.03966874 0.0496776 2.44367 -1.686364 1.023256 0.7770133 -0.2839671 19.39622 0.7120113 0 0.0
0.06685619 -0.02468909 3.522332 -1.854006 0.4119365 0.5808266 0.5200671 18.03099 0.9229164 1 0.9989854
-0.09478155 0.1523715 3.393649 -3.132793 0.9824582 1.266031 0.366157 19.49648 0.5944347 1 0.9501363
-0.02471726 0.01400929 4.818296 -3.405539 1.265442 1.390069 0.379502 19.44352 nan 0 0.0
0.07680416 -0.007721078 2.917877 -3.101393 0.4386457 0.5162855 0.2752492 18.39547 0.8844433 1 0.9933373
0.1147348 0.03899595 1.684057 -5.955038 1.972579 2.24378 0.249298 20.46699 0.7220554 0 0.0
0.00683476 0.009529657 3.247517 -2.098277 0.14541 0.1181683 -0.1401165 15.64061 0.9820576 0 0.0
0.1069226 0.02085299 -5.202233 -3.677457 0.7801164 0.7242095 0.02304414 19.38995 2.04553 1 0.0
0.01394473 0.03776054 2.80497 -2.978361 2.013702 1.918089 -0.3188974 20.05991 nan 0 0.0
0.08226578 -0.02877426 3.596748 -3.220556 1.370071 1.497448 0.3029265 20.03778 0.8363457 1 0.9851899
-0.003479177 0.05182738 3.934139 -1.763109 0.6492832 0.5856063 -0.01037469 19.15179 0.5780449 0 0.0
0.09514436 0.03901846 4.175631 -1.153878 0.7942044 0.7128931 -0.01893855 19.3722 0.7859421 1 0.9892603
-0.08709232 0.1907156 4.040907 -3.316432 0.8719602 1.073568 0.2858596 19.16842 1.445288 1 0.8965151
0.03368755 0.01386141 4.04979 -1.956995 0.3565014 0.2763517 -0.1043605 18.06104 0.9059181 0 0.0
0.007322988 0.007300442 3.13878 -1.637965 0.3077018 0.2406068 -0.1484613 15.70704 nan 0 0.0
0.08385658 0.1849983 4.061295 -2.665525 0.8750196 0.8507017 0.2004351 19.7655 0.7329597 1 0.9517327
-0.003875869 0.05178047 4.120038 -1.931493 0.6650662 0.8335853 0.3388682 19.05482 0.9432831 0 0.0
0.02569294 0.04458044 2.742658 -0.9285855 1.355402 0.9998893 -0.3793088 19.75568 0.5634365 0 0.0
0.05300466 0.1300605 -10.56294 -12.13729 0.2492328 0.2327095 0.1301669 17.7909 1.277979 1 0.0
-0.009307554 0.07423673 3.460866 -2.214978 0.1120877 0.09628691 -0.03432352 15.96388 1.087904 1 0.9998903
0.04323872 0.02473886 1.728042 -2.548373 1.281316 1.124575 -0.1760385 19.83198 0.560276 0 0.0
-0.02255099 0.06240099 -0.7507349 -2.820002 1.809686 2.347257 0.3877417 20.41125 0.7074566 0 0.0
0.0354576 0.03715059 5.679596 -4.563199 1.706064 1.274977 -0.3296616 19.97589 0.4879951 0 0.0
0.09276319 -0.005953544 2.580511 -4.880534 0.807291 0.9070341 0.2052927 18.88914 0.7651787 1 0.7848848
-0.01107735 0.04594051 3.220585 -2.473759 1.049969 0.9625333 0.03808594 19.81182 0.5077991 0 0.0
0.02877502 0.05736979 3.813885 -2.230498 0.0989599 0.08843749 -0.04617247 15.77285 1.10041 1 0.9994305
-0.01202321 0.01345354 4.573409 -2.582916 0.2584309 0.324809 0.3577501 17.14112 0.8630705 0 0.0
0.03283345 0.05198209 3.772781 -1.95676 0.1671116 0.144971 -0.09933 16.7158 1.019522 1 0.9995432
0.03835651 0.03861034 1.586079 -1.757513 1.516494 1.136322 -0.3273811 19.99587 0.4936733 0 0.0
0.05336982 0.04450709 2.019766 -6.23224 1.66319 1.783551 0.1156111 20.19418 -0.1810837 0 0.0
0.007414531 0.00695396 3.8163 -1.98301 0.07672596 0.06482146 -0.0803369 12.72992 1.523257 1 0.9995672
0.03292495 0.04633348 1.73295 6.763182 3.093821 3.092884 0.1236184 20.68279 -0.009288788 0 0.0
0.01965087 0.01386907 4.337851 -2.443518 0.2571313 0.210098 -0.1323262 17.4835 nan 0 0.0
0.04510043 0.05511461 5.591761 -3.594186 1.491742 1.611397 0.1360822 20.0992 0.5647545 0 0.0
0.01797267 0.03608063 1.631344 -1.867924 2.04492 1.456338 -0.4279811 19.93458 nan 0 0.0
0.08123023 0.06837887 5.721142 -1.393144 1.904666 2.031687 0.1176448 20.35792 0.7149334 0 0.0
-0.02252029 0.02831716 0.6993312 -3.451466 1.059858 1.313916 0.5402959 19.38613 0.7470856 0 0.0
-0.0126031 0.04992955 2.409503 -2.283819 0.8907563 0.6764829 -0.2859083 19.34279 0.0570507 0 0.0
0.1003928 0.03687364 4.403011 -2.13763 0.8725893 0.7945712 -6.923307e-05 19.51886 0.6076679 0 0.0
-0.1794881 0.04553416 2.296277 1.995407 2.327385 2.934378 0.4960231 20.51341 0.5494118 0 0.0
0.06185231 0.004221568 6.334942 -1.291546 1.169585 1.054318 -0.003053389 19.97415 0.7495289 0 0.0
0.1034737 -0.005858738 3.328094 -2.210059 0.6760418 0.682284 0.1953073 19.03207 0.7904243 1 0.9961734
0.05584107 0.01183812 4.157783 -5.685773 2.314933 2.487345 0.1418901 20.41092 0.2008343 0 0.0
0.04220122 0.02514073 4.414976 -1.481273 1.119864 0.9870778 -0.1697487 19.66402 0.4309769 0 0.0
0.05318608 -0.005476042 2.695866 -2.446807 0.7107811 0.8827052 0.3544629 19.11199 0.6957512 0 0.0
0.03438968 0.04875258 4.618441 -1.394631 2.344811 2.602494 0.2523796 20.51251 nan 0 0.0
-0.04797019 0.09056775 8.73881 1.399501 0.9556438 0.8119764 -0.1146756 19.59682 2.684942 1 0.0
-0.02651775 0.03445147 4.049089 -1.959067 0.7968661 0.7146593 0.04434294 19.11433 0.6107903 0 0.0
0.02865279 0.03219309 4.244749 -2.708827 0.904657 0.6644901 -0.3601661 19.22162 0.6628284 0 0.0
-0.01370198 0.1662008 -0.3724328 -5.086534 1.839325 2.223758 0.2550842 20.26596 0.9257851 1 0.4943107
0.08745525 0.06767344 2.407905 -2.068112 0.8257436 0.679673 -0.1865935 19.04829 0.7698822 0 0.0
-0.02139143 0.06308753 2.847347 -3.610043 1.492419 1.924446 0.3797258 20.17675 nan 0 0.0
0.03249766 0.03599751 4.157991 5.562135 2.415363 1.642949 -0.4523973 19.74051 nan 0 0.0
0.01922358 -0.004296873 3.789227 -1.869578 0.1659492 0.1348263 -0.1242532 16.04503 0.3612366 0 0.0
0.07411944 0.02205048 3.126291 -1.61209 0.9415028 0.791482 -0.1257152 19.22758 0.5826397 0 0.0
0.02169558 0.059165 3.318726 -2.323316 0.6323855 0.5566949 -0.05209581 19.03124 0.6008949 0 0.0
-0.01928587 0.05699863 1.327262 -1.378543 1.763526 2.447635 0.5545393 20.16645 0.5354424 0 0.0
-0.01251148 0.02612477 6.379895 -3.418951 0.4919024 0.4377479 0.02222746 17.0034 0.976737 0 0.0
0.04445942 0.03567845 1.268568 0.2285175 1.732817 1.447051 -0.2950797 20.13845 0.2690125 0 0.0
-0.0826966 0.1050976 5.726423 1.463906 1.515281 1.793328 0.2423955 20.01617 0.4995461 1 0.8926769
0.0202306 0.004756114 3.471543 -2.13888 0.06726828 0.05625052 -0.08914957 14.67008 0.9862852 0 0.0
0.04104265 0.1305583 5.637817 -2.014011 1.337962 1.6432 0.3158705 19.91434 0.8048878 1 0.9350263
0.1284707 0.1939069 6.37796 -9.419251 1.339945 1.247651 0.0959772 20.02967 2.197155 0 0.0
-0.02606001 0.0320835 3.660432 -0.7265721 1.355613 1.706326 0.458327 19.84091 nan 0 0.0
0.009916674 -0.01074856 3.806212 -2.442288 0.1378172 0.122249 0.0105233 16.21449 nan 0 0.0
-0.2158309 0.04571558 1.99544 -2.707716 0.7427263 0.9369153 0.5216874 19.01191 0.7227612 1 0.7902603
0.01705735 0.06729706 2.624451 -2.432738 0.61192 0.7468775 0.3100762 18.74609 0.7711124 0 0.0
0.009642035 -0.01465797 3.72561 -2.146839 0.09939102 0.08318914 -0.08287945 15.66134 1.019525 0 0.0
-0.02404632 0.07989833 3.360312 -1.613213 0.2990425 0.2641154 -0.04901248 17.70025 1.04269 1 0.9978713
0.1038721 0.05955579 2.100474 -6.733572 2.097531 2.309335 0.1768503 20.41344 0.5592613 0 0.0
0.02746232 -0.02523365 4.022202 -2.752135 0.3633564 0.4053083 0.1928908 18.14515 0.8845615 0 0.0
-0.00640852 0.001299031 3.138154 -1.991912 0.1085151 0.1182294 0.3696703 12.81561 1.466036 0 0.0
-0.000946449 0.0588662 3.059915 -2.306228 1.648377 2.120007 0.3774267 20.23569 0.703249 0 0.0
0.0814729 -0.005259797 3.828582 -0.7949522 1.197487 1.118173 0.09103203 19.89253 0.785408 0 0.0
0.02020027 0.04294224 2.450305 -2.7114 0.5167474 0.5373202 0.06863068 18.42826 0.771452 0 0.0
0.03499999 0.05107448 2.860741 -2.296537 0.5076983 0.5347157 0.1050178 18.3805 0.915432 0 0.0
0.01891856 0.02260199 3.277178 -1.515775 0.2173299 0.1676398 -0.1311216 17.16582 0.9699955 0 0.0
0.0938919 -0.01948043 3.523169 -2.364883 0.2692581 0.2515482 0.1712124 17.50755 0.9847393 1 0.9992946
-0.09465757 0.05993564 5.681757 -1.472039 0.8467767 0.7427318 -0.005473334 19.55136 0.7426567 1 0.9204134
-0.007903842 0.06117075 -2.23616 -6.003285 1.66602 1.978392 0.2636144 20.25113 nan 0 0.0
0.1264811 -0.01761928 3.752291 -2.413441 1.07304 1.020833 0.08853404 19.81678 0.5830135 1 0.9858289
0.04284203 0.02541079 5.85378 -3.942436 2.186875 2.408531 0.2039143 20.38062 nan 0 0.0
0.01977289 0.005848073 3.833961 -2.340933 0.1564697 0.1353238 -0.02044665 16.08572 0.3658085 0 0.0
0.09709727 0.03751787 2.643159 -2.398421 2.568611 2.610042 0.1005153 20.59711 0.7749863 0 0.0
0.01431121 0.1308734 3.188315 -1.625613 0.550825 0.516957 0.152751 19.14769 0.7463493 1 0.992985
0.01040492 -0.005393029 3.621272 -2.327317 0.08609857 0.06779187 -0.1155616 14.67691 1.179195 0 0.0
-0.04882408 0.04253728 2.13825 -1.259789 0.7816797 0.6532434 -0.1124893 19.28773 0.5831032 0 0.0
0.01733188 0.04201284 4.457024 -0.4392836 1.70176 1.400355 -0.2805552 20.08501 0.2077789 0 0.0
0.06725426 0.05956623 1.848834 -3.267244 2.435161 2.72991 0.2512739 20.50264 0.4270859 0 0.0
0.01553157 0.05796239 2.8946 -3.107599 0.8893405 0.7570981 -0.07518129 19.5222 0.6254177 0 0.0
0.03716688 0.09106175 2.54188 -3.89053 1.659727 1.952528 0.2393889 20.22183 0.5747967 0 0.0
0.01876592 0.006702511 4.298101 -3.494224 0.4322685 0.429355 0.01932066 17.89897 nan 0 0.0
0.002318608 -0.001232851 2.955587 -1.523284 0.2366359 0.2021854 -0.06108648 13.07724 1.132947 0 0.0
-0.01724131 0.04001019 3.515548 -2.619435 0.804731 0.6208872 -0.04383958 19.27222 0.7286644 0 0.0
0.04445958 0.0513044 3.590119 -1.976136 0.08706893 0.0701577 -0.1797595 15.3325 1.139821 1 0.9998189
