scripts/get_globular_clusters/output/NGC_6626_M_28.csv
# %ECSV 0.9
# ---
# datatype:
# - {name: x, unit: deg, datatype: float64}
# - {name: y, unit: deg, datatype: float64}
# - {name: pmx, unit: mas / yr, datatype: float64}
# - {name: pmy, unit: mas / yr, datatype: float64}
# - {name: pmx_e, unit: mas / yr, datatype: float64}
# - {name: pmy_e, unit: mas / yr, datatype: float64}
# - {name: pm_corr, datatype: float64}
# - {name: g_mag, unit: mag, datatype: float64}
# - {name: bp_rp, unit: mag, datatype: float64}
# - {name: filter, datatype: int64}
# - {name: memberprob, datatype: float64}
# meta: !!omap
# - comments: [deg deg mas/yr mas/yr mas/yr mas/yr dimless mag   mag   zeroone float]
# - __serialized_columns__:
#     bp_rp:
#       __class__: astropy.units.quantity.Quantity
#       unit: &id001 !astropy.units.Unit {unit: mag}
#       value: !astropy.table.SerializedColumn {name: bp_rp}
#     g_mag:
#       __class__: astropy.units.quantity.Quantity
#       unit: *id001
#       value: !astropy.table.SerializedColumn {name: g_mag}
#     pm_corr:
#       __class__: astropy.units.quantity.Quantity
#       unit: !astropy.units.Unit {unit: ''}
#       value: !astropy.table.SerializedColumn {name: pm_corr}
#     pmx:
#       __class__: astropy.units.quantity.Quantity
#       unit: !astropy.units.Unit {unit: mas / yr}
#       value: !astropy.table.SerializedColumn {name: pmx}
#     pmx_e:
#       __class__: astropy.units.quantity.Quantity
#       unit: !astropy.units.Unit {unit: mas / yr}
#       value: !astropy.table.SerializedColumn {name: pmx_e}
#     pmy:
#       __class__: astropy.units.quantity.Quantity
#       unit: !astropy.units.Unit {unit: mas / yr}
#       value: !astropy.table.SerializedColumn {name: pmy}
#     pmy_e:
#       __class__: astropy.units.quantity.Quantity
#       unit: !astropy.units.Unit {unit: mas / yr}
#       value: !astropy.table.SerializedColumn {name: pmy_e}
#     x:
#       __class__: astropy.units.quantity.Quantity
#       unit: &id002 !astropy.units.Unit {unit: deg}
#       value: !astropy.table.SerializedColumn {name: x}
#     y:
#       __class__: astropy.units.quantity.Quantity
#       unit: *id002
#       value: !astropy.table.SerializedColumn {name: y}
# schema: astropy-2.0
x y pmx pmy pmx_e pmy_e pm_corr g_mag bp_rp filter memberprob
[from data line 12297]
0.1206678 0.04596977 3.165932 2.201648 1.332753 1.608433 0.7674489 19.44874 1.156904 0 0.0
0.1143975 0.03456979 -4.252182 -9.72655 0.09584128 0.08920881 0.3341029 15.40649 1.805821 1 0.0
0.07714601 0.03271418 -3.067862 -6.831224 0.301708 0.2666144 0.3535239 17.34377 1.564671 0 0.0
0.07185204 0.02544465 -3.430563 -1.497633 0.7651616 0.6377016 -0.2412714 18.76995 1.424145 0 0.0
0.06697916 0.02760651 -4.901721 -7.629226 1.533037 1.481141 0.1672528 19.06221 nan 0 0.0
0.1087328 0.04915277 -11.83157 -13.57781 1.070689 1.394523 0.7529611 19.05291 1.534687 0 0.0
0.08474368 0.04619416 1.177915 -2.157121 0.1962473 0.1611987 0.05077306 16.90548 1.329832 0 0.0
0.1087589 0.01579893 2.627669 -2.056844 0.5360414 0.4579646 0.3051006 18.79002 1.174101 0 0.0
0.1152165 0.05157113 -5.326426 -2.838552 1.999478 2.382013 0.7914804 19.81397 nan 0 0.0
0.08875401 0.03798784 -2.626522 -2.735626 1.634508 1.912495 0.584768 19.66274 0.980835 0 0.0
0.07701229 0.04035892 -1.975079 -1.989854 0.7160786 0.6590756 0.1990888 18.79454 0.9169903 0 0.0
0.1131517 0.03504205 -3.649863 -5.918712 0.1661714 0.1479869 0.2351879 16.78377 1.309592 1 0.0
0.07449021 0.03757001 -1.514449 -6.291017 0.3353716 0.2921972 0.02234422 17.86258 1.193672 0 0.0
0.07425831 0.02036205 3.694266 3.736835 1.474262 1.945617 0.6615263 19.42011 1.608469 0 0.0
0.06900306 0.03161655 -4.346948 -3.012983 0.1242099 0.1071579 -0.03583207 15.89271 1.659318 1 0.0
0.123662 0.04879923 4.198604 -2.373129 1.117285 0.9893032 0.174783 18.23229 1.616529 0 0.0
0.0788283 0.02156085 -3.286035 -7.94387 0.3384154 0.2982452 0.3657001 17.42074 1.695059 0 0.0
0.08417883 0.03017663 2.037358 -1.179289 1.273177 1.458009 0.6358596 19.13159 1.244278 0 0.0
0.08739399 0.03387275 -4.753645 -6.411235 0.1826373 0.1803006 0.40996 16.5318 1.724153 1 0.0
0.09166413 0.003325373 -2.729026 -4.348066 0.5751697 0.4814017 -0.09145605 18.75321 1.260283 0 0.0
0.08880268 0.02860937 -2.455103 -4.895368 1.150409 1.340706 0.6104233 19.14554 0.9905491 0 0.0
0.09536434 0.02621458 0.7732877 3.124032 0.6144299 0.5489897 0.2499222 18.99536 1.343298 0 0.0
0.1090066 0.01410499 -3.272908 -5.447914 0.1653569 0.1467056 0.2320595 16.89243 1.658031 1 0.0
0.08214053 0.04690927 -0.9616421 -5.53241 0.09606083 0.0851464 0.1946254 15.42892 1.77781 1 0.0
0.1026263 0.03371227 -2.804057 -3.786553 0.1807572 0.1570045 0.1808177 16.96093 1.569496 0 0.0
0.0834595 0.03125668 -5.764926 -6.223727 0.5924261 0.5222718 0.4154943 17.74945 1.561018 0 0.0
0.1147699 0.04784459 -2.012081 -11.95907 1.226701 1.453721 0.7693385 19.34334 1.269604 0 0.0
0.08351992 0.03871819 -2.066886 -1.118809 0.141105 0.1259869 0.2272996 16.54915 1.558369 1 0.0
0.1094178 0.04067781 -4.544719 -3.327961 1.096855 1.280373 0.7616314 19.15299 1.157263 0 0.0
0.1111143 0.04854602 5.89629 -3.026248 0.6787402 0.6004866 0.2996117 18.95574 2.028776 0 0.0
0.08240947 0.0348165 -1.356816 -5.770783 0.419119 0.3684133 0.1810362 17.84995 1.197992 0 0.0
0.1148435 0.03757154 -1.110193 -9.942993 1.097224 1.286122 0.7729923 19.16629 1.224318 0 0.0
0.1010737 0.03166697 -2.517357 -3.853552 1.418342 1.636672 0.7773625 19.26573 1.381079 0 0.0
0.1100459 0.03072661 -3.130762 -4.621301 1.808205 2.131926 0.8550507 19.50349 0.3594646 0 0.0
0.0901879 0.029316 -3.725662 -5.256393 0.2493839 0.2262221 0.2043981 16.291 1.64791 0 0.0
0.0850557 0.01657282 -2.214348 -4.137574 1.807933 2.164484 0.6143314 19.65774 2.028936 0 0.0
0.09293109 0.03125565 -6.344766 -8.086503 1.801789 2.187381 0.7867496 19.83741 1.13135 0 0.0
0.07182294 0.02303187 -2.743858 -2.439031 0.6113436 0.494565 -0.2491543 18.2851 1.963234 1 0.0
0.128106 0.03385062 -0.5084387 -4.512753 1.381505 1.61491 0.7584999 19.48269 1.165043 0 0.0
0.08677348 0.01787435 -2.302653 -2.688657 0.1406234 0.1206744 -0.01524027 15.71076 1.827724 0 0.0
0.0817301 0.01259252 -2.816967 -5.097167 0.1040955 0.08916297 -0.03412214 14.63838 2.403009 1 0.0
0.1279132 0.03488461 -3.2418 -2.333842 1.417188 1.648292 0.7881328 19.49101 1.363054 0 0.0
0.1105529 0.04021713 0.2861814 -0.7441505 1.336825 1.581943 0.760464 19.41746 nan 0 0.0
0.1152844 0.03521174 1.315928 -0.223636 1.355041 1.654361 0.7662074 19.11402 1.194641 0 0.0
0.1279109 0.03260914 -1.651188 -5.140212 0.8533172 0.7707394 0.08307672 19.02209 1.569921 0 0.0
0.08773081 0.04018584 -0.0864838 -7.727359 1.233001 1.434953 0.7877747 19.24152 1.343401 0 0.0
0.09023749 0.02136041 -3.57741 -3.920634 0.6096013 0.51128 -0.09618478 18.84285 1.23559 0 0.0
0.09035463 0.03008454 -5.197778 -7.739789 0.1482241 0.1316236 0.2052925 16.64235 1.664615 1 0.0
0.1177602 0.04668593 -6.31726 -7.084675 0.850411 0.8172187 0.002685301 18.93856 nan 0 0.0
0.1093675 0.01510221 -3.116743 -4.825889 1.442258 1.684099 0.7941909 19.37973 nan 0 0.0
0.09086529 0.008937384 -1.057763 -6.187871 0.5205104 0.4662462 0.4039661 17.6169 1.266562 0 0.0
0.08113518 0.03437484 -4.822573 -4.841402 0.5601664 0.4736227 -0.07768178 18.65687 1.441248 0 0.0
0.08896379 0.02157495 -1.164111 -7.675955 0.5460806 0.4727 0.01130423 18.50887 1.550821 0 0.0
0.07041415 0.02926208 -3.091081 -7.923925 0.1350791 0.1180778 0.002860907 16.08301 1.628928 0 0.0
0.08868911 0.02471083 -1.805299 -8.739308 0.5426281 0.4845723 0.1179098 18.3748 1.2115 0 0.0
0.09145786 0.02393443 -3.318073 -15.45904 1.319272 1.600699 0.6383244 19.321 nan 0 0.0
0.1035934 0.03107933 -3.610612 -2.259965 0.4661543 0.4523843 0.4416548 18.18606 1.465498 0 0.0
0.07393442 0.03444039 -4.242946 -2.867788 0.4395957 0.3873559 0.2483896 17.85453 1.127464 0 0.0
0.1156956 0.03069666 -1.608227 -3.015935 1.681467 1.910072 0.8049599 19.63118 0.8512192 0 0.0
0.08812713 0.01332055 -3.336596 -2.614021 1.232314 1.400854 0.6353584 19.17431 1.37155 0 0.0
0.08835304 0.01946586 -3.422655 -2.49515 0.2956763 0.2594544 0.3320484 17.34656 1.317793 1 0.0
0.09320359 0.02534838 0.1336402 -1.965554 0.3878549 0.3558829 0.5246707 17.5184 1.290812 0 0.0
0.08649698 0.01847154 -2.786252 -4.762316 0.08135596 0.06816751 -0.1038771 14.57117 2.186578 1 0.0
0.09326259 0.03014151 1.651778 -4.61881 0.7052554 0.7162719 0.382513 19.02177 1.568628 0 0.0
0.09508919 0.02853413 -4.156676 -3.094401 0.8801549 0.7930527 0.252262 18.78217 1.425962 0 0.0
0.09812765 0.01859065 4.263206 6.707683 0.5134584 0.4425813 -0.006683948 18.40252 1.243984 0 0.0
0.1038795 0.0090225 -5.784286 -1.799844 0.6618185 0.5439035 -0.1296177 18.90607 1.165939 0 0.0
0.1163397 0.03830066 -4.624548 -4.508805 1.778287 2.338339 0.7464425 19.60855 0.9208336 0 0.0
0.08348114 0.02228831 -0.1322705 -8.759923 0.2991302 0.2635088 0.3486123 17.37329 1.479717 1 0.9609309
0.1236698 0.0288083 3.282827 -0.08599231 0.3865251 0.3721007 0.6679138 17.63899 1.407404 0 0.0
0.1036572 0.008028958 -0.8986764 -2.235851 0.6601901 0.5456624 -0.1053899 18.92581 1.299738 0 0.0
0.08022213 0.03575826 -2.396727 -4.34688 0.3883416 0.3432099 0.3534042 17.67699 1.492275 0 0.0
0.1163566 0.02680696 0.8467254 -5.211533 1.313768 1.525215 0.7982878 19.31388 1.437113 0 0.0
0.0958372 0.02889213 -4.029395 -5.997002 0.4460251 0.4477327 0.4754157 18.38079 1.538452 0 0.0
0.09746682 0.02338625 -1.785501 -6.850552 0.5451448 0.4828846 0.2428423 18.85488 nan 0 0.0
0.09035216 0.02670662 -6.407636 -4.986334 0.1474069 0.1264073 -0.0233016 16.36499 1.91115 1 0.0
0.07962845 0.01700368 -5.962508 -8.056347 0.365422 0.3121446 0.140454 17.8869 1.521959 1 0.0
0.09731234 0.0382408 -6.056965 -6.654942 0.4313077 0.3769402 0.2372942 18.47269 1.281231 0 0.0
0.1080147 0.05158526 -0.3645879 -8.468814 0.4522004 0.3960866 0.1913968 18.57074 1.24703 0 0.0
0.1067911 0.04591959 -6.418192 -3.416989 0.3258156 0.2864336 0.1841229 18.02674 1.42177 0 0.0
0.09730025 0.02285232 -4.093738 -7.0198 0.5362603 0.4691787 0.1630794 18.75551 1.070375 0 0.0
0.0796267 0.01427999 -2.791779 -5.914682 0.406269 0.3600614 0.3628 17.77359 1.314112 0 0.0
0.09952534 0.03487066 -2.537287 -1.29774 2.089684 1.897304 0.8301559 19.54292 nan 0 0.0
0.08175862 0.01384944 -6.582228 -5.095526 1.370934 1.658743 0.6489353 19.30764 1.546232 0 0.0
0.1169642 0.02503255 -4.048352 -5.035791 0.6756625 0.5943619 0.3919407 19.01837 1.420263 0 0.0
0.1184406 0.03406435 -0.8758898 -5.764186 0.1206184 0.105115 0.2477166 14.37582 2.844369 1 0.0
0.1016213 0.02399516 -3.811857 -7.241283 1.591034 1.980056 0.7808514 19.53883 1.152788 0 0.0
0.09941378 0.03390373 -2.046311 -5.943115 0.1473611 0.128332 0.1760354 16.55646 1.822884 1 0.0
0.1001896 0.03428076 -0.5806721 -6.913632 1.881281 2.089862 0.8325757 19.51148 1.770319 0 0.0
0.1146026 0.0466908 -2.746476 -1.565007 0.7141708 0.666059 0.3147536 19.04218 1.246729 0 0.0
0.094175 0.02816099 -3.545976 -2.243436 0.5275894 0.4613626 0.2168056 18.85145 1.175611 0 0.0
0.07907637 0.01973155 -0.3201484 -3.46346 1.200476 0.8554684 -0.4769446 19.07781 nan 0 0.0
0.1050402 0.03895927 -4.414783 -2.947695 1.411671 1.918261 0.8054833 19.18538 1.345371 0 0.0
0.09332961 0.008855439 -12.287 -6.514247 1.435429 1.693346 0.5941153 19.41926 1.476776 0 0.0
0.08464336 0.02100197 -0.5200056 -3.48393 0.5504009 0.5347034 0.6042668 17.55716 nan 0 0.0
0.09273495 0.02821929 -1.17713 -6.448902 0.1097004 0.09685084 0.1982373 15.94692 1.879292 1 0.0
0.1172255 0.03771808 -0.7497272 -2.081851 1.600346 2.035525 0.7830217 19.55952 1.186157 0 0.0
0.0840966 0.03143935 -0.374791 -8.955442 0.3679105 0.3178698 0.1604037 17.91892 1.376287 1 0.9497195
0.08304682 0.03534059 4.061811 -1.141165 0.4631935 0.3938615 -0.05128122 18.2923 1.25963 0 0.0
0.1137543 0.05794303 -0.2153245 -2.869822 0.6568328 0.5701939 0.4361346 17.67337 1.322758 0 0.0
0.1250585 0.03279517 2.531541 2.625238 2.354755 1.950214 0.3480334 19.93696 nan 0 0.0
0.1029286 0.0309025 -4.007644 -6.816572 0.8898187 0.788953 0.2281821 18.69958 nan 0 0.0
0.1032683 0.03978283 -0.4985709 -7.633424 1.579438 2.0748 0.8123716 19.43053 1.060347 0 0.0
0.1024586 0.03184321 -2.44776 -5.415994 0.5126708 0.4456881 0.1954861 18.75045 1.303797 1 0.0
0.1024042 0.03310974 0.5760057 -4.485193 0.4860315 0.4232545 0.2260013 18.71812 1.018118 0 0.0
0.09025533 0.007862086 -2.25113 -4.577703 0.2323139 0.2009439 0.09216502 17.11675 1.599714 1 0.0
0.1187814 0.04285881 -3.183918 -0.6260516 1.802324 2.218593 0.7751173 19.77183 nan 0 0.0
0.1166172 0.03880966 -3.669015 -5.683589 0.4806264 0.4007414 -0.05265297 18.35313 1.258152 0 0.0
0.1059283 0.04111 -0.8829496 0.2150969 1.670417 1.8337 0.856602 19.33888 nan 0 0.0
0.0909615 0.02681108 -0.587804 -9.166746 0.6423951 0.5422759 -0.05824546 18.72336 nan 0 0.0
0.1020083 0.02314416 -0.2286224 -6.18405 0.3708912 0.3295537 0.2503031 18.28546 1.132519 0 0.0
0.1169658 0.05605748 0.493142 -6.606902 0.5431043 0.4797788 0.2068838 18.83794 1.396479 0 0.0
0.08697096 0.02305648 -4.66828 -6.309468 0.1348794 0.115061 -0.03109055 16.16631 1.890966 1 0.0
0.077035 0.0323385 -3.39749 -5.782104 0.337 0.2960665 0.3375729 17.57469 nan 0 0.0
0.07820103 0.03683911 -3.051252 -5.205675 0.3357785 0.2967567 0.4293833 17.49089 1.79837 1 0.0
0.1173463 0.04833045 -1.875941 -6.099033 1.223482 1.454485 0.7685312 19.25513 1.505487 0 0.0
0.1208314 0.04331649 -3.441505 -7.129683 1.356097 1.567988 0.7921091 19.36369 nan 0 0.0
0.06783964 0.03119757 -5.93859 -8.171478 0.08574503 0.07313609 -0.08385828 14.66365 1.916079 1 0.0
0.1190377 0.05017134 3.777098 -6.577702 2.163658 1.968114 0.5768403 19.82495 nan 0 0.0
0.1161776 0.04257709 -4.034017 -9.903852 1.257892 1.670154 0.7382974 19.25039 1.223389 0 0.0
0.1087074 0.05184406 2.918898 -2.740003 1.263164 1.500735 0.4297025 19.23561 1.384253 0 0.0
0.1026939 0.01508505 0.7013746 -6.421083 0.2372793 0.2054438 0.08640852 17.11981 1.789157 0 0.0
0.1109265 0.05529248 0.8303189 -6.321371 1.420628 1.60335 0.7774737 19.47161 1.013714 0 0.0
0.09140468 0.0269252 -3.29725 -3.335577 0.1242362 0.1061112 -0.01842994 15.81556 1.756633 1 0.0
0.09785636 0.02570909 -1.364432 2.17078 1.539898 1.397133 0.2825018 18.57595 1.508274 0 0.0
0.0966723 0.03436557 -0.666949 1.728598 0.6897056 0.6199038 0.3126151 19.01581 1.291006 0 0.0
0.1163447 0.0435554 -5.070083 -9.084129 1.262097 1.679641 0.7474108 19.37006 1.621462 0 0.0
0.08407013 0.03324372 1.02203 -5.251936 0.8228568 0.8222536 0.619253 17.91842 1.485909 0 0.0
0.1085388 0.01743944 0.7229477 -1.292987 1.226461 1.442699 0.7937365 19.33568 1.390757 0 0.0
0.1128386 0.05617576 -4.33285 -1.74335 0.3609314 0.3085381 0.5239434 17.66107 0.7450943 1 0.0
0.1083496 0.02270771 -0.6782196 -5.164599 0.8456493 0.7348441 0.1393862 18.92752 1.844681 0 0.0
0.08436664 0.02130543 -0.6149157 -2.084112 0.1647647 0.1432035 0.03591816 15.74048 1.761249 0 0.0
0.1081046 0.02762888 -1.13981 -2.885047 1.473679 1.747527 0.7910293 19.48392 0.9161987 0 0.0
0.1142556 0.03081816 -4.608063 -5.439023 0.1709422 0.1529787 0.2530834 16.95885 1.64039 1 0.0
0.08575184 0.02213226 -4.641977 -7.838259 0.4006536 0.3452671 0.06733896 18.03549 1.54553 0 0.0
0.1055415 0.04220134 -6.72234 -5.406064 1.395354 1.839185 0.7763342 19.28095 1.105282 0 0.0
0.1197484 0.04040693 0.1576613 -3.818157 0.3707976 0.2970891 0.3475106 17.49313 1.362574 1 0.0
0.09628327 0.03269694 -0.4019601 -5.287397 0.3930317 0.3477708 0.4204634 18.20954 1.408689 0 0.0
0.07973725 0.01395376 -3.708421 -8.039829 0.4828755 0.405318 -0.1045435 18.42629 nan 0 0.0
0.1023406 0.02311909 2.304752 1.724522 0.3758189 0.3343075 0.2444232 18.35852 nan 0 0.0
0.0796305 0.02017751 0.2862264 -5.982323 0.3297597 0.2864715 0.3522068 17.49338 1.288912 0 0.0
0.1094885 0.02673693 -1.579999 -1.954493 0.09938858 0.08623686 0.1583284 15.43912 1.818269 1 0.0
0.09754496 0.01711291 -1.443262 -3.195873 0.2214566 0.190182 0.05111215 17.12271 1.16361 1 0.0
0.1094847 0.02237864 -1.877483 -4.374374 1.497399 1.74724 0.8026587 19.26574 1.136696 0 0.0
0.1160059 0.03671215 -3.093582 -11.45664 1.702577 1.98913 0.4182837 19.57097 0.8752289 0 0.0
0.09743473 0.01779392 -3.107969 0.9399864 1.081045 1.25904 0.5979841 19.05683 nan 0 0.0
0.09019033 0.03265195 -2.086378 -1.357176 0.7754614 0.6736502 0.8939597 17.12251 1.615916 0 0.0
0.09923615 0.01961782 -2.57246 -3.20039 0.3559326 0.3132195 0.2929844 17.84643 nan 0 0.0
0.1089116 0.03197312 -0.9773042 -2.601317 1.40202 1.720318 0.7878855 19.35915 0.6444607 0 0.0
0.06625919 0.02773087 -0.158386 -9.232004 0.09603538 0.08097952 -0.09246077 15.18255 1.627183 1 0.976206
0.1034764 0.02362932 2.540903 -5.534802 1.044179 1.000817 0.3664723 18.28738 1.232166 0 0.0
0.09751385 0.01278135 -5.973509 -12.90696 1.723618 1.971546 0.7157492 19.3614 1.171833 0 0.0
0.08155747 0.04477914 -0.4983758 -9.066876 0.4582405 0.4070718 0.254268 18.35108 1.249393 0 0.0
0.1199509 0.04931405 -1.61329 -5.480999 1.16969 1.106965 0.2858071 18.86588 1.315243 0 0.0
0.1095477 0.03100934 -4.628447 -2.661262 0.5512202 0.4783294 0.1294437 18.8663 1.352119 0 0.0
0.09745312 0.005998863 -7.145523 -5.395071 1.362158 1.604419 0.5779307 19.39719 1.094028 0 0.0
0.116302 0.05716056 4.194449 -1.675152 0.3203485 0.2833518 0.2041008 18.01958 1.534847 0 0.0
0.1068039 0.02870194 1.048926 -2.828154 0.4949609 0.4295979 0.2020486 18.74766 nan 0 0.0
0.1100697 0.02628628 -6.23966 -12.16128 1.280894 1.575369 0.8015202 19.19074 1.390446 0 0.0
0.09931947 0.01992103 0.4863355 -1.628137 0.3280923 0.2921609 0.4520513 17.58978 1.183741 0 0.0
0.09845684 0.01468223 2.543317 -1.579668 1.260502 1.459345 0.6493147 19.1792 1.20513 0 0.0
0.09481315 0.02971499 -4.274227 -6.887971 0.1454709 0.1422972 0.398265 16.2032 1.837243 1 0.0
0.1073579 0.02879874 -0.3806578 -2.291211 0.2702172 0.238341 0.5011062 17.25919 1.087179 0 0.0
0.1135887 0.05854591 -2.908615 -4.186861 0.347635 0.3017617 0.4844633 17.7445 nan 0 0.0
0.08450027 0.01423479 -0.5244654 -8.594925 0.6804232 0.5665543 -0.1156188 18.95141 1.146482 0 0.0
0.09070102 0.01148191 -0.2820503 -5.641267 0.3615925 0.3140827 0.1586931 17.84929 nan 0 0.0
0.09848013 0.009152805 1.548828 0.8979661 1.197841 1.443045 0.6050998 19.21458 1.143768 0 0.0
0.1114826 0.0268248 1.525643 -2.502298 1.545761 1.813782 0.7732116 19.56379 1.331144 0 0.0
0.1145169 0.04382413 -4.037384 -9.568413 1.14192 1.516851 0.7412153 19.14775 1.041761 0 0.0
