scripts/get_globular_clusters/output/NGC_6355.csv
# %ECSV 0.9
# ---
# datatype:
# - {name: x, unit: deg, datatype: float64}
# - {name: y, unit: deg, datatype: float64}
# - {name: pmx, unit: mas / yr, datatype: float64}
# - {name: pmy, unit: mas / yr, datatype: float64}
# - {name: pmx_e, unit: mas / yr, datatype: float64}
# - {name: pmy_e, unit: mas / yr, datatype: float64}
# - {name: pm_corr, datatype: float64}
# - {name: g_mag, unit: mag, datatype: float64}
# - {name: bp_rp, unit: mag, datatype: float64}
# - {name: filter, datatype: int64}
# - {name: memberprob, datatype: float64}
# meta: !!omap
# - comments: [deg deg mas/yr mas/yr mas/yr mas/yr dimless mag   mag   zeroone float]
# - __serialized_columns__:
#     bp_rp:
#       __class__: astropy.units.quantity.Quantity
#       unit: &id001 !astropy.units.Unit {unit: mag}
#       value: !astropy.table.SerializedColumn {name: bp_rp}
#     g_mag:
#       __class__: astropy.units.quantity.Quantity
#       unit: *id001
#       value: !astropy.table.SerializedColumn {name: g_mag}
#     pm_corr:
#       __class__: astropy.units.quantity.Quantity
#       unit: !astropy.units.Unit {unit: ''}
#       value: !astropy.table.SerializedColumn {name: pm_corr}
#     pmx:
#       __class__: astropy.units.quantity.Quantity
#       unit: !astropy.units.Unit {unit: mas / yr}
#       value: !astropy.table.SerializedColumn {name: pmx}
#     pmx_e:
#       __class__: astropy.units.quantity.Quantity
#       unit: !astropy.units.Unit {unit: mas / yr}
#       value: !astropy.table.SerializedColumn {name: pmx_e}
#     pmy:
#       __class__: astropy.units.quantity.Quantity
#       unit: !astropy.units.Unit {unit: mas / yr}
#       value: !astropy.table.SerializedColumn {name: pmy}
#     pmy_e:
#       __class__: astropy.units.quantity.Quantity
#       unit: !astropy.units.Unit {unit: mas / yr}
#       value: !astropy.table.SerializedColumn {name: pmy_e}
#     x:
#       __class__: astropy.units.quantity.Quantity
#       unit: &id002 !astropy.units.Unit {unit: deg}
#       value: !astropy.table.SerializedColumn {name: x}
#     y:
#       __class__: astropy.units.quantity.Quantity
#       unit: *id002
#       value: !astropy.table.SerializedColumn {name: y}
# schema: astropy-2.0
x y pmx pmy pmx_e pmy_e pm_corr g_mag bp_rp filter memberprob
[from data line 2703]
0.04233051 -0.0486782 0.6457484 -1.690601 1.823908 1.17713 0.6261694 19.99411 nan 0 0.0
-0.04750942 -0.003470329 2.77391 -0.2855733 1.476383 0.9586909 0.5933658 19.9635 1.739473 0 0.0
-0.002990502 -0.03629752 -0.01765681 -7.246026 0.7526222 0.4983806 0.3582073 18.38783 2.140419 0 0.0
0.05552579 -0.00700631 -2.36643 -8.704845 0.9642091 0.652341 -0.3097889 18.63685 1.554638 0 0.0
-0.01428141 -0.03208885 -2.377506 -4.209727 1.821418 1.319592 0.5043003 20.31427 1.33806 0 0.0
-0.01871448 -0.005903492 -5.211168 -0.8888932 0.354699 0.2594127 0.5328196 17.91807 2.04459 0 0.0
0.02477252 0.03595023 -3.150386 -7.938032 0.1767649 0.1148165 0.3253404 15.5153 2.582501 0 0.0
-0.02987117 -0.005652158 13.20459 3.924294 1.50891 0.9896367 0.5243497 19.39343 1.674171 0 0.0
-0.009254989 0.01620573 -4.888101 -0.6661797 1.387371 0.8937662 0.3847715 19.59908 1.323349 0 0.0
-0.008898745 0.007155389 -7.477857 -9.044208 1.148342 0.7644007 0.3407784 16.73554 1.905224 0 0.0
-0.02806567 -0.008732074 1.606547 -3.476072 2.133731 1.613188 0.09205651 20.45897 1.597137 0 0.0
0.0298219 -0.007549957 -8.971156 -2.151498 1.807873 1.297844 0.4947463 20.32187 1.490574 0 0.0
-0.007120748 0.0007906896 -3.292583 -4.893143 0.4414945 0.3144986 0.5004887 17.53877 1.985339 0 0.0
0.03941416 -0.02393505 -6.871435 -6.072458 0.3177832 0.2234922 0.4838271 17.59616 2.225466 0 0.0
-0.007503454 -0.001393249 -5.11422 -0.08111853 0.4523682 0.3141426 0.4180641 17.49084 1.929861 0 0.0
-0.001815919 0.02280742 -4.07878 -8.128722 1.144021 0.7857418 0.2030944 19.96981 nan 0 0.0
-0.006930656 0.02302466 6.168975 -1.446971 1.474626 0.9475146 0.4659831 19.82303 1.558512 0 0.0
0.04175623 -0.04937417 -0.7831173 -1.483454 0.9070135 0.6016864 0.4566793 19.33803 1.869045 0 0.0
-0.02675404 -0.004911343 -5.65528 -4.333093 3.552925 2.636611 0.2159315 20.59148 nan 0 0.0
-0.008816777 0.008145309 -4.398444 0.1319368 0.3692086 0.3242437 -0.4269576 17.31087 1.97998 0 0.0
0.04571366 0.00440393 0.7961296 -3.803568 0.3406399 0.2447352 0.3014653 17.57848 2.030998 0 0.0
-0.001815924 0.02314883 -2.159039 -3.906262 1.472805 0.9553534 0.626022 19.69704 1.753941 0 0.0
-0.0395954 -0.03629473 0.08889892 -0.8868338 0.6132176 0.4114712 0.4379959 18.53535 nan 0 0.0
-0.009034296 -0.008044283 0.08568503 -1.248396 0.8188631 0.5623916 0.9454054 17.35156 2.001028 0 0.0
-0.05604104 -0.00367442 -6.652954 -6.31107 1.714845 1.114492 0.5146437 19.9062 1.602991 0 0.0
0.02321442 0.0415181 3.230591 -0.7426545 1.027878 0.7087425 0.3966229 19.10391 1.695698 0 0.0
0.01713853 0.02202034 6.06607 -4.158698 2.200869 1.681885 0.1092125 20.13063 nan 0 0.0
-0.008351673 0.005541813 -5.307855 -0.8902797 0.128433 0.08328742 0.3553244 15.32801 2.275238 0 0.0
0.05051762 -0.01648354 -4.652365 -11.16751 0.5215057 0.3637171 0.1249248 18.65617 1.907408 0 0.0
0.06185266 0.01227759 0.3533331 -4.822034 1.521666 0.8338176 0.838262 19.12657 1.442486 0 0.0
0.02181913 0.04077641 -7.095672 -3.021555 2.258374 1.602919 0.4473888 19.86704 1.520895 0 0.0
-0.05881703 -0.02964626 0.8859607 2.264719 0.5772307 0.4051025 0.2997872 18.78358 nan 0 0.0
0.003815899 -0.05543206 -5.795374 -3.179784 0.4402295 0.3034322 0.2961776 18.38585 2.316893 0 0.0
0.002969977 -0.0009905929 -5.518511 -0.7015652 0.2613819 0.1736001 0.4284286 16.49949 nan 0 0.0
0.003817537 -0.005861986 -4.824618 -0.1926317 0.2098159 0.1392954 0.3436887 16.27257 1.941825 0 0.0
-0.01663598 -0.008010794 -7.407119 -3.361631 0.8195309 0.5535327 0.3976154 18.22116 2.049433 0 0.0
-0.009226347 4.713177e-06 -5.794704 -0.7543295 0.3941504 0.28111 0.5031141 17.84497 1.855127 0 0.0
-0.004797153 0.020982 1.692174 3.37839 0.9068971 0.6407496 0.1764971 18.8071 1.819042 0 0.0
-0.03224961 -0.007634532 -5.128202 -1.024103 0.3650173 0.2597993 0.5061202 17.94838 1.453627 0 0.0
-0.02133995 -0.0038154 -5.563095 -0.1308529 1.277361 0.8990631 0.2548332 20.10321 1.576674 0 0.0
0.02567878 0.05202897 0.5543079 -4.518486 0.2496292 0.1762214 0.4839829 17.33476 2.028683 1 0.0
0.01098621 0.04010465 -5.001792 -8.173391 1.021075 0.6517979 0.4948617 19.35477 1.642313 0 0.0
0.04132544 0.04552229 3.335591 2.142996 1.971117 1.418364 0.3783466 20.03358 1.703136 0 0.0
0.04156856 0.03689146 -2.711518 -0.3488165 1.650541 1.15873 0.3611647 20.12347 1.01232 0 0.0
-0.01064903 0.007473768 -4.612653 -0.6045205 0.08669152 0.05632107 0.2303279 14.50493 2.376768 1 0.9986985
-0.007450093 0.01926715 -4.482258 0.05655988 0.3915854 0.2918561 0.4407163 17.91273 1.385061 0 0.0
-0.01160654 0.01085731 -3.856484 -5.075221 0.1754212 0.1210443 0.2528708 15.2379 2.902282 0 0.0
-0.004960821 0.0107567 -0.1696856 -6.76638 0.2500636 0.1804404 0.5285957 17.33477 2.214434 0 0.0
-0.04164973 -0.02515081 -4.148522 -2.009301 3.871243 3.179156 -0.1909151 20.54791 1.766891 0 0.0
-0.06178559 0.000173591 -2.924058 -6.036661 0.9150871 0.6069439 0.4686493 19.03912 2.207733 0 0.0
-0.05168426 -0.02356985 -4.362836 -1.572201 2.111943 1.501631 -0.08721092 20.48614 1.681927 0 0.0
0.06041411 -0.0191128 -2.746101 -0.6113931 0.610426 0.3810981 -0.01584375 18.56685 1.745184 0 0.0
0.004256157 0.02417302 2.045669 -6.978404 1.261897 0.8817258 0.3755415 20.04991 1.747087 0 0.0
-0.04003089 -0.04178995 -4.452203 -3.501131 1.233647 0.8678875 0.4083852 20.03858 1.469141 0 0.0
0.02266091 0.008847237 -2.559945 -9.011266 1.598177 1.276373 0.05992633 20.21786 1.616121 0 0.0
0.01147005 -0.04616095 8.691072 3.545962 1.579675 1.066972 0.4281071 20.20985 nan 0 0.0
-0.04782614 -0.03108887 -3.070646 -7.939735 1.677521 1.157929 0.4901403 19.92717 nan 0 0.0
-0.005342776 -0.009272386 -4.791737 -0.5025791 0.1053983 0.07152953 0.3896055 14.61668 2.246373 1 0.9985775
-0.06344807 -0.01008312 -2.258398 -6.797809 0.9357346 0.6049958 0.5959499 19.29516 1.909855 0 0.0
0.01103269 -0.04615518 -10.43828 -4.304449 1.899099 1.324797 0.3676205 20.08707 1.888115 0 0.0
-0.01485992 0.002205207 -0.3728442 -6.570751 1.571338 1.06297 0.6556667 19.66715 1.519327 0 0.0
-0.01909964 0.008241343 4.709227 -7.314817 2.916046 2.252969 -0.2096317 20.30081 nan 0 0.0
0.02071981 0.01233614 -0.06676999 -4.28888 2.058922 1.759881 -0.1552013 19.99774 nan 0 0.0
-0.02470298 -0.005835951 -0.8620805 -3.541553 0.2971926 0.1989784 0.2507214 14.66047 5.092264 1 0.0
-0.004988122 0.009673324 -4.868922 -0.8533055 0.2937741 0.209868 0.4935428 17.51031 1.945435 0 0.0
-0.01858008 0.008561862 -4.876896 -1.060991 0.5461769 0.3704378 0.4327871 18.56479 1.918407 0 0.0
0.01556882 -0.05728699 -3.959517 -6.905954 0.2790066 0.2059426 0.3093048 17.82722 2.280273 1 0.0
0.01677095 -0.06070131 -1.355627 -7.451435 1.777665 1.262815 0.5407363 20.1616 1.972589 0 0.0
0.05229388 -0.01865108 1.798613 -5.052064 1.660351 1.322534 -0.07739909 20.03669 1.88426 0 0.0
0.003298098 -0.002026292 -9.326989 -3.466508 1.481148 0.9697782 0.4435847 18.06841 nan 0 0.0
0.003763065 0.000798477 -3.966299 -1.331057 0.3355895 0.2505336 0.4116823 17.56709 nan 0 0.0
-0.03566802 -0.006428184 -5.937463 -19.83868 2.079437 1.3815 0.5861663 19.92502 2.244242 0 0.0
-0.004195093 0.01169324 -5.301189 -0.3665215 0.3639246 0.2608378 0.4871666 17.66912 1.930017 0 0.0
-0.02538846 0.002655417 -3.002519 0.1209577 0.9326594 0.6097732 0.6077912 19.34414 1.942297 0 0.0
0.03043777 -0.05706107 -8.888753 -6.718852 0.1536159 0.1050478 0.02470176 16.51506 2.355225 1 0.0
-0.003648121 0.01183249 -0.1937781 -0.5253747 1.972311 1.211401 0.8399422 19.10881 nan 0 0.0
-0.007422605 0.01712711 -3.280136 -1.522053 1.818258 1.195473 0.7353253 19.97783 1.611012 0 0.0
0.003462081 -0.005024649 -11.51124 -5.942759 1.852416 1.230156 0.170854 18.81485 nan 0 0.0
-0.04903939 -0.006694387 -3.966754 0.5579649 1.648532 1.146821 0.2690637 20.10513 1.688208 0 0.0
-0.05016387 0.001037522 -6.604353 -19.23187 1.224076 0.7989237 0.5787664 19.63305 1.903193 0 0.0
-0.01756814 0.00818818 -0.174189 -2.600936 1.993411 1.324722 0.739285 20.03525 nan 0 0.0
0.04049797 -0.05189905 -3.332892 -7.04278 1.017 0.6701893 0.3913052 19.51884 1.782642 0 0.0
-0.005973677 0.02932278 -5.483159 -4.627423 1.144058 0.7228852 0.5894052 19.32165 1.846972 0 0.0
0.005567871 -0.0001705289 -4.668605 0.01460686 0.4818295 0.3606556 0.4087565 17.76994 nan 0 0.0
0.04136228 -0.004499843 -10.35734 -1.91866 2.071325 1.579128 0.3194191 19.78628 nan 0 0.0
-0.01283739 0.0122362 2.452249 -3.301948 1.049719 0.643285 0.1754942 19.16431 1.797798 0 0.0
0.01906729 -0.05784637 -13.33394 0.2373718 2.095471 1.554572 0.3245103 20.54944 nan 0 0.0
0.06479482 -0.008294778 -2.639668 -6.990255 1.185185 0.8260587 0.2213811 19.9123 nan 0 0.0
-0.05997684 -0.007361392 0.3820144 0.3025514 1.357502 0.8997085 0.2681143 20.15074 1.528389 0 0.0
0.002806631 0.02905397 -1.544884 -5.858366 1.253208 0.8676657 0.3201022 20.13328 nan 0 0.0
0.03547045 0.0434376 -3.271371 -2.04547 1.261471 0.9098334 0.3656269 20.04906 nan 0 0.0
0.002615089 0.02589159 -8.297409 -0.2034373 2.831778 2.363469 -0.04680415 20.31802 1.882448 0 0.0
0.05655405 -0.02912252 -11.60382 -5.370732 2.525825 2.017871 0.1408717 20.53492 nan 0 0.0
-0.007010895 -0.006918807 -4.125671 0.2022869 0.9234718 0.5941852 0.9104665 17.73036 1.92547 0 0.0
0.0315438 -0.01046484 0.9301792 -1.245793 1.39426 0.9941047 0.5322556 19.91376 2.004347 0 0.0
0.05196658 -0.01686565 -3.553845 -4.289811 0.2980693 0.2102439 0.3161262 17.30935 2.196188 0 0.0
0.02191958 -0.006623125 -4.320528 -8.071002 0.24967 0.1781916 0.4626744 17.42489 2.30612 1 0.0
-0.02191456 -0.001942491 -6.357524 -6.696669 0.3304772 0.2326937 0.401534 17.85691 2.385572 1 0.0
-0.007476676 0.00739963 -7.404592 1.270851 0.8487006 0.6343754 -0.2959578 18.78496 1.759108 0 0.0
0.03683484 0.03266828 -1.945657 -4.759069 1.265537 0.9027041 0.2486692 19.9908 nan 0 0.0
0.06504326 -0.004129267 -4.266867 2.287821 2.60385 1.872447 0.3819565 20.64666 0.5168667 0 0.0
-0.04895664 -0.008391893 -4.435587 -2.9708 2.208622 1.655474 0.230089 20.42991 nan 0 0.0
-0.01505115 0.0007193576 -13.84358 -6.244018 1.585602 1.049287 0.4844416 19.8892 1.760662 0 0.0
0.03906627 -0.00162467 2.6104 -7.310421 0.2085842 0.1407691 0.2614175 17.07163 1.986875 0 0.0
0.03706059 -0.03109445 -1.806093 -11.77567 1.48907 1.033708 0.4460448 20.11834 1.147161 0 0.0
0.03128775 -0.04721747 -4.946957 -5.530533 1.393758 0.937855 0.4665155 20.12144 1.593172 0 0.0
0.004501394 0.0003006326 -4.521221 -8.191821 0.4383048 0.3549412 0.2916119 17.63219 1.485491 0 0.0
-0.02382964 0.002379183 -1.043771 -4.845905 1.18554 0.7800975 0.519587 19.35105 1.9951 0 0.0
-0.006682191 -0.01680458 -1.918362 -6.600578 2.051411 1.474732 0.4938233 20.40851 1.645264 0 0.0
0.05606328 -0.02638142 -9.732078 -2.410362 2.076837 1.711527 0.1590222 20.30168 nan 0 0.0
0.009426842 0.03888409 -2.714026 -8.992533 0.4542193 0.2981324 0.3764614 18.54927 1.82012 0 0.0
0.04284929 -0.05024051 -4.417257 -1.373506 2.33113 1.608573 0.7086285 20.38491 nan 0 0.0
0.0001806465 -0.03604953 -7.499059 -6.92257 0.462464 0.3099355 0.3416116 18.23889 1.758152 0 0.0
0.01226954 0.01769509 -2.514027 -7.08973 0.3176131 0.2232139 0.4669937 17.83728 2.153713 0 0.0
0.04406189 0.04753735 -4.814146 -1.181882 0.4478824 0.2969637 0.333317 18.44372 1.856873 0 0.0
0.05996159 0.004569083 -0.6208628 -1.360438 0.116509 0.07936986 0.09578484 15.97513 2.491849 1 0.0
0.05867705 0.006112787 -6.837281 -9.08685 2.044505 1.423161 0.2892083 20.38087 nan 0 0.0
-0.01775439 -0.02557383 -0.5858028 -5.437185 0.2074575 0.1389263 0.381442 16.89086 2.422832 1 0.0
0.02118838 0.03219918 -5.554903 -4.351646 1.54631 0.91108 0.802299 19.03808 1.890968 0 0.0
0.02119092 0.04609803 1.944495 0.8806728 0.6585292 0.4338408 0.3313006 18.63021 1.878651 0 0.0
-0.01923226 -0.01650843 -4.637398 -6.060691 0.3948203 0.2796928 0.3608294 18.17813 2.223475 0 0.0
0.004611982 0.03049014 -4.055193 -6.808838 0.4758736 0.3193687 0.3930268 18.43892 2.042461 0 0.0
0.04654833 -0.02809762 2.504031 -5.239914 1.69263 1.095655 0.6924996 19.80203 1.376358 0 0.0
-0.03353368 -0.01146867 -7.768853 -6.405296 0.5634212 0.3750981 0.4061353 18.82115 1.979065 0 0.0
-0.02167129 0.01321144 -2.07321 -6.59663 0.6708994 0.4449818 0.3723803 18.56439 2.08672 0 0.0
-0.04449347 -0.02419057 -5.812654 -9.057364 0.7889343 0.505771 0.6187148 18.8984 1.996777 0 0.0
0.05011756 0.006755774 -1.130907 -4.845385 0.2458561 0.1637454 0.2618611 16.63801 2.411831 0 0.0
0.035622 0.002534462 -6.288998 -4.372454 0.5730216 0.3824374 0.1282212 18.65422 1.619638 0 0.0
-0.005754349 0.01918142 0.05928341 -1.662938 2.594228 1.850026 0.6297484 20.29975 1.798744 0 0.0
0.0315601 -0.05086058 3.043197 -8.402138 2.483635 1.824627 0.2911984 20.67918 1.222172 0 0.0
0.05292106 -0.02231919 -2.047645 2.684021 2.207113 1.848529 0.007116268 20.14531 1.757412 0 0.0
0.05234168 0.02656642 -3.983484 -5.875155 2.039469 1.224021 -0.007696893 20.27425 1.947695 0 0.0
-0.01568038 0.002634252 -4.657217 0.195837 0.2864265 0.1992364 0.2849066 17.1382 1.623379 0 0.0
0.0512521 -0.02496393 -4.350973 -7.028201 1.708322 1.075214 0.4772781 20.01488 1.868862 0 0.0
0.0180172 0.04403672 -5.605163 -10.28236 1.72281 1.103574 0.4065657 19.81479 nan 0 0.0
0.06019657 -0.0168334 -6.080347 -1.833288 1.736857 1.117116 0.4755355 19.97812 1.655422 0 0.0
0.05242803 -0.02428354 -3.853412 -6.601289 0.5014103 0.3538352 0.1768372 18.74183 1.728394 0 0.0
-0.0231456 0.0004853245 -2.123047 -5.500779 0.2535567 0.1846637 0.4193294 17.625 2.226818 0 0.0
0.001466398 0.03394825 -0.8407592 0.4506736 0.552017 0.3647956 0.2419164 18.90925 1.824844 0 0.0
-0.02224074 -0.01213542 -3.507259 -6.376501 0.1797382 0.1187182 0.3482761 16.54439 2.259458 1 0.0
-0.06396691 -0.01133463 -2.102252 -8.737808 1.406483 0.9114955 0.5975205 19.90151 1.726139 0 0.0
-0.03233247 -0.004676257 -0.00293071 -6.643118 0.188862 0.1303814 0.3172657 17.08762 2.50703 1 0.0
-0.03965564 -0.02007465 -0.9945598 -1.76334 1.098983 0.7048617 0.5212062 19.01324 1.923218 0 0.0
0.01301062 0.04099518 -11.59703 -8.716567 2.458397 1.892152 0.1330954 20.51019 nan 0 0.0
-0.0230642 0.003710667 -3.305854 -2.381213 0.4075364 0.2725411 0.386435 18.25922 1.935301 0 0.0
-0.04912369 -0.001351939 -3.436055 -6.103651 2.313329 1.657589 0.3399878 20.41772 1.638004 0 0.0
-0.02002704 -0.005793085 -2.961358 0.9089405 0.2388767 0.1724125 0.4203359 17.45762 2.326435 0 0.0
0.01787095 -0.01724827 -5.567942 -0.807583 0.6927894 0.4910436 0.3204272 18.45867 1.904734 0 0.0
0.02834831 0.004710851 -1.52622 -4.581249 1.883765 1.346262 0.4492121 20.19009 1.178499 0 0.0
-0.02702565 -0.01281546 -5.061134 -0.3851163 0.5208632 0.3513593 0.2812201 18.74152 2.033146 0 0.0
0.03622408 0.004001026 -4.418859 1.153322 2.750353 1.998344 -0.03213255 20.4664 nan 0 0.0
0.001630122 0.005456272 -6.730589 -3.334891 0.9291984 0.6804206 0.2448296 18.42376 nan 0 0.0
-0.01245285 -0.003085494 -4.827709 -0.5405918 0.1024927 0.06619979 0.384614 15.39292 2.285417 1 0.9981495
0.05624521 0.01040744 1.467797 -0.2610182 1.305716 0.9861299 0.1904621 20.14139 nan 0 0.0
-0.04154472 -0.01303339 -10.29279 -7.546382 1.549706 1.02338 0.5314506 19.78599 1.815002 0 0.0
-0.0350389 -0.007082212 -4.585885 -7.642067 1.135529 0.7928753 0.3282644 20.00311 nan 0 0.0
0.02558653 0.005983696 -4.577226 -0.9934398 0.3768034 0.2479012 0.3493195 18.27991 1.797819 0 0.0
-0.006626357 -0.03683555 -1.65886 -4.851401 1.480849 1.13019 0.2368185 20.10986 nan 0 0.0
-0.01215243 0.0005060754 -4.542801 -0.6595296 0.08908004 0.05797035 0.3714613 14.58808 2.388895 1 0.9975047
0.02107954 0.03535777 -3.214469 -0.6513117 0.9030138 0.5868755 0.2813239 18.76476 1.815054 0 0.0
0.01172352 0.02737303 -1.017394 -2.986986 2.988012 2.439682 0.09405569 20.61572 nan 0 0.0
0.05836432 -0.01747715 -5.19447 -1.398119 0.9606467 0.6228778 0.5353418 19.41917 1.543135 0 0.0
-0.02809644 0.005361318 -2.830217 -5.743936 0.4262256 0.287412 0.487227 18.27964 2.298246 0 0.0
0.02926233 0.05047173 -0.8751151 -6.026999 1.334051 1.104698 0.05358183 19.99641 1.536945 0 0.0
0.03693899 0.01618685 -4.793914 -6.288419 0.2894801 0.2027972 0.4175856 17.31999 2.07181 1 0.0
-0.04589107 -0.01602766 0.9745024 -1.2842 0.5710411 0.386278 0.2961631 18.95772 1.746548 0 0.0
0.03850298 0.03133832 -2.481219 -1.208192 0.5925438 0.3873775 0.3373778 18.28838 1.708271 0 0.0
