scripts/get_globular_clusters/output/NGC_6637_M_69.csv
# %ECSV 0.9
# ---
# datatype:
# - {name: x, unit: deg, datatype: float64}
# - {name: y, unit: deg, datatype: float64}
# - {name: pmx, unit: mas / yr, datatype: float64}
# - {name: pmy, unit: mas / yr, datatype: float64}
# - {name: pmx_e, unit: mas / yr, datatype: float64}
# - {name: pmy_e, unit: mas / yr, datatype: float64}
# - {name: pm_corr, datatype: float64}
# - {name: g_mag, unit: mag, datatype: float64}
# - {name: bp_rp, unit: mag, datatype: float64}
# - {name: filter, datatype: int64}
# - {name: memberprob, datatype: float64}
# meta: !!omap
# - comments: [deg deg mas/yr mas/yr mas/yr mas/yr dimless mag   mag   zeroone float]
# - __serialized_columns__:
#     bp_rp:
#       __class__: astropy.units.quantity.Quantity
#       unit: &id001 !astropy.units.Unit {unit: mag}
#       value: !astropy.table.SerializedColumn {name: bp_rp}
#     g_mag:
#       __class__: astropy.units.quantity.Quantity
#       unit: *id001
#       value: !astropy.table.SerializedColumn {name: g_mag}
#     pm_corr:
#       __class__: astropy.units.quantity.Quantity
#       unit: !astropy.units.Unit {unit: ''}
#       value: !astropy.table.SerializedColumn {name: pm_corr}
#     pmx:
#       __class__: astropy.units.quantity.Quantity
#       unit: !astropy.units.Unit {unit: mas / yr}
#       value: !astropy.table.SerializedColumn {name: pmx}
#     pmx_e:
#       __class__: astropy.units.quantity.Quantity
#       unit: !astropy.units.Unit {unit: mas / yr}
#       value: !astropy.table.SerializedColumn {name: pmx_e}
#     pmy:
#       __class__: astropy.units.quantity.Quantity
#       unit: !astropy.units.Unit {unit: mas / yr}
#       value: !astropy.table.SerializedColumn {name: pmy}
#     pmy_e:
#       __class__: astropy.units.quantity.Quantity
#       unit: !astropy.units.Unit {unit: mas / yr}
#       value: !astropy.table.SerializedColumn {name: pmy_e}
#     x:
#       __class__: astropy.units.quantity.Quantity
#       unit: &id002 !astropy.units.Unit {unit: deg}
#       value: !astropy.table.SerializedColumn {name: x}
#     y:
#       __class__: astropy.units.quantity.Quantity
#       unit: *id002
#       value: !astropy.table.SerializedColumn {name: y}
# schema: astropy-2.0
x y pmx pmy pmx_e pmy_e pm_corr g_mag bp_rp filter memberprob
[from data line 4332]
-0.04361358 0.04939787 -1.036498 -5.846718 0.3346725 0.2972098 0.213168 17.2453 nan 0 0.0
-0.06045515 0.04482581 -4.062217 -5.19017 0.8745806 0.7708013 -0.08690558 19.2131 0.9033356 0 0.0
-0.0530596 0.01352323 -1.635689 -6.043142 1.357106 1.381546 0.4813114 19.63609 0.8287468 1 0.01857403
0.01004156 0.04941545 -5.712777 -7.515957 0.3569558 0.3689309 0.4843512 17.84708 0.8646984 1 0.007642934
-0.0281109 0.05121218 -2.589589 -7.708562 0.4833385 0.4789172 0.4738249 18.17474 1.311451 0 0.0
0.01377985 0.03565535 -7.052843 -7.653485 1.018812 1.029131 0.5324047 18.78027 1.109762 0 0.0
-0.05104586 -0.03652063 3.33763 -3.664969 1.197465 1.280411 0.6108302 19.61431 0.6541195 1 0.0
-0.08001788 -0.001598988 -4.772852 -6.623903 1.375217 1.483172 0.7297731 19.78422 0.8020649 1 0.2374008
0.03331125 0.05466272 -5.148114 -6.187713 0.1573643 0.1497035 0.09825336 12.63347 2.820819 1 0.8577135
0.02193657 0.0625092 1.771793 -7.597113 1.0177 1.070685 0.5729165 19.10747 1.029598 0 0.0
-0.05703076 0.05479584 -8.787915 -1.244662 1.037079 0.8481791 -0.2486205 18.75128 0.9535942 0 0.0
0.07075201 0.03311104 -4.673963 -2.561762 0.581973 0.6017187 0.4407697 18.68986 1.110407 1 4.742086e-06
0.01922335 0.04233771 -6.053898 -7.556118 0.8136059 0.8208124 0.4614662 18.87044 0.8250103 0 0.0
-0.02969393 0.001399363 -4.614712 -5.971079 0.6590644 0.666475 0.6535897 18.78591 nan 0 0.0
-0.02656311 0.0511478 1.93444 -1.491812 0.2251861 0.2146728 0.3714543 17.08054 1.057255 1 0.0
0.01912001 0.04157479 -1.640703 -11.23579 1.16503 1.162279 0.4078494 19.4786 0.8686771 0 0.0
-0.007858636 0.02577981 -0.07960985 -6.489601 0.8843618 0.9350642 0.5378249 19.03776 nan 0 0.0
-0.05966546 -0.0183298 -7.6707 -5.286945 1.334237 1.353051 0.4008333 19.62961 0.8977337 0 0.0
0.03691159 0.02698188 -3.981987 -8.014697 0.7336826 0.741257 0.2913698 18.75716 1.011169 0 0.0
-0.05880376 0.004276666 -5.401695 -5.118292 1.380458 1.478286 0.6903092 19.88371 0.6268044 0 0.0
-0.02894438 -0.004444511 -5.090241 -5.473146 0.9196992 0.93134 0.5884222 19.20862 0.9344025 0 0.0
-0.008478109 0.03150943 -5.4151 -5.6162 0.357816 0.3292706 0.3361902 16.62326 1.277397 0 0.0
-0.03250515 0.07598715 -3.400496 -5.551912 1.894995 1.974048 0.5612426 20.03858 0.748951 0 0.0
-0.006285889 0.03129598 -2.505315 -3.655582 0.2803631 0.268101 0.4148523 17.3701 1.047546 1 0.0
-0.05413926 0.05110499 -6.371609 -0.8963511 0.6419539 0.5260539 -0.2648599 18.36448 0.5721588 0 0.0
-0.03711577 -0.006892716 -0.2391777 -4.895304 0.6743574 0.6983657 0.6093012 18.90055 0.8944359 0 0.0
-0.05539621 -0.002599084 0.1372617 -7.566163 0.8445914 0.8896669 0.6332775 19.25007 0.8130894 0 0.0
-0.009564149 0.05835334 -0.9011078 -5.616605 1.259189 1.341239 0.563344 19.65773 0.8263226 0 0.0
-0.00197898 0.03675501 -5.000155 -6.503938 0.5270187 0.5231247 0.5097603 18.17343 1.271179 0 0.0
0.04408916 0.04368323 -2.843795 -7.485842 0.7854015 0.8027623 0.5550809 19.00496 0.8196144 1 2.62829e-05
-0.01035798 0.006641222 -5.069332 -5.69371 0.08036929 0.07287027 0.2856884 13.53328 1.793109 1 0.998
-0.0664138 0.04500474 -1.134444 -3.470237 0.4468083 0.3971856 0.06588845 18.28482 1.110826 1 0.0
-0.03719296 -0.007247514 -4.860592 -5.053605 2.071462 2.090167 0.473692 20.22961 nan 0 0.0
-0.05139743 0.03799166 -3.076407 -1.617869 0.4038096 0.4032838 0.4758264 17.89323 0.5378723 0 0.0
0.05045858 0.04059 -1.362752 -4.898795 0.5640293 0.561897 0.4035787 18.39822 1.089222 1 0.0
0.04078488 0.03783685 3.270657 -2.012244 1.715744 1.685675 0.360438 19.95091 0.6446228 0 0.0
-0.07347833 -0.02239499 -4.198342 -3.014136 1.589573 1.626246 0.532147 19.65382 1.027411 0 0.0
-0.06429917 -0.02684738 -1.314728 -4.594062 0.4557169 0.4600995 0.5939633 18.38156 1.202133 1 0.0
-0.05266848 -0.03816951 -5.809411 -8.562537 1.615202 1.749188 0.6509166 19.98874 1.025551 0 0.0
0.04799445 0.06330022 0.5006274 -4.461383 0.1305183 0.1287463 0.08083524 12.54899 1.796519 1 0.0
-0.01430313 0.008330595 -5.268816 -5.506464 0.293068 0.2849176 0.5436857 17.14804 1.347481 0 0.0
-0.01482708 0.05882565 1.9412 -7.941026 2.146767 2.218783 0.569976 20.21597 0.3055878 0 0.0
0.005142197 0.08165003 2.97572 -4.302801 1.956594 2.090176 0.5655034 20.08237 0.7680798 0 0.0
-0.06501304 -0.03768545 -4.407869 -5.610588 0.5238577 0.5275485 0.5922783 18.50888 0.9045506 1 0.5590284
-0.03182173 0.04029711 -2.393045 0.324182 1.197539 1.281804 0.6183822 19.57417 1.008501 0 0.0
0.04645478 0.0291862 -1.416321 -1.227319 0.8984796 0.9276239 0.5335527 19.19629 1.121122 1 2.943742e-05
-0.05002564 -0.01731306 -2.568874 -9.514128 1.948735 2.021076 0.6964993 20.02978 0.5704994 0 0.0
-0.0008700737 0.05303615 0.3436167 -0.5317006 0.3277591 0.33554 0.62405 17.46457 1.078436 0 0.0
-0.06183887 0.03137044 -3.920681 -4.459761 0.8679207 0.8821768 0.7017136 19.0785 1.099901 1 0.3121328
0.04843012 0.05781827 -0.6192022 -4.764065 0.1659665 0.161033 0.1626273 11.70081 3.042686 1 0.0
-0.009560972 0.02825157 -5.594282 -6.704493 0.3838961 0.3884843 0.5509031 17.95957 1.256227 1 0.9038721
-0.001283115 0.07374613 2.515149 0.6834697 2.006163 2.053264 0.4336391 20.11045 1.20845 0 0.0
0.03171081 0.05175268 -5.407511 -6.439058 0.1359289 0.1435702 0.2367248 12.80077 2.079431 1 0.06758585
-0.05612823 -0.02776128 0.9361545 -11.06126 1.514128 1.527641 0.5172829 19.51147 0.8372555 0 0.0
-0.00757851 0.06828317 1.274754 -4.978746 0.7062183 0.7209138 0.2886563 18.86335 1.14702 0 0.0
0.04338479 0.02713541 -7.491773 -3.07457 1.771284 1.754807 0.3848829 19.50814 nan 0 0.0
0.03555185 0.04505646 1.208232 -2.68338 0.5440713 0.5454934 0.4623939 18.44566 1.127209 1 0.0
-0.02309367 0.001206739 -4.50772 -4.853207 0.835583 0.8311725 0.5375598 18.9616 1.123026 0 0.0
-0.06250878 0.03044682 2.81298 2.861877 0.4300876 0.4068948 0.4129128 18.14054 1.544453 1 0.0
0.04445603 0.05541324 -3.679928 -6.676212 0.7556854 0.7624761 0.4951063 18.97685 1.284786 1 0.03311566
-0.001024682 0.03779644 -2.24509 -4.482605 1.174728 1.207108 0.5835298 19.52435 1.003344 0 0.0
0.02949883 0.07179583 1.460414 -7.968598 0.5845046 0.5766782 0.3992905 18.22801 1.116871 0 0.0
0.06690874 0.03256846 -3.75773 -7.293366 0.1069896 0.1073509 0.18748 15.279 1.54685 1 0.0
0.04199782 0.03933928 -1.214879 -10.87868 0.8240837 0.8191192 0.4049863 19.09848 nan 0 0.0
-0.04569405 -0.01948514 0.7403394 -9.023643 2.853617 2.265526 0.07457841 20.19341 -0.04402733 1 0.05780792
0.03003692 0.06045457 -1.20304 -2.336553 0.5925344 0.6079213 0.4788205 18.47559 1.783392 0 0.0
0.02652938 0.06422458 -2.339778 -6.654138 0.7219576 0.717712 0.417092 18.70272 nan 0 0.0
0.0380886 0.06621936 -4.305173 -2.091048 0.412038 0.4232896 0.4602705 18.0785 0.9359283 1 0.0
-0.06039554 0.03279048 -1.359169 -9.907259 0.2894141 0.2722487 0.3713506 17.47148 0.9631958 1 0.0
-0.03502279 -0.01934687 -4.202087 -4.893051 0.647007 0.6824093 0.61871 18.73114 1.03837 1 0.7549373
-0.047809 0.03179856 -4.503283 -4.681477 0.3234625 0.3159945 0.3705166 17.53715 1.241802 0 0.0
-0.05862727 0.0502744 -0.6025046 -6.279138 0.5362268 0.4803937 0.05828409 18.69317 0.9276447 0 0.0
-0.02603413 0.00574543 -7.455225 -7.404464 1.315092 1.331706 0.4339067 19.01651 0.9811459 0 0.0
-0.01510468 0.02177727 -5.235198 -4.18123 1.02955 1.059577 0.6855516 18.9888 1.029402 0 0.0
-0.02693938 0.01526284 -5.427784 -5.97381 0.1242849 0.1146728 0.2798179 15.72429 1.251429 1 0.9786838
0.05152146 0.05001551 -0.03342073 -5.470574 1.725298 1.701321 0.2903092 20.16881 1.03598 1 0.006105884
0.06316638 0.02873738 -4.487378 -5.130541 0.1016285 0.102029 0.1772635 14.72484 1.441195 1 0.0
-0.07018903 -0.04279338 -0.3840542 -1.78996 2.220455 2.187249 0.6183864 20.12808 1.304722 0 0.0
0.005990168 0.02730583 -2.170337 -3.722202 0.2554448 0.2540898 0.4871991 17.18045 nan 0 0.0
-0.003732993 0.04034077 -5.994078 -5.56467 0.991525 1.044038 0.5036152 19.27699 0.8994102 0 0.0
0.06019841 0.0255198 0.9186283 0.5504116 0.2935963 0.3156709 0.5313591 17.33088 1.108459 1 0.0
-0.05202662 0.05571057 0.3037553 -5.142788 0.4608155 0.4320167 0.2513149 18.57207 1.240599 0 0.0
-0.08087959 0.01062636 -5.090916 -4.225004 1.306566 1.423517 0.739412 19.65578 0.7196999 0 0.0
-0.02305961 0.06999335 -2.522064 -6.528903 0.2558206 0.252978 0.4695082 17.20556 1.273264 1 0.0
0.0736652 0.03162099 -2.741769 0.8541138 0.5745594 0.5971577 0.4621439 18.62711 1.109322 1 0.0
-0.05786056 -0.01919838 0.1930272 -7.270811 1.075322 1.093734 0.4098796 19.44772 1.418869 0 0.0
0.05376724 0.05260439 -1.70834 -8.246369 1.037576 1.029492 0.3471207 19.36655 1.260248 1 3.667345e-05
0.01837556 0.0591378 0.4557821 1.033245 1.428638 1.46024 0.5084481 19.5999 1.482355 0 0.0
-0.01075278 0.07445503 -2.776728 -8.266565 0.6336156 0.6506284 0.277104 18.66144 0.9294167 1 0.0
0.0075124 0.03519832 -4.847357 -4.06218 0.9780644 1.035279 0.5925406 19.24103 1.160091 0 0.0
0.000884213 0.06389277 -7.017539 -3.729507 0.128453 0.122603 -0.2851019 12.85803 1.686855 1 0.0
0.0353771 0.05996817 -2.947489 -4.434379 1.121321 1.182124 0.579687 19.47955 1.173555 0 0.0
-0.07256878 0.000474861 1.817747 -4.525627 0.3109845 0.3063193 0.5633678 17.70735 1.181744 1 0.0
-0.03474515 -0.003984975 2.649826 -9.08444 1.381467 1.101685 0.1041627 18.47569 1.065697 0 0.0
-0.07189125 -0.04099037 3.846619 -8.16632 0.750568 0.7710363 0.6457443 19.06826 0.9645195 1 0.0
0.06245964 0.05104241 -8.393146 -4.743814 1.149125 1.179153 0.3410541 19.53064 nan 0 0.0
-0.01370912 0.001853331 -4.524193 -4.818939 0.0968197 0.08873524 0.293201 14.6314 1.539809 0 0.0
-0.03781353 -0.002815093 -7.119813 -5.649527 1.276267 1.311963 0.6212078 19.72569 0.6997395 0 0.0
-0.04260549 0.04501908 1.266559 -6.671639 0.5059846 0.490035 0.3703528 18.31853 1.012815 0 0.0
-0.003140584 0.06441915 0.3302235 -5.966116 0.6022856 0.6197382 0.2903858 18.56627 0.927824 1 0.0
-0.03428047 0.06247104 -1.665558 -9.592691 2.559294 2.389874 0.3470756 20.18646 0.8697186 0 0.0
-0.05664643 0.01774774 3.072568 -6.863185 1.254485 1.237823 0.5381094 19.21158 0.8206482 0 0.0
-0.01737288 0.01584883 -3.931948 -4.755815 0.3609725 0.3370513 0.3460797 16.71593 1.286124 0 0.0
-0.033149 0.002138214 -3.937425 -5.35393 0.6437917 0.6530144 0.6000026 18.83621 1.0942 0 0.0
-0.0386407 0.06276683 -1.19014 -5.371404 0.5498381 0.623687 0.7608797 17.7171 1.522169 1 0.0
-0.001798127 0.0212559 -5.097209 -6.007077 0.1172756 0.1095457 0.3317051 15.49551 1.384693 1 0.9952379
-0.01492141 0.005068929 -7.689714 -8.205703 0.760772 0.7123383 0.4609045 17.04444 nan 0 0.0
-0.06585172 0.01696331 -0.5194258 -6.048887 0.8841117 0.9295574 0.6661727 19.16385 0.9181595 0 0.0
0.04071387 0.05201229 -1.470343 -4.876326 0.1144889 0.1099527 0.1591565 15.28142 1.438177 1 0.0
0.03672287 0.07042753 -0.9687783 -5.772594 0.4461987 0.4605737 0.4840303 18.20602 1.056698 1 0.0
0.0459982 0.04422015 -0.7972206 -3.118775 0.5124691 0.517301 0.2655779 18.2287 1.351278 1 0.0
-0.02933457 0.006301366 -7.828839 -4.463869 0.9117356 0.8904943 0.3911407 18.85419 1.094408 0 0.0
-0.0288132 0.06946528 -1.133716 -7.123412 1.610153 1.512916 0.2534596 19.23372 1.519175 0 0.0
0.04862094 0.02881122 -5.926652 -5.236904 0.4259079 0.433737 0.4297893 18.14734 1.117844 1 0.2936363
-0.06882261 0.02411747 2.626114 -4.340044 0.3546405 0.3556944 0.6273308 17.83664 1.184898 0 0.0
-0.008249116 0.06583027 -1.867051 -6.099721 1.693702 1.777383 0.6593842 19.94117 0.01898003 0 0.0
0.04880498 0.03533425 -0.9455382 -4.202824 0.4618045 0.4737922 0.4547873 18.31425 0.9270077 0 0.0
-0.009824737 0.08240877 2.731819 -2.299064 2.467699 2.64471 0.6462617 20.34167 nan 0 0.0
-0.01475329 0.08100048 -2.414358 -4.717449 2.189041 2.264474 0.2876002 20.16625 nan 0 0.0
-0.06102289 0.00694167 -1.882115 -3.670214 1.471758 1.561791 0.6590575 19.8792 0.8545208 0 0.0
-0.01141773 0.02748078 -7.873639 -14.92803 1.041632 1.018882 0.4693111 18.69937 1.070238 0 0.0
0.005036964 0.04540281 5.501245 -2.520152 0.07111151 0.0664593 0.3325226 13.60774 1.572412 1 0.0
-0.01240149 0.05489306 -7.214172 -5.080562 0.07449713 0.06934537 0.2612284 14.25378 1.651323 1 0.0
-0.05172405 0.02280516 -5.664157 -5.189004 1.63431 1.712768 0.7599515 19.99305 0.7620945 0 0.0
-0.0634437 0.03968156 0.6407688 -1.0137 0.101489 0.08866022 -0.1110696 12.38812 2.097759 1 0.0
-0.05360414 -0.02483769 -0.2310974 -5.644874 0.7690028 0.8086959 0.6043491 19.12619 0.9135857 0 0.0
-0.04784963 0.05989759 -4.157051 -9.006935 0.4141139 0.3877143 0.2436214 18.46777 0.9954185 0 0.0
0.02234582 0.04813914 2.592862 4.252358 1.498906 1.511746 0.4222278 19.81979 1.240873 0 0.0
-0.02588165 0.01349694 -2.08901 -5.770857 0.8073632 0.8090884 0.590029 18.89523 0.8425083 0 0.0
-0.01095358 0.02792716 -6.081822 -10.05198 0.7404229 0.7752291 0.6275855 18.93864 nan 0 0.0
-0.05239418 0.02216391 3.405743 -5.81113 1.680178 1.769998 0.6782404 19.88002 0.8097897 0 0.0
0.03759175 0.0502131 -3.463102 -0.4057674 1.472778 1.469441 0.5210336 19.88196 1.671753 0 0.0
-0.05793824 0.02161503 -4.874957 -7.428262 0.8473312 0.8755783 0.6005757 19.14349 0.9618664 1 0.1927063
0.03155873 0.05951564 -1.579259 -1.112721 0.1012628 0.09801551 0.03067521 12.97977 1.506122 1 0.0
0.07016712 0.04383461 -1.362314 -1.253566 0.4368397 0.4455328 0.3984089 18.25955 0.9115429 1 0.0
0.06906996 0.02571946 -4.792723 -6.905484 1.27183 1.338129 0.5143853 19.67311 1.08849 0 0.0
-0.04844824 0.02147183 -0.6108239 -6.511005 1.401952 1.476113 0.7147926 19.81494 0.98032 0 0.0
-0.03128854 -0.009831644 -5.219701 -5.831836 0.112443 0.1066245 0.4900757 15.66146 1.148977 1 0.9961723
0.04508899 0.031346 -4.831796 -6.257374 1.092016 1.104722 0.4472196 19.61253 0.7441902 0 0.0
-0.05764962 0.01384086 -6.206957 -8.717354 2.546127 2.617976 0.7239325 20.28225 nan 0 0.0
-0.04621867 0.04884726 -5.078607 -6.007725 0.1080451 0.107847 0.3333227 12.72285 2.132654 1 0.9630981
0.06168228 0.04593506 1.465646 -4.16358 2.399219 2.446264 0.5801717 20.1509 1.7211 0 0.0
-0.05677187 0.01217057 -4.284577 -10.1395 1.237489 1.323763 0.6790221 19.74932 0.7135792 0 0.0
0.05133365 0.0372402 -8.240403 -11.12299 0.1665891 0.1661646 0.3217157 16.39086 1.108798 1 0.0
0.03431274 0.04249346 1.381326 -6.575763 0.7716072 0.7926482 0.3741998 18.97567 1.366043 0 0.0
-0.02653897 0.05680881 -1.252007 -1.759116 1.657674 1.574887 0.3877962 19.75637 1.125029 0 0.0
-0.04278606 -0.009512103 -1.436239 -4.9099 0.07354375 0.06906218 0.4343315 13.02203 1.879648 1 0.0
-0.0049439 0.01521712 -5.09449 -5.996291 0.1326032 0.1273207 0.389456 15.82849 1.472813 0 0.0
-0.03783937 0.05905547 0.565205 -5.978699 0.8483622 0.8991832 0.5475654 19.19266 0.8822346 0 0.0
0.06297577 0.05133578 -5.578169 -3.661185 0.8321426 0.852386 0.5411838 18.87544 0.894495 0 0.0
0.06824408 0.0248923 -4.947744 -5.851428 1.706679 1.83988 0.7128905 20.06262 nan 0 0.0
-0.01098418 0.06764196 -4.9447 -3.932394 0.5138378 0.4925635 0.3551745 18.2204 1.085491 1 0.007205012
-0.001772286 0.01855891 -11.07377 -11.73709 0.3669649 0.3585113 0.4713127 17.26329 1.132225 0 0.0
-0.0120872 0.01950035 0.2478995 -7.660865 1.149117 1.204695 0.6429665 19.26802 1.169239 0 0.0
-0.05380838 0.01520125 0.3070605 -7.187587 1.271502 1.269719 0.593431 19.7224 0.950779 0 0.0
-0.03025603 -0.01387487 -4.801018 -6.437923 1.128562 1.162992 0.1954096 19.31643 0.8670387 0 0.0
-0.01794127 0.02140291 -1.405445 -7.644799 0.6364681 0.6121187 0.2461094 18.24056 0.979023 0 0.0
-0.04731779 -0.01977971 -4.805998 -5.92068 1.531451 1.605778 0.6598083 20.01803 0.5521622 0 0.0
-0.06660498 -0.04562118 -1.738278 -3.887435 0.5100123 0.5133276 0.5913737 18.54302 1.246021 1 0.0
-0.05736832 0.05826318 -1.9529 -3.45759 0.1520088 0.1386816 0.1793027 16.61416 1.359931 1 0.0
0.04361666 0.02665465 -2.454331 -1.188707 0.5135417 0.5170597 0.3825144 18.3519 nan 0 0.0
-0.05919413 0.009822982 -0.2882108 -5.846737 0.3015472 0.2992138 0.5569891 17.65804 1.242022 0 0.0
0.07022706 0.02133548 -2.374714 -6.673478 0.5600961 0.5772986 0.4532361 18.54514 1.00794 0 0.0
-0.01610712 0.003310151 -5.224383 -4.513173 0.116852 0.1072585 0.3070369 15.36551 1.441455 1 0.0
-0.008063793 0.01281745 -3.349018 -4.361801 0.9305176 0.960116 0.6270025 18.26076 0.6726494 0 0.0
