scripts/get_globular_clusters/output/NGC_6558.csv
# %ECSV 0.9
# ---
# datatype:
# - {name: x, unit: deg, datatype: float64}
# - {name: y, unit: deg, datatype: float64}
# - {name: pmx, unit: mas / yr, datatype: float64}
# - {name: pmy, unit: mas / yr, datatype: float64}
# - {name: pmx_e, unit: mas / yr, datatype: float64}
# - {name: pmy_e, unit: mas / yr, datatype: float64}
# - {name: pm_corr, datatype: float64}
# - {name: g_mag, unit: mag, datatype: float64}
# - {name: bp_rp, unit: mag, datatype: float64}
# - {name: filter, datatype: int64}
# - {name: memberprob, datatype: float64}
# meta: !!omap
# - comments: [deg deg mas/yr mas/yr mas/yr mas/yr dimless mag   mag   zeroone float]
# - __serialized_columns__:
#     bp_rp:
#       __class__: astropy.units.quantity.Quantity
#       unit: &id001 !astropy.units.Unit {unit: mag}
#       value: !astropy.table.SerializedColumn {name: bp_rp}
#     g_mag:
#       __class__: astropy.units.quantity.Quantity
#       unit: *id001
#       value: !astropy.table.SerializedColumn {name: g_mag}
#     pm_corr:
#       __class__: astropy.units.quantity.Quantity
#       unit: !astropy.units.Unit {unit: ''}
#       value: !astropy.table.SerializedColumn {name: pm_corr}
#     pmx:
#       __class__: astropy.units.quantity.Quantity
#       unit: !astropy.units.Unit {unit: mas / yr}
#       value: !astropy.table.SerializedColumn {name: pmx}
#     pmx_e:
#       __class__: astropy.units.quantity.Quantity
#       unit: !astropy.units.Unit {unit: mas / yr}
#       value: !astropy.table.SerializedColumn {name: pmx_e}
#     pmy:
#       __class__: astropy.units.quantity.Quantity
#       unit: !astropy.units.Unit {unit: mas / yr}
#       value: !astropy.table.SerializedColumn {name: pmy}
#     pmy_e:
#       __class__: astropy.units.quantity.Quantity
#       unit: !astropy.units.Unit {unit: mas / yr}
#       value: !astropy.table.SerializedColumn {name: pmy_e}
#     x:
#       __class__: astropy.units.quantity.Quantity
#       unit: &id002 !astropy.units.Unit {unit: deg}
#       value: !astropy.table.SerializedColumn {name: x}
#     y:
#       __class__: astropy.units.quantity.Quantity
#       unit: *id002
#       value: !astropy.table.SerializedColumn {name: y}
# schema: astropy-2.0
x y pmx pmy pmx_e pmy_e pm_corr g_mag bp_rp filter memberprob
[from data line 1673]
0.004824765 0.00526939 -1.894735 -4.14123 0.08472151 0.07141168 0.02042096 15.09328 1.347364 1 0.9971204
-0.03353853 -0.03490151 -6.379103 -0.4789739 0.5003108 0.4443119 0.2770265 18.53635 0.7644997 0 0.0
-0.006565276 -0.01391674 0.5618704 -6.844073 1.091221 1.227657 0.5394201 19.16503 1.020643 0 0.0
-0.03540748 -0.03108369 4.748771 0.736266 1.793904 1.784304 0.7192841 19.4722 nan 0 0.0
0.02065849 0.0282603 -5.432562 -4.23984 0.4502801 0.3887727 0.1269355 18.42236 0.9706097 0 0.0
0.0109755 0.01312905 -2.059 -0.6245154 0.6012597 0.4933585 -0.03299662 18.94461 1.219324 0 0.0
0.02249854 0.01691496 -1.76487 -4.218092 0.1586839 0.1366334 0.1155911 16.83585 1.428693 0 0.0
0.01457783 -0.01744052 -2.302048 -4.970603 0.2945128 0.2539866 0.45046 17.50595 1.310385 0 0.0
0.0001021195 -0.00731517 -2.534457 -3.740309 0.1921057 0.1655658 0.07078459 16.25152 1.581041 0 0.0
0.03308642 0.0156701 -5.521869 -1.110595 1.031856 0.9772175 0.6565144 19.12066 0.4199543 0 0.0
-0.02255284 0.01311169 -1.760141 -4.131852 0.07703101 0.06279954 0.02164432 14.24208 nan 0 0.0
-0.006152711 0.02408149 1.693103 -6.195188 0.4853755 0.4236873 0.2240024 18.12629 0.6366291 0 0.0
0.03545448 0.03260075 -5.372168 -8.75974 1.392563 1.264473 0.3143221 19.41215 1.227901 0 0.0
0.009935339 -0.006693908 -0.6427377 -2.207159 0.08123141 0.06830636 0.03343285 15.01879 1.709856 1 0.0
0.0007767963 0.005422101 -3.30408 -6.005425 0.2842741 0.2467522 0.4561397 17.12387 nan 0 0.0
-0.005893384 0.02740983 0.7810821 -1.153484 0.6517503 0.5789067 0.3139338 18.33669 1.290665 0 0.0
0.03042105 0.03890252 0.0689012 -6.578534 0.5276609 0.4260635 -0.2106386 18.37578 1.233397 0 0.0
-0.02732222 -0.005690328 -5.314256 -9.059724 1.129056 1.177381 0.7263756 19.32545 1.164257 0 0.0
-0.02934009 -0.02420176 -1.87002 -4.31317 0.7888593 0.7564075 0.4421681 18.99741 nan 0 0.0
0.0355997 0.005228337 -2.315354 -7.504271 0.4664249 0.4069505 0.1151635 18.77365 0.9528351 0 0.0
-0.01878541 -0.009424697 -0.7146093 -2.226654 0.7220736 0.6129493 0.004404068 19.07989 1.049316 0 0.0
0.03225133 0.002336116 -2.866339 -7.576346 0.1746396 0.1515237 0.1518375 16.52809 1.871705 0 0.0
0.02553622 0.02169589 -1.808963 -2.592978 0.5449531 0.4594372 0.04993371 18.92838 1.188778 0 0.0
0.0063581 0.03983427 0.1244357 -1.295949 1.905961 1.95736 0.8870901 19.31989 nan 0 0.0
-0.01359871 0.005447808 -5.688167 -1.7051 0.6616009 0.554606 0.009809202 18.63282 1.136513 0 0.0
-0.04205684 -0.01096586 -1.617967 -4.185302 0.6074968 0.5286256 0.5148529 18.75907 nan 0 0.0
0.03755696 0.0326705 -4.672145 -5.723275 0.2260837 0.1824387 -0.26632 16.51219 1.663295 0 0.0
0.0005692321 0.009376036 -3.524983 -7.309044 0.3776292 0.3270582 0.4101021 17.82307 1.218981 0 0.0
0.03638184 0.01460074 -2.212683 -6.341651 0.9464298 0.9318616 0.6520411 19.13391 0.892252 0 0.0
0.01224881 0.02618278 -0.953768 -3.196323 0.7462167 0.6474237 0.08402663 18.5385 nan 0 0.0
0.01297819 0.04514172 -1.556165 -2.992336 0.542849 0.487218 0.4203504 17.72318 1.47242 0 0.0
0.02522624 0.02706898 -3.142676 -1.203421 0.2408933 0.2103679 0.4615459 17.28312 1.220495 1 0.0
-0.02713184 -0.03554218 -1.293088 -3.947565 0.623981 0.5537685 0.1961312 18.87492 nan 0 0.0
-0.02877422 -0.008717731 1.197197 -4.066397 0.6349881 0.5771302 0.2264646 19.10196 1.453272 0 0.0
0.02525184 0.02574337 -3.836059 -4.144274 0.4402476 0.3701981 0.0725208 18.58734 nan 0 0.0
-0.01095413 0.0237835 -8.596264 -4.865557 0.3369764 0.3006308 0.5291066 17.69965 1.116383 0 0.0
0.02210872 0.01462814 -0.2522112 -9.851414 0.0999031 0.08484989 0.06936574 15.72708 2.015433 1 0.0
-0.0450405 -0.01073838 -3.456353 -3.784586 0.7061639 0.5889092 0.3849383 17.64986 1.359171 0 0.0
-0.03241315 0.01035455 -2.855908 -5.315759 1.099778 1.030191 0.0217669 19.35013 0.8501625 0 0.0
0.005473614 0.007575339 -1.610225 -1.501776 0.1080529 0.09186764 0.09438438 15.76426 nan 0 0.0
0.02916635 0.01121776 -2.846899 -1.698335 0.4248192 0.3717797 0.1561037 18.26009 1.179195 0 0.0
0.02874872 0.003399664 -1.573709 -1.892637 0.5887456 0.5358841 0.4020541 18.51185 0.9032021 0 0.0
-0.03258728 -0.01098302 1.887594 -2.33854 0.740727 0.6772108 0.1456728 18.20506 1.075706 0 0.0
-0.006410275 -0.0044105 -2.509179 -4.56625 0.75822 0.6028156 -0.2487341 18.84897 1.270247 0 0.0
0.006825299 0.03918001 -5.653796 -3.927898 1.562926 1.508821 0.7718074 19.10303 nan 0 0.0
0.01626547 -0.009483348 -0.1827341 -2.48874 0.3483762 0.296452 0.2170496 17.62525 1.203217 0 0.0
0.01167897 0.03535529 -4.665338 -3.973926 1.101552 1.2453 0.6022309 19.35975 0.6419849 0 0.0
-0.03149983 -0.004524358 -0.3698582 -8.411441 1.122796 1.131144 0.6979336 19.28992 1.154171 0 0.0
-0.00187057 0.03577181 -1.81242 -1.538746 0.08859852 0.07446112 0.2602316 14.82497 0.6112871 1 0.0
-0.04652168 -0.006033682 -1.316288 -6.636039 0.4053798 0.3482062 0.1636784 18.53286 1.367798 0 0.0
0.00607162 0.02549484 -4.358584 -6.245241 2.03387 2.386273 0.6373497 19.66949 1.12871 0 0.0
-0.02636595 0.007348585 0.3557639 -2.497428 0.6302822 0.5382479 0.3867253 18.69673 0.9697971 0 0.0
0.02226986 0.03725498 0.1429931 -7.38356 0.6111205 0.5395159 0.1634276 18.73028 1.093746 0 0.0
0.04450709 0.01989581 3.780354 1.655571 0.4484651 0.3691598 -0.1553074 18.26972 1.163757 0 0.0
-0.0152302 -0.01441939 -2.819472 -8.325369 1.163168 0.9391838 -0.2208289 18.95118 nan 0 0.0
0.01613697 -0.002485263 -1.17095 -5.540286 1.113535 1.137605 0.6515212 19.19674 nan 0 0.0
-0.02041595 -0.02735793 0.7388334 -7.405155 1.476634 1.529157 0.6098759 19.62948 nan 0 0.0
-0.01149878 0.02076219 4.103413 -2.771198 0.2628646 0.2257526 0.4283676 17.3917 0.9298363 0 0.0
-0.03279454 -0.01180516 0.4031078 -6.013863 0.4370231 0.3861049 0.2245611 18.6263 1.15489 0 0.0
0.02587547 0.02838296 -9.101757 -7.80516 0.9306749 0.949222 0.7097453 19.0639 nan 0 0.0
0.03335053 0.02843207 -0.1797853 -2.571668 1.42865 1.39214 0.2903429 19.29312 nan 0 0.0
0.003060268 0.005347667 -2.199756 -1.601433 0.10751 0.08894752 -0.02145737 15.76952 1.670091 1 0.0
0.04390972 0.01893098 0.406457 -6.174741 0.6188455 0.5344179 0.04835033 18.99625 nan 0 0.0
0.01469091 0.04127337 -6.451635 -9.670937 1.598409 1.552482 0.5880919 19.22921 1.257162 0 0.0
0.01022577 0.03887643 4.63312 -1.758097 1.298907 1.194821 0.749269 19.30553 nan 0 0.0
-0.002259187 0.00546976 4.448411 -6.9359 0.7534561 0.645413 -0.03136873 17.9635 nan 0 0.0
-0.01438079 0.0287841 2.918305 -1.40253 0.1542598 0.1305065 0.153263 16.68769 1.130666 0 0.0
0.03248459 0.001559744 -0.380398 -6.83281 0.6291688 0.5732938 0.1455512 19.12144 nan 0 0.0
-0.0009361526 0.03941296 -0.4661445 -2.212056 0.1748672 0.1525238 0.4841064 16.31243 1.826873 1 0.0
0.01053143 -0.0124103 0.1748254 -4.186848 0.3936238 0.3456018 0.1469437 18.46814 1.04225 0 0.0
0.01110529 0.01349524 -3.923485 -8.805479 0.6447255 0.5039436 -0.1884606 18.89835 1.138786 0 0.0
0.004878705 0.04407058 -2.45042 -7.537249 1.460301 1.564771 0.8507842 19.21629 1.330608 0 0.0
-0.01401571 0.01744497 -5.369391 -7.459639 0.7125722 0.6138333 0.449413 17.41352 0.747961 0 0.0
-0.03320567 -0.02286602 -2.805514 -9.538316 0.4148898 0.3314539 -0.1166323 18.17501 1.625914 0 0.0
0.02000108 -0.0112541 -1.768656 -4.117208 0.07866658 0.06610871 0.03262979 14.86705 1.549671 1 0.9918785
-0.04849232 -0.008336864 0.2201546 1.468459 0.4932704 0.4222445 0.1654171 18.82896 nan 0 0.0
-0.009521534 -0.02615263 0.5432964 -8.439037 1.94283 1.927769 0.5130276 19.74911 nan 0 0.0
-0.01971334 -0.03786727 -6.554468 -13.72575 1.953789 1.845194 0.5001647 19.70865 nan 0 0.0
0.02184963 0.01643828 -0.5983683 -5.381837 0.4760685 0.4158591 0.1187736 18.66226 1.297544 0 0.0
-0.0237472 0.01556615 -3.806715 -5.440377 0.588852 0.4875824 0.3445455 18.83396 1.087549 0 0.0
-0.006019562 -0.02785942 -7.791334 -4.534496 1.068817 1.113042 0.6723527 19.22894 0.9351044 0 0.0
-0.004256493 -0.01050245 -3.348054 -5.798847 0.4275304 0.366852 0.4069481 17.67321 1.293985 0 0.0
0.02184664 0.003767761 -7.611043 -10.50298 0.6308887 0.5209552 -0.05552667 18.91682 1.391054 0 0.0
-0.01684395 0.01461971 -1.280194 -3.383403 0.2662887 0.2418042 0.6004578 16.24095 1.409466 0 0.0
-0.02348404 0.001198162 -2.347306 -2.785983 0.3085276 0.2696012 0.2157499 18.04156 1.133806 0 0.0
-0.01035128 -0.02900802 0.793469 -3.380017 0.6132742 0.5375848 0.1393234 18.80696 1.221886 0 0.0
-0.03606677 -0.003286249 -4.813618 -5.798675 0.6650177 0.5436807 -0.001908466 18.25412 1.380358 0 0.0
0.005577545 0.009803116 -1.223291 -10.68169 0.9423185 0.6909386 -0.5490379 18.96811 nan 0 0.0
0.006665509 -0.01695134 -1.174571 -7.987673 0.4176016 0.3612584 0.01614459 18.25732 1.297255 0 0.0
0.02138394 0.02265825 0.1516399 -3.867144 0.7768027 0.6506293 0.442953 18.69327 1.096443 0 0.0
0.004927881 -0.007450723 -4.889801 -2.220244 0.7759973 0.6698712 -0.1406455 18.49557 nan 0 0.0
0.01235541 0.04705679 3.237427 -2.318649 0.6206785 0.5580732 0.304155 18.90161 1.525013 0 0.0
-0.01282202 0.01820617 0.8269621 -2.583178 0.4832984 0.415682 0.1648358 18.45655 1.144926 0 0.0
0.01429302 -0.01387374 1.789408 -4.813654 0.3450114 0.2937765 0.3947571 17.62408 0.6951981 0 0.0
0.0005432953 0.01157712 -1.145219 -2.888542 0.1477127 0.1276405 0.1107367 16.67865 1.448042 0 0.0
-0.03597883 -0.02925095 -0.6349149 -6.875413 0.4083831 0.3581071 0.1833818 18.52827 1.330044 0 0.0
0.003578942 -0.002327523 -2.229953 -3.571805 0.2917529 0.255552 0.1591643 16.72853 1.47192 0 0.0
-0.002726827 0.02468438 -0.6412279 0.4285792 1.100111 0.9941358 0.2649692 18.92904 nan 0 0.0
-0.02674291 -0.03512245 -3.893288 -6.600211 0.2046002 0.1779115 0.1392964 17.02949 1.539982 0 0.0
0.01330842 -0.005225673 1.224255 -17.81499 0.83548 0.7514113 0.1919924 17.9314 1.117115 0 0.0
0.02159023 0.01692853 1.852689 -2.475426 0.4428809 0.3880671 0.1394739 18.65248 nan 0 0.0
0.004410488 0.02415025 -1.756941 -3.350561 0.1051165 0.08925276 0.1541391 15.68744 1.762233 1 0.0
-0.03055785 -0.02855282 -1.574322 -8.138045 0.7300881 0.6634099 -0.05863359 19.06384 1.536457 0 0.0
-0.04447148 -0.007098882 -4.749263 -4.629649 0.9323446 0.8627156 0.3546821 19.17864 nan 0 0.0
0.04030544 0.02604321 0.3775353 -6.70623 0.3936878 0.3289517 -0.1002803 17.63025 1.443211 0 0.0
0.01841958 -0.005848345 -3.988854 -0.7023043 1.035885 1.08542 0.6289553 19.33449 nan 0 0.0
-0.03634073 -0.03241729 -3.304845 -7.705865 0.5174126 0.4310746 -0.01120137 18.58532 1.503656 0 0.0
0.0114416 0.004931208 -0.9500246 -3.063856 0.9381419 0.9066167 0.5593861 19.0022 0.9596443 0 0.0
-0.044211 -0.009261691 -6.015518 -3.24528 1.446042 1.333453 0.3667108 19.85339 0.8262882 0 0.0
0.00827397 -0.01651278 -2.132941 -5.120209 1.062857 1.132038 0.596032 19.29744 nan 0 0.0
0.002073766 -0.01503423 -3.549112 -7.631831 0.3994981 0.3478166 0.1672181 18.24236 1.351915 0 0.0
0.0234813 0.003471722 3.065513 -4.732092 0.6838124 0.5944109 -0.04657716 18.88637 0.7551231 0 0.0
-0.0310518 -0.02522657 2.049079 -4.597945 0.1329628 0.1141094 0.2071545 15.08095 1.808907 0 0.0
0.01935729 0.01174103 0.4616735 -2.46589 0.3166534 0.27663 0.2139571 17.86024 1.050358 0 0.0
-0.01634746 -0.004737879 -8.310849 -11.24589 1.601531 1.652508 0.6997824 19.39819 0.9309692 0 0.0
0.01692416 0.04571711 -6.440429 -3.402973 1.325738 1.185981 0.6783923 19.29852 nan 0 0.0
0.00843018 -0.01042263 -1.79492 -2.223123 0.9922957 0.9849328 0.5217854 19.03639 0.9569626 0 0.0
0.001892568 0.004613369 -2.389246 -3.544533 0.3544183 0.3107998 0.4343096 17.59457 1.322298 0 0.0
-0.01665558 -0.02266701 0.3863243 -4.388475 0.5449885 0.5318821 0.6803823 18.20253 nan 0 0.0
-0.002934435 0.0239138 -1.508699 -5.316227 0.6103507 0.5363467 0.1996911 18.94279 1.012486 0 0.0
-0.03100896 0.001726189 -1.280317 -4.573325 0.5459508 0.4822008 0.2618968 18.90269 2.264471 0 0.0
-0.0385852 0.0006723912 0.9148539 -8.708146 0.6384811 0.5694017 0.3225528 18.59562 1.094021 0 0.0
-0.04428703 -0.01302874 0.4743832 -4.600406 0.7270376 0.649083 0.2229965 19.08828 1.487045 0 0.0
0.01979654 0.0028279 0.6398882 -6.398603 0.1385041 0.1186917 0.09562168 16.13283 1.509732 0 0.0
0.03436295 0.02888565 -3.970992 -6.904738 0.9035887 0.7199458 -0.3105545 19.01548 1.14646 0 0.0
0.01870453 -0.008062834 -1.866904 -8.155604 0.3380142 0.292353 0.4234096 17.74955 1.243073 0 0.0
-0.009862312 0.00726217 -1.604306 -4.266265 0.1490655 0.1282206 0.1902711 16.55877 0.6360474 1 0.9762019
-0.002103856 0.02130839 1.253935 -4.469235 0.5679591 0.4965426 0.1851495 19.02086 1.163628 0 0.0
-0.03836481 -0.03019605 -0.5210993 -7.629204 0.5290393 0.4410387 0.04940204 18.57709 0.9621067 0 0.0
0.006173678 -0.0008780746 -3.383685 -5.964372 0.5697934 0.4968005 0.2816379 18.25664 nan 0 0.0
-0.008980733 0.01436904 0.1845604 -4.975691 0.1370727 0.1170669 0.1715232 16.37082 1.176587 1 0.0
0.01162399 0.01096985 -2.094988 -4.808564 1.411755 1.422765 0.6184208 19.3776 1.185968 0 0.0
-0.0225283 0.01893293 0.8240199 1.38737 0.1294177 0.110926 0.1869199 16.20517 1.060616 1 0.0
-0.002880659 -0.03607803 -9.150273 -4.128887 0.5826976 0.5304688 0.2592817 18.98855 1.015505 0 0.0
-0.0223706 0.01070657 -1.509063 -1.32527 0.7609174 0.670175 0.5364096 18.99768 0.8373451 0 0.0
-0.002363804 0.0376906 -2.219926 -1.891132 0.6874518 0.6131609 0.4664864 18.92161 1.22772 0 0.0
0.02252774 0.03027021 -3.169658 -5.770473 0.5030843 0.441131 0.2022855 18.80669 1.26967 0 0.0
0.0004135759 0.01876019 -1.715575 -4.441029 0.1580383 0.1357773 0.1897074 16.7077 1.552279 1 0.8602201
-0.03532807 -0.03523978 0.3316706 -2.205459 0.4153401 0.3465703 0.02238469 18.23554 nan 0 0.0
-0.006071226 -0.03111908 0.04713854 -7.906815 1.316548 1.38383 0.5472629 19.60507 nan 0 0.0
-0.01113419 0.01038054 -2.375855 -6.144452 0.245355 0.2140389 0.3946856 17.34808 1.53829 0 0.0
-0.002051647 0.007668938 2.713322 -4.216431 0.6933305 0.6118678 0.0618656 19.00053 1.156099 0 0.0
-0.00417831 -0.01826917 -2.294618 -4.633262 1.714949 1.400715 0.3579007 19.10242 nan 0 0.0
0.02262441 0.001026714 -5.850206 -2.370036 0.6628698 0.5933088 0.2193985 18.87346 1.190954 0 0.0
0.01261231 0.02721079 2.191733 -7.22607 0.1189498 0.1009561 0.0639506 16.15286 nan 0 0.0
0.01017062 0.009461309 -2.996594 -4.73539 0.828582 0.8326839 0.008145026 19.00724 nan 0 0.0
0.02472428 -0.005969978 -3.256781 -3.293268 0.5015033 0.4403749 0.1797449 18.4796 1.138273 0 0.0
0.02893606 0.02166056 -3.956819 -8.09205 0.5513918 0.4777129 0.08818745 19.0196 1.306847 0 0.0
-0.03871194 -0.00647259 0.6118912 -13.749 0.9386163 0.8945811 0.203385 19.27173 1.22953 0 0.0
-0.02693947 0.01639879 -5.418698 -7.096291 0.6766922 0.5772245 0.1396086 18.06674 nan 0 0.0
0.0289903 0.02911446 -1.565282 -6.608336 0.3612991 0.3158261 0.1139059 18.27007 1.336718 0 0.0
0.009262412 0.009762766 -4.197323 -5.913907 0.2638773 0.2318339 0.4475989 17.34475 1.254606 0 0.0
-0.002727041 0.03192658 -1.455236 -3.395318 1.572785 1.833575 0.8437294 19.33139 1.348803 0 0.0
0.01076611 -0.002194565 -0.2075637 -1.725007 0.5716856 0.5381809 0.4592077 17.3504 1.30441 0 0.0
-0.04273331 -0.006787165 0.5057815 -8.035356 0.9930703 0.9099721 0.4420244 19.24389 1.125948 0 0.0
0.02878591 0.03956298 0.2025378 -8.031826 0.4965412 0.4097939 -0.1495831 18.5134 1.350849 0 0.0
-0.00158498 0.0321326 -3.003364 -6.288322 0.5575922 0.4823268 0.4385893 17.20342 1.507681 0 0.0
0.01325668 -0.004199512 -4.649789 -8.554882 0.5694864 0.5167788 0.2439974 19.02918 nan 0 0.0
0.03402571 0.02938168 1.358045 -2.791167 0.5942082 0.5073179 -0.01088241 18.72741 1.040773 0 0.0
-0.01951219 -0.00782649 -1.132936 -2.119505 0.6582764 0.5849216 0.3199975 19.06878 1.396536 0 0.0
-0.0200074 0.002604695 -1.521648 -4.177506 0.3028946 0.2654214 0.2427851 17.02437 1.608721 0 0.0
0.01562237 0.02316485 -2.082739 -0.9438649 0.9486389 0.990235 0.6382914 19.24954 1.179741 0 0.0
-0.003296282 -0.01832826 -2.090386 -4.126919 0.1772833 0.152689 0.04712088 16.08027 1.294695 0 0.0
-0.03101114 0.008245506 5.411071 2.363511 0.7466717 0.6393285 0.4314172 18.84832 1.155548 0 0.0
-0.003402339 0.04397718 -2.977746 -6.599158 1.241739 1.267989 0.6891022 19.44002 nan 0 0.0
-0.03566703 -0.03065083 -0.8369176 -6.802055 0.5418691 0.4827758 0.1587652 18.82224 nan 0 0.0
