scripts/get_globular_clusters/output/NGC_6749.csv
# %ECSV 0.9
# ---
# datatype:
# - {name: x, unit: deg, datatype: float64}
# - {name: y, unit: deg, datatype: float64}
# - {name: pmx, unit: mas / yr, datatype: float64}
# - {name: pmy, unit: mas / yr, datatype: float64}
# - {name: pmx_e, unit: mas / yr, datatype: float64}
# - {name: pmy_e, unit: mas / yr, datatype: float64}
# - {name: pm_corr, datatype: float64}
# - {name: g_mag, unit: mag, datatype: float64}
# - {name: bp_rp, unit: mag, datatype: float64}
# - {name: filter, datatype: int64}
# - {name: memberprob, datatype: float64}
# meta: !!omap
# - comments: [deg deg mas/yr mas/yr mas/yr mas/yr dimless mag   mag   zeroone float]
# - __serialized_columns__:
#     bp_rp:
#       __class__: astropy.units.quantity.Quantity
#       unit: &id001 !astropy.units.Unit {unit: mag}
#       value: !astropy.table.SerializedColumn {name: bp_rp}
#     g_mag:
#       __class__: astropy.units.quantity.Quantity
#       unit: *id001
#       value: !astropy.table.SerializedColumn {name: g_mag}
#     pm_corr:
#       __class__: astropy.units.quantity.Quantity
#       unit: !astropy.units.Unit {unit: ''}
#       value: !astropy.table.SerializedColumn {name: pm_corr}
#     pmx:
#       __class__: astropy.units.quantity.Quantity
#       unit: !astropy.units.Unit {unit: mas / yr}
#       value: !astropy.table.SerializedColumn {name: pmx}
#     pmx_e:
#       __class__: astropy.units.quantity.Quantity
#       unit: !astropy.units.Unit {unit: mas / yr}
#       value: !astropy.table.SerializedColumn {name: pmx_e}
#     pmy:
#       __class__: astropy.units.quantity.Quantity
#       unit: !astropy.units.Unit {unit: mas / yr}
#       value: !astropy.table.SerializedColumn {name: pmy}
#     pmy_e:
#       __class__: astropy.units.quantity.Quantity
#       unit: !astropy.units.Unit {unit: mas / yr}
#       value: !astropy.table.SerializedColumn {name: pmy_e}
#     x:
#       __class__: astropy.units.quantity.Quantity
#       unit: &id002 !astropy.units.Unit {unit: deg}
#       value: !astropy.table.SerializedColumn {name: x}
#     y:
#       __class__: astropy.units.quantity.Quantity
#       unit: *id002
#       value: !astropy.table.SerializedColumn {name: y}
# schema: astropy-2.0
x y pmx pmy pmx_e pmy_e pm_corr g_mag bp_rp filter memberprob
[from data line 2185]
-0.003671735 0.03353325 -3.935874 -6.561613 1.990644 2.226878 0.5691314 20.49929 nan 0 0.0
-0.0103206 0.06220608 -0.2380935 -4.524746 1.527826 1.599497 0.6518024 19.62466 1.914991 0 0.0
-0.03658246 -0.01453715 2.132297 -9.063265 1.532454 1.635957 0.6706989 19.8716 2.214552 0 0.0
-0.08336915 0.024305 -2.166549 -5.981427 2.204223 2.458361 0.1968365 20.79168 2.329498 0 0.0
-0.08471037 0.04014762 0.6301655 1.990078 1.173356 1.25841 0.4183248 19.92906 1.80489 0 0.0
-0.009070304 0.02681106 -2.701622 -8.010149 1.47652 1.689803 0.4496124 20.4619 nan 0 0.0
-0.06299679 -0.02665902 -2.352599 -3.182865 1.295166 1.363721 0.5710405 19.48158 1.962301 0 0.0
-0.004739276 0.02103106 -2.382613 -5.103463 1.776397 2.055884 0.5384773 20.10589 nan 0 0.0
-0.06412506 -0.01914439 1.910725 -1.526988 2.319147 2.549109 0.5357799 20.34041 1.922989 0 0.0
-0.06510203 -0.04437022 -3.12706 -7.131755 2.76461 3.031028 0.4448962 20.63707 2.086529 0 0.0
-0.01514012 -0.002043746 -2.43798 -3.279764 1.865289 1.564099 0.5389348 19.62601 2.802296 0 0.0
-0.05903118 -0.01350621 -1.807566 -4.765503 0.4326016 0.4459143 0.4131929 18.60227 2.045805 1 0.1424625
-0.009649808 0.02711039 -2.278624 -4.946068 0.4869637 0.5125232 0.3554252 18.90798 2.213129 0 0.0
-0.05045756 0.08193734 1.066332 -1.829667 1.819261 1.891023 0.3171818 20.56721 2.030569 0 0.0
-0.04027274 7.214496e-05 -1.125288 -5.218148 1.202126 1.412208 0.3522414 20.18617 2.546766 0 0.0
-0.07339624 0.007936399 2.204997 -3.858008 3.458399 2.989753 0.1865091 20.4994 nan 0 0.0
-0.01623814 -0.0009232883 -3.025544 -7.062452 1.725649 1.477474 0.5219176 19.57863 2.414312 0 0.0
-0.05225912 0.01410555 1.045827 0.3432796 1.576065 1.853086 0.449743 20.50051 1.506685 0 0.0
-0.04957638 -0.03162345 1.208821 -12.21581 1.457256 1.448656 0.1730718 20.13593 1.750032 0 0.0
-0.03151905 -0.001550952 -6.223092 -6.202584 1.845533 2.262817 0.5924599 20.4856 1.75831 0 0.0
-0.07973801 0.05827649 0.4509826 2.633745 1.014765 1.076996 0.7400324 19.28681 2.355047 1 0.0
-0.05756643 0.007602609 -2.570142 -7.391665 1.449409 1.538789 0.3738098 20.32083 2.050335 0 0.0
-0.04582156 0.0857134 -4.268635 -6.011747 0.70621 0.7862245 0.6113679 19.05657 nan 0 0.0
-0.05021673 -0.02537079 -2.140989 -3.462878 0.3085881 0.3012696 0.2573009 17.9732 3.106365 1 0.0
-0.04170689 -0.02531678 -0.3863558 -2.167168 1.339532 1.44396 0.7266095 19.54279 2.057711 0 0.0
-0.03322693 0.007272832 -0.3778155 -1.815688 1.575279 1.312615 0.5773899 19.38426 2.548424 0 0.0
-0.02410686 0.0332845 0.4542459 1.184313 1.628128 1.716546 0.7400679 19.87126 2.255354 0 0.0
-0.02297859 0.01597602 -2.693656 -5.156515 0.2809188 0.2781932 0.2890366 17.77004 2.889023 1 0.6164177
-0.0290782 0.04460529 1.233919 -2.806027 3.030006 3.047865 0.5207123 20.6683 nan 0 0.0
-0.002146722 0.03580382 -2.852168 -3.941329 1.877976 2.27136 0.5734197 20.44344 1.938606 0 0.0
-0.07116949 0.0130691 -6.09859 -4.665356 1.656281 1.58343 0.1975627 20.00033 nan 0 0.0
-0.02746102 0.08619962 -1.663164 -6.686637 2.52791 2.713831 0.6999298 20.58944 1.595751 0 0.0
-0.04036461 -0.01557288 -2.811361 -5.909093 0.3880315 0.3960139 0.2289218 18.54732 2.641027 1 0.940627
-0.003397236 0.03212241 -0.2866146 -3.095353 0.3475685 0.3611672 0.3556546 18.35489 2.199884 0 0.0
-0.01038157 0.06637757 0.8214219 1.974185 0.2935842 0.3068505 0.2938809 18.23225 1.938145 0 0.0
-0.004068264 0.02241961 -1.944392 -6.79855 1.12617 1.204798 0.735368 19.46056 2.237549 0 0.0
-0.01843346 0.06728708 -1.791861 -9.248722 0.9931621 1.080117 0.4279556 19.77108 2.224686 0 0.0
-0.04588411 0.0291032 5.735574 5.843844 1.630625 1.868279 0.7278283 19.99094 1.80027 0 0.0
-0.08928558 0.0362155 -0.1013828 8.372736 1.707164 1.913985 0.728642 20.01918 2.125811 0 0.0
-0.05982111 0.07445345 -0.2095421 -2.330067 1.238336 1.42799 0.8859379 19.07072 1.721565 0 0.0
-0.03618483 0.03842323 7.31286 -0.3102876 2.073289 2.443706 0.7324396 20.25338 1.823914 0 0.0
-0.0621738 -0.04204682 -0.2631008 -3.039365 1.393976 1.441139 0.2403345 20.2362 1.822252 0 0.0
-0.03587922 0.06701663 -2.865886 -6.121563 0.3008143 0.3125838 0.3511715 18.25131 2.598446 1 0.9133969
-0.03087832 0.01051743 -2.785527 -5.897661 0.1494675 0.140431 0.212649 16.16467 3.080531 1 0.9890245
-0.07803062 0.04531741 0.772039 4.035657 2.923206 3.800461 0.6967161 20.8116 2.331884 0 0.0
-0.00217718 0.06858911 -1.983008 -4.599861 1.365429 1.40194 0.6374124 19.44045 2.260561 0 0.0
0.00239781 0.0282239 -2.861084 -6.16999 0.1277274 0.1235387 0.2483219 15.75933 2.91104 1 0.9862347
-0.02965744 0.05910567 -3.99147 -7.0824 1.457363 1.626032 0.5249587 20.30757 1.844254 0 0.0
-0.05985489 -0.01863933 -1.587498 -2.681111 0.3778155 0.3691828 0.1546078 18.45582 2.16045 1 0.0
0.002092798 0.03599456 1.343472 -0.5201774 1.563856 1.60354 0.3146784 20.35155 2.243797 0 0.0
-0.04234684 -0.00165491 -1.727923 -9.877392 2.119276 2.227778 0.2330601 20.70024 1.277914 0 0.0
-0.03414216 -0.003664245 -3.042415 -6.186811 1.077839 1.209521 0.6713707 19.46555 1.650681 0 0.0
-0.02611903 0.08738895 2.662105 -0.3179036 1.496121 1.576011 0.7410785 19.67134 1.890438 0 0.0
-0.08196823 -0.01973741 -1.380456 -6.579351 1.388824 1.36717 0.3502012 20.03024 2.304132 0 0.0
0.02841439 0.03807952 -0.4380648 0.3502609 1.365574 1.515026 0.3684872 20.29897 1.799437 0 0.0
-0.03520922 0.01935664 -0.8437098 0.06777286 0.3853415 0.4166074 0.2891481 18.63111 2.199282 0 0.0
-0.03426416 -0.003343212 -5.089631 -8.298063 1.194184 1.310319 0.683187 19.41422 2.233347 0 0.0
-0.06201958 0.00601728 -2.363796 -4.83081 2.27537 2.659152 0.5796331 20.43513 1.504351 0 0.0
-0.06580265 -0.01999762 -2.95361 -6.271952 0.2040117 0.1922602 0.1909218 17.06462 2.736051 1 0.9268278
-0.07263195 0.04955948 -2.956742 -9.062025 1.637323 1.738398 0.7250732 19.82012 1.906664 0 0.0
-0.02279514 0.04923945 -5.081674 -7.852367 2.660045 3.251336 0.78419 20.61065 nan 0 0.0
-0.04695192 0.0181628 0.2510035 -2.969966 2.085728 1.617066 0.5878581 19.86826 1.960785 0 0.0
-0.07339447 0.04910449 -0.2310019 -0.9149588 1.420179 1.646093 0.4544705 20.43597 nan 0 0.0
-0.05329453 0.06519986 -4.284221 -2.935376 1.171518 1.319305 0.4663668 20.17658 nan 0 0.0
-0.01196759 0.06076843 2.061418 -1.761948 1.13766 1.195022 0.6783548 19.45776 1.014288 0 0.0
-0.05616154 0.06368134 -1.86093 -4.080595 0.2811878 0.2759051 0.2894244 17.4072 2.853318 0 0.0
-0.05183281 -0.008916881 -1.330158 -3.626083 0.4964969 0.526387 0.1593262 18.77366 2.149925 0 0.0
-0.01340138 0.02224716 0.9505213 -4.657521 1.46683 1.530929 0.703501 19.6985 nan 0 0.0
-0.08883077 -0.01568396 -1.203416 -3.755987 3.205542 3.54984 0.5617553 20.58726 nan 0 0.0
-0.04277276 0.04188474 -2.359622 -3.306166 1.115252 1.209095 0.415575 19.99039 2.070713 0 0.0
-0.03453723 0.06704295 -1.206425 -4.758165 1.649197 1.75049 0.75038 19.8864 2.206373 0 0.0
-0.06848341 0.06331045 -3.114861 -7.058759 1.327513 1.527794 0.4162434 20.2206 2.763741 0 0.0
-0.02535739 0.03183565 3.172048 -2.468598 1.543572 1.661225 0.1897162 20.43825 1.780958 0 0.0
-0.07361227 -0.05196077 -3.098904 -6.436265 2.577757 3.046217 0.789381 20.15585 nan 0 0.0
-0.04329178 0.02156339 -2.608282 -6.536096 1.394845 1.498035 0.6875175 19.72483 2.167877 0 0.0
-0.04368951 -0.02710189 3.413286 -4.205366 1.123808 1.263526 0.6948851 19.47008 1.855259 0 0.0
-0.003793659 0.06735327 -4.703913 -6.267399 0.9809328 1.012111 0.6392512 19.21399 2.523325 0 0.0
-0.02987214 -0.00938637 -4.286659 -7.839842 1.485251 1.703796 0.3867745 20.46519 1.827066 0 0.0
-0.0672654 0.01348808 -3.646379 -7.182707 1.695041 1.75808 0.7050552 19.90428 1.922886 0 0.0
0.01770874 0.04811787 -4.714571 -6.725007 0.2267289 0.2153177 0.2532318 14.60931 5.01495 1 0.0
-0.03463019 -0.004202227 2.814987 5.948913 1.304142 1.384633 0.6834219 19.5595 1.8367 0 0.0
-0.06293462 0.005342469 -2.421576 -4.952495 1.510132 1.57581 0.7732967 19.63365 1.812481 0 0.0
-0.006721774 0.02841227 -3.800857 -5.007995 1.28539 1.479846 0.4222588 20.29447 2.161131 0 0.0
-0.02883373 0.07167269 -4.109727 -9.254938 1.273315 1.283941 0.6891813 19.43753 nan 0 0.0
-0.07464825 -0.02658381 -2.312331 -1.321928 1.3721 1.469597 0.2933873 19.98992 1.800198 0 0.0
-0.02779674 0.07253682 -1.230215 -2.140235 0.1028307 0.1022907 0.2743364 16.35153 1.729354 1 0.0
-0.06964341 0.03868115 -6.954395 -10.44905 1.51108 1.616386 0.3420571 20.35123 1.870546 0 0.0
-0.001933233 0.02516809 -2.894241 -5.772151 0.1394026 0.1346936 0.170807 15.3006 3.230659 1 0.9852325
-0.08940839 0.02084502 1.78733 2.494336 1.421844 1.419524 0.6279338 19.26573 2.119154 0 0.0
-0.00330572 0.03988531 2.033311 -0.1265232 1.620298 1.820619 0.6452101 19.88723 1.886587 0 0.0
-0.05116073 0.02640517 -3.605327 -4.591 1.419364 1.489215 0.8722629 19.24927 2.071587 1 0.08355661
0.01609226 0.04661308 -2.862473 -5.819479 0.1119501 0.1080488 0.2125127 15.4033 2.887979 1 0.9849523
-0.0372531 0.003256515 -2.298558 -5.150499 1.821589 2.049128 0.4318776 20.63114 1.84697 0 0.0
-0.01074776 0.03568083 -2.791687 -6.537146 0.4507991 0.4962877 0.4844506 18.73104 2.790842 1 0.889732
-0.04841522 0.04352807 -4.676813 -6.091258 0.9053619 0.9560883 0.7132929 19.16034 2.345631 1 0.1896351
-0.035118 0.005495578 -1.291165 -2.403874 2.401114 2.362328 0.1874002 20.25007 2.109144 0 0.0
-0.03084803 -0.00121992 -0.6774607 -3.260364 1.767158 2.060184 0.7859649 19.85016 1.939274 0 0.0
-0.02026424 -0.0007896122 -2.800546 -6.109635 0.2201591 0.2164562 0.1363736 17.41153 3.140451 0 0.0
-0.07540822 0.03195894 -1.768943 -5.752186 0.196315 0.1899736 0.2252231 16.74634 3.506705 1 0.0002927267
-0.03819885 -0.007228637 -8.213094 -8.584669 1.677303 1.841434 0.5387921 20.16635 1.883247 0 0.0
-0.05183099 0.05096718 -1.577544 -9.339017 0.4601256 0.4957955 0.382439 18.95206 1.921925 0 0.0
-0.04838442 0.05406152 2.226553 -0.8547072 0.9892955 1.013579 0.7049019 19.21246 2.709063 0 0.0
0.0202708 0.04305461 -3.806099 -2.189205 1.793802 1.988685 0.2272861 20.13625 2.005333 0 0.0
-0.03014632 0.009481366 -2.99224 -8.535365 1.544127 1.571482 0.6697645 19.80083 2.04726 0 0.0
0.006454313 0.03749744 -1.602998 -3.021717 0.181804 0.1839147 0.2741404 17.40544 2.028738 1 0.0
-0.04795657 0.08352847 -1.328083 -2.54032 0.9495596 0.92593 0.6668949 19.12005 1.953362 1 0.002428795
-0.05299189 -0.01063859 -2.624218 -5.910039 0.6630764 0.6813625 -0.05302839 18.94628 2.243292 0 0.0
-0.09120791 0.02088314 -0.7155564 -0.4998057 1.594419 1.742309 0.7115005 19.87456 1.947483 0 0.0
0.008955357 0.03093498 3.226719 -0.8226322 0.4341757 0.4361114 0.3537007 18.40771 2.056944 0 0.0
-0.007026781 0.02732591 -3.822974 -6.368672 1.332056 1.389462 0.7258716 19.55441 2.246788 0 0.0
-0.09636278 0.01552472 -1.967907 -2.591795 1.51594 1.616447 0.3240254 20.2885 1.666384 0 0.0
-0.01309599 0.07215208 -2.319229 -6.852906 1.268318 1.347751 0.3984253 20.11632 nan 0 0.0
-0.04198019 0.02442664 -2.147728 -4.539885 0.1103206 0.1061273 0.2325217 15.64365 2.883077 1 0.0
-0.0933733 0.0233423 -4.484545 -6.076574 0.98509 1.06649 0.7021406 19.20625 2.108805 1 0.1693862
-0.01477373 0.04160842 -2.557304 -4.02886 0.2551784 0.2592665 0.3299008 17.89664 2.852217 1 0.0
-0.002268729 0.03160837 -2.796116 -6.381412 0.1753556 0.1727793 0.2806843 17.01163 2.867268 1 0.9249409
-0.05750446 0.03642753 -1.102788 -6.351498 1.367853 1.475701 0.7398579 19.74494 1.877584 0 0.0
-0.009009358 0.01646131 -3.5218 -7.852156 2.559204 2.957438 0.7087582 20.38661 2.421902 0 0.0
-0.0430163 0.0599881 -2.740858 -4.756514 1.194197 1.229659 0.3764708 19.98816 2.321171 0 0.0
-0.0457312 0.0441554 1.670107 2.096796 1.791703 2.040901 0.3232258 20.67072 1.743252 0 0.0
-0.04972682 0.03998509 1.243987 -0.5076752 1.024855 1.160658 0.3139954 19.91215 2.455738 0 0.0
-0.02355711 0.08636252 -3.166362 -5.807009 0.604786 0.6827748 0.6346684 19.02747 2.211012 0 0.0
-0.02611963 0.04891418 -3.360858 -4.393888 1.233254 1.315008 0.72642 19.63198 2.243645 0 0.0
0.005630778 0.04686288 0.769824 -1.862476 1.378271 1.433925 0.345857 20.23283 2.18442 0 0.0
0.000872795 0.03027299 -2.261374 -4.193131 0.3489093 0.3529388 0.3139324 18.30928 2.77248 0 0.0
-0.03215942 0.006545397 -3.749831 -6.536735 0.1764313 0.1798964 0.2723068 16.70967 2.839052 1 0.008410981
0.000140789 0.03211394 -3.191631 -6.155889 0.1197467 0.1152366 0.240093 15.87733 3.047853 1 0.9407868
-0.01602423 0.04153834 0.06329103 -3.857055 1.596989 1.693901 0.6960893 19.87748 2.027327 0 0.0
-0.01221191 0.01704736 -1.256505 -7.149751 1.798867 2.144038 0.4995974 20.36805 nan 0 0.0
-0.067786 -0.04004795 -2.025588 -1.510104 1.669438 1.818183 0.7994349 19.65736 2.145533 0 0.0
-0.06491475 0.06854526 -4.821753 -9.856493 1.106828 1.192379 0.7292967 19.33662 nan 0 0.0
-0.04902566 0.0283202 -0.5661419 -1.192737 1.293968 1.446363 0.4166984 20.19443 2.18824 0 0.0
-0.0414928 -0.001122065 -3.048928 -3.522144 1.868725 1.991744 0.7089468 20.00175 1.678177 0 0.0
-0.001109732 0.01370409 -3.083131 -6.205728 0.325773 0.3419907 0.4032251 18.28489 2.252493 0 0.0
0.00102528 0.05667879 -1.348322 -2.977835 1.286823 1.379326 0.7124819 19.48701 2.068159 0 0.0
-0.07781657 0.05735444 -1.018277 -4.14259 1.07597 1.162007 0.4528974 19.87726 1.803602 0 0.0
-0.0420397 0.08387486 -0.2724397 -3.749425 0.4858895 0.4778649 0.277469 18.66988 1.857662 0 0.0
0.01557379 0.04387126 -3.119635 -6.353712 0.2081831 0.2029449 0.1620653 17.2641 2.669352 1 0.9151949
0.01173086 0.03304536 0.2133311 -4.679259 1.531329 1.644836 0.7031584 19.82151 1.888645 0 0.0
-0.03231148 0.02976033 -2.737222 -5.511407 0.8738998 0.9095337 0.6946019 19.08735 2.223007 0 0.0
-0.004739252 0.02980987 -6.010038 -5.418788 2.440702 2.973579 0.72993 20.68766 2.313709 0 0.0
-0.02313136 -0.004194313 -5.766789 -7.795722 1.785822 1.855265 0.7317915 19.87406 2.126831 0 0.0
-0.04451085 0.05759287 -7.843573 -3.008811 1.660941 1.848755 0.4264853 20.42887 nan 0 0.0
-0.02483888 0.03213605 -3.981892 1.341129 2.14248 2.330747 0.2929281 20.80624 1.849976 0 0.0
-0.004190225 0.03856257 -0.5617642 -1.110465 1.04704 1.070756 0.6891023 19.20361 2.263958 0 0.0
-0.03978418 0.02366782 0.773594 -2.107749 1.193372 1.380475 0.4612563 20.10486 2.212231 0 0.0
-0.09913854 0.01168574 -1.544646 -2.973745 0.1698295 0.1500614 -0.09260414 15.67713 3.276894 1 0.0
-0.01788517 0.0001086035 -2.838441 -6.942361 0.3160473 0.3183027 0.1829897 18.14054 3.120031 0 0.0
-0.06534548 -0.02938084 -3.388271 -5.850793 1.674395 1.689111 0.1029804 20.41738 1.815968 0 0.0
0.009748302 0.04159611 -2.891699 -7.085498 1.066785 1.139295 0.7538374 19.35758 2.279604 0 0.0
-0.01242519 0.04749019 -1.723206 -3.09456 0.4239131 0.4433993 0.3380715 18.78156 1.878794 0 0.0
-0.05241255 -0.0163138 4.168424 -5.498459 0.9798174 1.0214 0.6637971 19.19931 1.812256 0 0.0
-0.09035588 -0.01694595 -2.23013 -3.886656 1.111483 1.192906 0.3236739 20.03056 2.035522 0 0.0
-0.05241122 0.02734553 -2.206212 -5.813054 1.636661 1.932748 0.7213342 20.10575 1.816156 0 0.0
-0.08565585 0.04050601 -1.148889 -30.28718 0.4059204 0.4269359 0.3682592 18.62981 1.732382 0 0.0
-0.009771896 0.01192862 -3.933608 -1.784017 1.176363 1.207188 0.7136063 19.25672 2.324924 0 0.0
-0.04573169 0.02601413 -1.576324 -4.394428 0.1387078 0.138701 0.4107793 16.54628 2.832949 1 0.0
0.01978284 0.03965416 4.805497 -1.66745 1.331648 1.471949 0.345262 19.88793 nan 0 0.0
-0.04310938 -0.002565292 -3.687643 -7.009133 0.3089077 0.3414582 0.2971738 17.91768 2.762644 0 0.0
-0.0190135 0.01828338 -1.605408 -3.482578 1.884628 2.310034 0.6750169 20.4475 1.868834 0 0.0
0.01795276 0.04701686 -5.717365 -4.789215 1.068028 1.130488 0.7363017 19.40089 2.491371 0 0.0
-0.05232088 -0.01097549 -0.3192735 -4.113096 0.1350192 0.1272625 0.1847338 16.61711 2.990777 1 0.0
-0.01504834 0.02987335 -5.425627 -4.60299 1.73854 1.963329 0.4836225 20.54342 2.245461 0 0.0
-0.05546284 -0.02217761 -2.414844 -6.163988 1.11233 1.168147 0.6251677 19.32869 2.157295 0 0.0
-0.05320363 0.04627658 -0.4115517 -4.921979 1.154548 1.300078 0.7085226 19.41869 1.90649 0 0.0
-0.03886783 0.08187958 -2.760189 -4.910992 0.1844802 0.1850595 0.3146882 17.25107 2.864275 1 8.402432e-05
-0.0581467 -0.01503831 -0.5274733 0.008722388 0.3937847 0.3952433 -0.09087187 18.26638 1.755487 0 0.0
