scripts/get_globular_clusters/output/NGC_6517.csv
# %ECSV 0.9
# ---
# datatype:
# - {name: x, unit: deg, datatype: float64}
# - {name: y, unit: deg, datatype: float64}
# - {name: pmx, unit: mas / yr, datatype: float64}
# - {name: pmy, unit: mas / yr, datatype: float64}
# - {name: pmx_e, unit: mas / yr, datatype: float64}
# - {name: pmy_e, unit: mas / yr, datatype: float64}
# - {name: pm_corr, datatype: float64}
# - {name: g_mag, unit: mag, datatype: float64}
# - {name: bp_rp, unit: mag, datatype: float64}
# - {name: filter, datatype: int64}
# - {name: memberprob, datatype: float64}
# meta: !!omap
# - comments: [deg deg mas/yr mas/yr mas/yr mas/yr dimless mag   mag   zeroone float]
# - __serialized_columns__:
#     bp_rp:
#       __class__: astropy.units.quantity.Quantity
#       unit: &id001 !astropy.units.Unit {unit: mag}
#       value: !astropy.table.SerializedColumn {name: bp_rp}
#     g_mag:
#       __class__: astropy.units.quantity.Quantity
#       unit: *id001
#       value: !astropy.table.SerializedColumn {name: g_mag}
#     pm_corr:
#       __class__: astropy.units.quantity.Quantity
#       unit: !astropy.units.Unit {unit: ''}
#       value: !astropy.table.SerializedColumn {name: pm_corr}
#     pmx:
#       __class__: astropy.units.quantity.Quantity
#       unit: !astropy.units.Unit {unit: mas / yr}
#       value: !astropy.table.SerializedColumn {name: pmx}
#     pmx_e:
#       __class__: astropy.units.quantity.Quantity
#       unit: !astropy.units.Unit {unit: mas / yr}
#       value: !astropy.table.SerializedColumn {name: pmx_e}
#     pmy:
#       __class__: astropy.units.quantity.Quantity
#       unit: !astropy.units.Unit {unit: mas / yr}
#       value: !astropy.table.SerializedColumn {name: pmy}
#     pmy_e:
#       __class__: astropy.units.quantity.Quantity
#       unit: !astropy.units.Unit {unit: mas / yr}
#       value: !astropy.table.SerializedColumn {name: pmy_e}
#     x:
#       __class__: astropy.units.quantity.Quantity
#       unit: &id002 !astropy.units.Unit {unit: deg}
#       value: !astropy.table.SerializedColumn {name: x}
#     y:
#       __class__: astropy.units.quantity.Quantity
#       unit: *id002
#       value: !astropy.table.SerializedColumn {name: y}
# schema: astropy-2.0
x y pmx pmy pmx_e pmy_e pm_corr g_mag bp_rp filter memberprob
[from data line 1668]
0.04596566 0.02007176 -1.97653 -5.342605 1.161495 1.223355 0.6033312 19.50282 2.093445 0 0.0
-0.03133007 0.007858653 -2.803371 -6.15318 0.4402121 0.4001265 0.2891836 18.59725 2.333157 1 0.0015131
-0.06349712 0.01553916 -9.116204 -4.646502 0.4212679 0.380854 0.06130092 18.39335 2.271479 1 0.0
-0.01282009 -0.002681185 -1.165865 -1.131344 2.46629 2.623967 0.6765987 20.08245 2.017797 0 0.0
0.05712073 0.02457819 -7.173495 -5.409767 1.398005 1.433996 0.6007265 19.61884 2.510546 0 0.0
0.009335242 -0.05267077 3.865612 0.4834774 0.548314 0.4595414 0.404504 18.58197 2.346687 1 0.0
0.002372739 -0.0455305 -6.50014 -4.029346 0.2598983 0.2190216 0.2955186 17.3047 2.681444 1 0.0
0.03007616 -0.004775518 -2.410383 -10.70925 2.175272 2.062279 0.3806592 20.258 2.188322 0 0.0
0.002071606 0.003854566 -2.001653 -4.851465 0.3594339 0.3030849 0.2930661 17.15734 2.151631 0 0.0
0.007708286 -0.02201965 -2.125441 -4.657802 0.3546946 0.30425 0.3291537 17.96641 2.401104 0 0.0
-0.002932618 0.01044445 -0.5172994 -5.199973 1.238442 1.285739 0.5953218 19.46863 1.8097 0 0.0
0.003156427 -0.04447193 -1.707633 -4.552952 0.3694274 0.3102908 0.2846931 17.95616 2.540897 1 0.9413715
-0.04411658 0.04617214 0.06682349 -9.060916 0.4642104 0.4318281 0.06042046 18.8086 2.09379 1 0.0
0.02871953 -0.00621641 -6.035951 -9.077492 2.618336 2.713377 0.6470881 20.30746 2.37319 0 0.0
0.007587995 -0.008468887 -2.386887 -4.589358 1.094632 1.147462 0.6795932 19.11368 2.100826 0 0.0
-0.008690736 0.01893873 -5.184849 4.614333 2.679173 2.703656 0.3458663 20.59028 1.414621 0 0.0
-0.05050268 0.006399281 -5.814081 -7.43907 2.032949 2.055421 0.2064541 20.43709 1.664806 1 0.1334402
-0.006248656 0.008142238 -8.307096 -7.69542 2.690446 2.727727 0.633807 20.28885 nan 0 0.0
-0.03422673 0.03600513 -3.132719 -6.903913 0.7475287 0.73251 0.1718451 19.17492 2.411467 1 0.009332969
0.0004135896 -0.003297986 -4.377906 -7.944792 0.5362647 0.4566778 0.3641129 17.72593 nan 0 0.0
-0.006338116 -0.04779743 -5.408174 -6.795141 1.70596 1.698945 0.4470005 19.89577 1.71998 0 0.0
0.007316623 -0.01200987 -5.165876 -8.261154 1.68637 1.718507 0.6893994 19.49578 1.865292 0 0.0
0.01732687 0.03715646 -5.494227 1.833778 0.4704629 0.4182365 0.1604539 18.52322 2.155157 1 0.0
-0.032205 0.01571304 -5.278307 -8.496163 0.3726905 0.332617 0.3144155 18.04819 2.558006 1 0.0
-0.04494923 -0.04707155 -3.564427 -5.755882 0.7314262 0.6271962 0.3334576 18.9295 1.887264 0 0.0
-0.05620184 0.01673437 -2.153612 -0.483105 1.307946 1.077917 0.1445307 19.91895 2.393555 1 0.01334847
-0.001786812 -0.04076308 -5.774662 -10.53296 3.224333 3.044284 0.461911 20.66862 1.862543 0 0.0
-0.002299486 0.000578693 1.362035 -5.172675 1.375792 1.227069 0.6337532 18.69698 nan 0 0.0
-0.04510911 0.02678287 -2.627299 0.00473862 3.473843 3.798341 -0.002144783 20.84555 2.476742 0 0.0
0.006412605 0.005595924 -4.683138 -1.521359 0.8943048 0.7871241 0.3282395 17.8728 2.146673 0 0.0
-0.0545358 -0.03628967 -5.273802 -4.950537 1.305036 1.306746 0.684642 19.45271 1.85504 1 0.01340829
-0.06277358 0.01539719 -2.089337 -1.88784 1.483192 1.473529 0.01584585 19.99726 1.367868 0 0.0
0.007798818 -0.01727321 -2.229487 -4.117961 0.4432163 0.3974508 0.3670515 18.52755 2.44021 0 0.0
0.008100117 -0.02351025 -3.157926 -5.603729 1.445285 1.501982 0.5273117 19.80037 2.156727 0 0.0
0.03206591 -0.002647087 3.95203 -2.562912 2.377431 1.985039 0.01274725 20.39236 1.799156 0 0.0
-0.02397456 0.009366018 -3.344038 -8.548032 2.856343 2.721198 -0.2494416 20.57577 nan 0 0.0
-0.03563796 -0.02253344 -0.4175909 -3.498407 0.6010292 0.4926904 0.2124424 18.07413 2.180378 0 0.0
0.001951063 0.01115685 1.52033 -2.982619 0.764306 0.675294 0.3335284 18.80473 1.871231 0 0.0
0.002734341 -0.0581848 -5.690884 -9.07994 2.748859 2.721349 0.6158774 20.31478 0.5912952 0 0.0
0.001287847 0.01143247 -2.855108 -4.874127 1.255531 1.312538 0.6012954 19.55501 nan 0 0.0
-0.0561054 -0.02208016 -2.340013 -11.07201 2.067996 1.814872 0.0209518 20.56163 2.084845 0 0.0
0.009276395 0.003393828 0.2922658 -3.521241 0.6280785 0.5630263 0.3741606 18.47402 2.320427 0 0.0
0.009004657 -0.0138505 -1.192554 -4.376332 0.2312807 0.1972301 0.300757 17.40319 2.524504 0 0.0
-0.03072967 0.03775162 -0.9167265 -2.036635 0.9254948 0.9276015 0.2530776 19.55468 2.522533 1 0.3100841
0.003970715 -0.002064907 -4.234911 -5.840924 1.209378 1.100421 0.4450484 18.5138 nan 0 0.0
-0.0252404 0.005030529 -1.720075 -12.81977 3.560846 3.093843 0.215346 20.6196 1.863398 0 0.0
-0.001214346 0.02799969 -0.2784498 3.121555 3.790839 3.418293 0.02224991 20.90706 1.801012 0 0.0
-0.04528857 0.01537023 -2.142651 -6.8278 0.59612 0.5343954 0.2018962 18.82583 2.405233 1 0.0008629813
0.004603649 -0.01097795 -1.05136 -6.776449 0.6387627 0.5806575 0.5198705 18.53231 1.908403 0 0.0
-0.03301741 -0.001377832 -3.859016 -12.87379 3.231094 3.404057 0.3367155 20.73705 1.778137 0 0.0
0.003337731 0.004824443 -1.555546 -4.830304 0.200376 0.1719855 0.3072451 16.41021 2.332194 0 0.0
0.02576979 0.0566729 1.240793 2.490762 3.454767 2.945224 0.2257955 20.80927 2.28343 1 0.1131773
0.01039146 -0.007987351 -2.937162 -6.143052 0.4162513 0.3550356 0.3126292 17.91001 2.674953 0 0.0
-0.04857246 -0.0002923891 -4.44831 -1.974745 1.723904 1.822563 0.2242082 20.19456 1.861292 1 0.1851772
0.01024111 0.005525265 -1.607531 -3.235072 0.5720427 0.5053316 0.3795011 18.61813 2.294479 0 0.0
0.06278717 0.01728737 -0.9351786 -7.922214 0.3735368 0.3319288 0.3364703 18.23489 2.52536 1 0.0
0.0105418 -0.02092681 -1.58345 -4.341866 0.632447 0.5659787 0.3779856 18.86877 2.477051 0 0.0
0.0103922 0.01788583 -0.7656424 -2.473995 0.5192891 0.4397109 0.2050508 18.51998 2.154505 0 0.0
-0.004349431 0.005737099 -5.107901 -5.582667 2.255183 2.057375 0.6266818 19.91971 nan 0 0.0
0.0106937 0.019138 -3.424695 -8.099878 2.610518 2.782827 0.4951855 20.03864 2.25297 0 0.0
0.02697129 -0.004113424 -0.9571338 -2.295877 2.473184 2.569008 0.6368375 20.24155 1.880968 0 0.0
0.003578815 -0.003425796 -0.6127825 -5.192004 0.3437334 0.2919981 0.3337943 16.4362 2.41944 0 0.0
-0.05022551 -0.03595717 0.2492725 -6.19911 1.571902 1.511099 0.6489351 19.66981 1.724209 1 0.06313911
0.004995584 -0.006797051 -1.834532 -4.398793 0.2530206 0.2138334 0.3572261 17.11899 2.512523 0 0.0
-0.03425144 -0.02169693 0.4088818 -4.739877 1.82449 1.872097 0.6232628 19.9241 1.642653 0 0.0
0.0002628674 0.0006092177 -5.633899 -6.875035 0.9315392 0.7749011 0.5429216 17.39519 nan 0 0.0
0.009668171 -0.0009682881 -1.430435 -5.828427 0.7178184 0.648364 0.4972973 18.49591 2.040604 0 0.0
0.004905312 0.005244996 -1.626753 -4.638135 0.1339828 0.1147592 0.2765072 15.48067 2.583084 0 0.0
0.03505095 0.004404105 2.919944 9.108344 3.55584 3.28686 0.1015272 20.48588 nan 0 0.0
0.02163762 0.02937139 1.702041 -1.130298 0.6223046 0.5293516 0.2966907 18.85699 2.376511 1 0.0
0.0005341753 0.0005348308 -2.908222 -3.90725 1.51933 1.510319 0.5790468 17.90438 nan 0 0.0
0.009849383 0.01159351 -1.6514 -4.459052 0.540291 0.472406 0.3073855 18.66632 1.863985 0 0.0
-0.03491767 0.01027398 -1.484368 -4.204055 0.1443175 0.1295413 0.346999 16.68121 2.464384 1 0.9932144
0.01895435 0.02696828 -2.223129 -2.712187 2.49383 1.99618 0.1306795 20.52976 nan 0 0.0
0.009909387 0.0009934135 -2.798467 -5.856687 0.5964928 0.5368657 0.48719 18.35574 2.297457 0 0.0
0.01805099 0.04843648 0.6842037 -0.6759395 1.454823 1.471016 0.34464 20.01357 1.875399 0 0.0
-0.06014354 -0.02861157 -5.039298 -6.306687 1.918722 1.837801 0.01639295 20.48499 1.33156 0 0.0
-0.05107515 0.004203842 -3.313563 -2.293382 0.3369716 0.2971267 0.2983944 17.85064 2.470995 0 0.0
0.02790589 -0.002677262 2.312891 5.593948 3.092107 3.165161 0.5227493 20.53661 2.792919 0 0.0
0.004875018 -0.005826209 -1.545602 -4.125477 0.2926176 0.253399 0.4406996 17.40129 2.232546 0 0.0
-0.008901456 0.006343552 -1.738026 -5.096197 0.5054827 0.4479862 0.360313 18.42074 2.148106 0 0.0
-0.05276684 0.02862911 -2.028304 1.30193 2.787132 2.604915 -0.2050486 20.74092 1.96266 0 0.0
0.04267285 -0.03767663 -7.621742 -3.909877 1.416789 1.505941 0.5122353 19.78236 2.318727 0 0.0
0.00779922 0.001430248 -2.103563 -4.636799 0.3104673 0.2658862 0.3203483 17.62523 2.346175 0 0.0
-0.03654603 0.01496399 -3.51947 -4.511051 1.080338 1.086273 0.2019558 19.7487 2.608515 1 0.5088862
0.004512869 -0.03887483 -2.376075 -6.586284 1.324401 1.3341 0.511 19.57463 nan 0 0.0
0.004513543 0.01536921 -1.671401 -3.701509 0.6531443 0.5779666 0.356104 18.75571 2.364325 0 0.0
0.02494871 -0.04570969 -1.278841 -4.031049 0.4215661 0.3661986 0.2922193 18.18822 2.710127 1 0.9244895
0.008522436 -0.01023607 -2.411942 -3.656182 2.087898 2.117005 0.6682109 20.05687 2.536983 0 0.0
0.008010229 0.00104019 -1.546466 -5.217764 0.7540545 0.6091519 0.384522 18.93324 nan 0 0.0
-0.06246767 -0.01047022 2.994239 0.155149 1.688584 1.530157 0.08839245 20.2612 1.772141 0 0.0
-0.06259292 0.01667992 -7.749999 -8.803045 0.6469377 0.5878169 0.113881 18.79571 2.041761 0 0.0
-0.06077722 -0.02456428 1.749572 -0.6413058 2.322662 2.041393 0.000990755 20.42354 1.591362 0 0.0
0.005146525 0.008532308 -1.43355 -4.315999 0.3395563 0.2883166 0.2773574 17.764 2.317461 0 0.0
-0.02710981 0.01010203 -6.615942 -10.94596 2.67519 2.731302 0.03025421 20.75488 1.736073 0 0.0
0.0048754 0.022661 -1.038072 -4.401551 0.3072102 0.2503343 0.1737898 17.78089 2.516087 1 0.9710954
0.005146154 -0.01765368 -1.291681 -4.832849 0.4981934 0.442184 0.3311355 18.66767 2.534971 0 0.0
-0.0001290232 0.00370103 -0.4512727 -2.978469 0.2943305 0.2501205 0.3343374 16.42684 2.474557 0 0.0
0.005056244 0.01984956 -1.195678 -4.089192 0.3794687 0.3206089 0.2367961 18.11623 2.538832 1 0.9823365
0.005025623 -0.01439879 -1.748313 -3.976784 0.2257315 0.1947336 0.3379474 17.42347 2.477825 0 0.0
-0.01086124 0.01666226 -3.82227 -3.338706 1.79725 1.588005 0.2171032 20.52506 1.753834 0 0.0
0.008944591 -0.004841141 -1.853804 -4.140453 0.5273051 0.4735841 0.4871638 18.20734 2.335381 0 0.0
0.0151866 0.04358528 -1.57535 -9.068187 2.640088 2.650522 0.2496967 20.58076 1.300335 0 0.0
-0.04975134 0.02324032 -1.39969 -8.731136 1.773715 1.641219 -0.03040403 20.25105 1.963017 0 0.0
0.008854487 0.008734415 -0.4208887 -3.126482 0.4416592 0.3863787 0.294367 18.42808 2.401932 0 0.0
0.008794513 0.02190084 -4.302325 -5.38476 1.131064 1.199526 0.5555836 19.11998 2.501831 0 0.0
-0.01803449 -0.01687113 -2.178308 -5.185036 1.193096 1.138582 0.3991859 19.36749 2.132126 0 0.0
-0.02210592 0.01610003 -3.226108 -1.914871 1.446686 1.45144 0.1313831 20.1691 2.366407 0 0.0
0.006080717 -0.01137089 -3.027915 -6.299336 0.5951643 0.5250499 0.3691142 18.74568 2.256008 0 0.0
0.01792925 0.02520117 -3.756408 -4.514064 1.161129 1.172438 0.5540349 19.23276 nan 0 0.0
-0.03274201 -0.04658959 -1.059815 -3.614667 1.103648 1.096984 0.5748868 19.42386 2.010883 0 0.0
-0.01107247 0.02322925 -5.726336 -3.616422 0.5506022 0.4904188 0.185634 18.8684 1.997423 0 0.0
-0.001726757 0.007328803 -4.124884 2.009165 2.86534 2.881782 0.1636061 19.90511 nan 0 0.0
0.0229593 -0.04693503 -1.863342 -4.452456 0.2197169 0.1839984 0.2324108 17.37044 2.667456 1 0.9232554
0.002915634 -0.002256585 -5.965842 -10.70049 0.682866 0.5628074 0.402752 17.60579 2.194067 0 0.0
-0.0237644 0.02252769 -1.401897 -2.475192 1.631047 1.630212 0.4825606 19.9101 2.176193 0 0.0
-0.002028213 0.006853872 -3.611465 -3.568372 1.514346 1.501367 0.681569 19.42723 nan 0 0.0
-0.00226953 0.03094082 -3.009245 -6.872456 0.5728728 0.4962643 0.07821849 18.86365 2.471277 1 5.172345e-05
0.05168628 -0.0312281 -5.197374 -0.5737895 2.377816 2.378128 0.5834609 20.34104 2.222206 1 0.01991537
0.003277503 0.01187687 -1.770026 -4.648277 1.393184 1.460395 0.5790532 19.67906 2.260115 0 0.0
0.006925202 0.01187681 -1.233243 -4.567213 0.3195056 0.2731314 0.290859 17.6402 2.338554 0 0.0
-0.01363362 -0.01309438 0.2188755 -1.489983 1.525337 1.609827 0.530168 19.76674 1.31237 0 0.0
0.02676116 0.007944849 -2.155197 -3.708698 0.6603808 0.5860135 0.2770596 18.88006 2.563452 1 0.8770033
-0.0508282 -0.03708354 -2.428994 -3.561598 1.208913 1.180091 0.651459 19.24424 nan 0 0.0
0.05905063 0.02750567 -6.169908 0.3871782 1.122308 1.115861 0.5476341 19.48372 1.832794 0 0.0
0.02666625 -0.05285283 -1.783898 -2.350822 0.4128317 0.3505916 0.2311729 18.38402 2.397173 1 5.449378e-05
-0.03916644 -0.006717111 -4.069492 -7.079955 2.107521 2.234177 0.2437478 20.41166 0.2828026 0 0.0
0.02998675 0.007677568 -0.4774759 -9.275847 0.3960054 0.3534855 0.3478434 18.14389 2.569407 1 0.0
-0.02472805 0.007015161 -3.665261 -5.866333 0.348351 0.3202324 0.3278617 18.19968 2.462803 1 0.0
0.00849266 0.0055358 -0.246618 -3.691193 0.3153529 0.2674067 0.2934951 17.76524 2.420164 0 0.0
-0.0473978 0.007449694 -0.5904531 -3.046477 0.7923581 0.660048 0.2938912 18.98403 1.584923 0 0.0
-0.01155406 -0.0009788336 -2.917873 -7.332173 1.149785 1.205393 0.6229939 19.33348 nan 0 0.0
-0.05300079 -0.02098106 4.454893 -3.641766 3.059468 3.219471 0.2939455 20.75592 1.161039 0 0.0
0.006593503 0.006899594 -1.449397 -4.475266 0.1926628 0.1656876 0.299655 16.81209 2.494915 0 0.0
0.007769053 0.0004107705 -1.442207 -4.068085 0.3858004 0.3305306 0.3092519 17.87384 2.186944 0 0.0
0.002614227 0.003845979 -0.9717294 -3.800368 1.83333 2.012127 0.2747551 19.25318 nan 0 0.0
0.004844922 -0.002173636 -1.23146 -4.994056 0.4123358 0.4250736 0.6468495 17.40598 nan 0 0.0
-0.03835265 -0.005647956 -2.440995 -12.77902 3.414244 3.195335 0.2514561 20.70648 0.9928761 0 0.0
0.01470245 -0.0003428465 -1.882163 -2.131469 1.061127 1.119624 0.5719262 19.32635 2.299368 0 0.0
-0.03108883 0.006964128 12.16618 -10.59283 4.588591 3.824305 0.2190399 20.95661 1.562172 0 0.0
-0.053306 0.004746163 -3.623978 -3.654311 3.379493 2.707942 0.2198183 20.83394 2.219694 1 0.320923
-0.001877584 0.02628117 -4.427548 -5.352578 1.944991 1.852467 -0.07715595 20.38873 1.895945 0 0.0
-0.0002797475 -0.0009633912 0.4550758 -1.61813 0.6577472 0.5660025 0.3928575 14.14242 2.736679 0 0.0
-0.01727887 -0.05923234 3.764526 -5.162057 2.690513 2.725011 0.5951291 20.37362 1.637289 0 0.0
-0.03660281 -0.01992333 -0.6373894 -5.988699 1.309639 1.288192 0.6222436 19.37921 1.65127 0 0.0
-0.002962884 0.02519302 -3.008651 -4.606301 2.754298 2.779074 0.2468341 20.78728 1.784061 0 0.0
-0.05679829 -0.02468285 -7.812471 -7.925944 1.711431 1.771504 0.3257193 20.06597 1.481421 0 0.0
-0.0004003362 0.006131946 -1.330652 -4.384923 0.1948587 0.1650221 0.2758131 16.75075 2.203145 0 0.0
0.0144004 -0.01531647 -1.448816 -5.053921 0.9769867 1.038712 0.5505859 19.22285 2.273287 0 0.0
0.01584919 0.0278687 5.331277 -2.146114 1.701558 1.738244 0.6250222 19.83056 2.17013 0 0.0
0.008945642 0.03793973 -3.203163 -6.048471 2.604059 2.604833 0.3647815 20.50758 1.627966 0 0.0
-0.04607549 0.03997588 1.185693 -1.415657 2.1924 2.293244 -0.104534 20.5725 1.66317 0 0.0
0.01994685 -0.01614453 -2.581507 -4.751621 0.5393024 0.492372 0.3654198 18.64347 2.537266 1 0.8466562
0.003337669 -0.001856999 -1.739093 -6.043895 0.7033182 0.5576092 0.06856304 17.99204 nan 0 0.0
-0.02102042 0.01229207 1.667012 -10.61307 2.530033 2.631567 -0.01657707 20.48344 nan 0 0.0
0.00192084 -0.0034172 -2.286805 -4.338812 0.5002539 0.3643223 -0.146411 17.21114 nan 0 0.0
-0.05197536 -0.02482708 -1.497848 -5.653196 2.613544 2.417899 0.1480004 20.6108 1.756653 1 0.3270983
-0.01755267 -0.006719239 -1.345968 -4.018834 1.22572 1.214417 0.5790214 19.50332 2.04566 0 0.0
0.000564329 0.005896388 -1.85995 -4.666107 0.358941 0.3049086 0.2917667 17.77126 2.355842 0 0.0
0.008432389 0.00641795 -1.661752 -4.193481 0.401178 0.3409086 0.2902438 17.89693 2.018309 0 0.0
0.01720533 0.01711405 -1.625632 -3.764841 0.5192163 0.4627291 0.379262 18.39288 2.352087 1 0.9527309
0.01756564 -0.01283039 -1.597775 -3.601116 0.495761 0.4435776 0.325043 18.5914 2.691292 1 0.9427742
-0.0031733 -0.04520244 -1.06475 -3.813485 0.2261907 0.1904528 0.2689651 17.30496 2.553566 1 0.8701233
0.03399036 -0.05417618 4.073881 -0.1415248 0.4990292 0.4258549 0.1633692 18.61346 2.230276 1 0.0
-0.0219548 0.009756199 -1.691321 -4.62497 0.2653043 0.2324561 0.2689152 17.80869 2.428015 1 0.974514
