scripts/get_globular_clusters/output/NGC_5286.csv
# %ECSV 0.9
# ---
# datatype:
# - {name: x, unit: deg, datatype: float64}
# - {name: y, unit: deg, datatype: float64}
# - {name: pmx, unit: mas / yr, datatype: float64}
# - {name: pmy, unit: mas / yr, datatype: float64}
# - {name: pmx_e, unit: mas / yr, datatype: float64}
# - {name: pmy_e, unit: mas / yr, datatype: float64}
# - {name: pm_corr, datatype: float64}
# - {name: g_mag, unit: mag, datatype: float64}
# - {name: bp_rp, unit: mag, datatype: float64}
# - {name: filter, datatype: int64}
# - {name: memberprob, datatype: float64}
# meta: !!omap
# - comments: [deg deg mas/yr mas/yr mas/yr mas/yr dimless mag   mag   zeroone float]
# - __serialized_columns__:
#     bp_rp:
#       __class__: astropy.units.quantity.Quantity
#       unit: &id001 !astropy.units.Unit {unit: mag}
#       value: !astropy.table.SerializedColumn {name: bp_rp}
#     g_mag:
#       __class__: astropy.units.quantity.Quantity
#       unit: *id001
#       value: !astropy.table.SerializedColumn {name: g_mag}
#     pm_corr:
#       __class__: astropy.units.quantity.Quantity
#       unit: !astropy.units.Unit {unit: ''}
#       value: !astropy.table.SerializedColumn {name: pm_corr}
#     pmx:
#       __class__: astropy.units.quantity.Quantity
#       unit: !astropy.units.Unit {unit: mas / yr}
#       value: !astropy.table.SerializedColumn {name: pmx}
#     pmx_e:
#       __class__: astropy.units.quantity.Quantity
#       unit: !astropy.units.Unit {unit: mas / yr}
#       value: !astropy.table.SerializedColumn {name: pmx_e}
#     pmy:
#       __class__: astropy.units.quantity.Quantity
#       unit: !astropy.units.Unit {unit: mas / yr}
#       value: !astropy.table.SerializedColumn {name: pmy}
#     pmy_e:
#       __class__: astropy.units.quantity.Quantity
#       unit: !astropy.units.Unit {unit: mas / yr}
#       value: !astropy.table.SerializedColumn {name: pmy_e}
#     x:
#       __class__: astropy.units.quantity.Quantity
#       unit: &id002 !astropy.units.Unit {unit: deg}
#       value: !astropy.table.SerializedColumn {name: x}
#     y:
#       __class__: astropy.units.quantity.Quantity
#       unit: *id002
#       value: !astropy.table.SerializedColumn {name: y}
# schema: astropy-2.0
x y pmx pmy pmx_e pmy_e pm_corr g_mag bp_rp filter memberprob
[from data line 5615]
0.01494203 0.06441579 4.531242 -0.2254433 2.149427 1.688457 -0.2096026 20.34333 1.172705 0 0.0
-0.05921625 0.06930858 -5.790417 -1.467033 0.7648688 0.5801439 0.02644856 18.99385 1.417734 1 0.0
-0.06724723 0.09450502 -6.94724 -3.871871 0.3977601 0.3264971 -0.06485877 18.18813 1.263607 0 0.0
-0.1078072 0.06792689 -5.803125 -0.5752836 0.5825528 0.5086615 -0.06216041 18.75889 1.298033 1 0.0
0.006066741 0.03024197 -0.1970138 2.491996 1.605378 0.8662716 0.08964437 19.61325 nan 0 0.0
0.01215469 0.1286064 -0.613742 0.3329856 0.5710508 0.4236815 0.0114323 18.76918 1.238483 1 0.8045046
-0.03781972 -0.02242371 -3.616553 -3.02716 1.939687 1.64804 -0.1191672 19.91292 nan 0 0.0
0.07916615 0.07643866 -6.03983 -1.414681 2.261881 2.552553 -0.2263958 20.5212 0.664505 0 0.0
-0.05405968 0.04057883 -4.085762 0.1012883 0.7395158 0.5330636 -0.07768449 18.96954 1.157377 1 1.866842e-05
-0.002152518 0.09930355 -0.4594031 -2.556202 2.601299 2.609847 -0.1646934 20.55733 0.6882954 0 0.0
9.055844e-05 0.01633398 -1.782197 -3.745638 0.5341377 0.3723597 -0.2100294 18.30245 0.9480171 0 0.0
-0.01638087 0.00719104 -1.775453 0.4461502 0.9240494 0.9323673 -0.06349289 18.4107 nan 0 0.0
0.01713177 0.002433837 1.210554 0.112308 0.3363176 0.2829356 0.01557144 16.49124 1.291977 0 0.0
0.02764034 0.05295818 -0.6994599 -4.178244 2.167401 1.521225 -0.02227506 20.18842 1.228077 0 0.0
-0.03433118 0.02293962 0.3098765 1.133832 0.5958512 0.6853707 -0.03575081 18.43366 1.170277 0 0.0
0.04212918 0.02567969 -4.876306 -3.325694 1.222567 0.7182443 -0.02041625 19.05669 0.6802673 0 0.0
0.02288151 0.09056988 -8.334875 0.02776653 2.124647 1.033702 0.04927864 20.03549 0.6702518 0 0.0
-0.03550946 0.0924463 -6.999779 -2.797323 0.3357307 0.3048921 -0.1226741 17.922 1.03606 1 0.0
0.005681535 -0.001610704 -1.228509 1.198554 0.7535288 0.6017623 -0.006231131 16.52526 nan 0 0.0
0.01716997 0.002719925 -0.7910714 -4.665778 0.8674001 0.6396518 -0.1338541 18.26585 nan 0 0.0
0.01082886 0.01520355 -1.460765 -5.450324 2.189068 1.498541 0.2559499 19.20031 nan 0 0.0
0.01766007 0.03855882 -20.11098 18.57076 1.72768 1.104545 0.1365735 19.84751 0.8749485 0 0.0
0.002377318 0.01499878 -9.794675 -2.229455 0.9957376 0.6077033 -0.1976306 18.60294 nan 0 0.0
0.03716983 0.04482232 -0.4803676 -1.493297 2.697026 1.895818 -0.1246183 20.40129 0.8914509 0 0.0
-0.07231048 -0.01744507 -0.06234508 1.605962 1.476496 1.182302 -0.3376306 19.84997 0.6948185 0 0.0
-0.0994244 0.08215179 -4.771783 -4.658169 3.879955 3.103502 -0.203667 20.52316 1.606373 0 0.0
-0.03300466 0.0203466 -7.866175 -0.2147883 0.8593161 0.8323428 -0.1232061 19.0799 1.198669 0 0.0
-0.07228473 0.02657663 -7.973701 0.4043123 1.33591 0.8666118 -0.08875812 19.68494 1.598289 1 0.0
-0.06232953 0.08587549 -5.632636 -4.363786 0.282194 0.2181397 -0.05826897 17.44829 1.093727 1 0.0
0.02699295 0.1034346 -2.328486 0.2170317 2.066858 1.674302 0.04755607 20.30542 1.144587 0 0.0
-0.009331348 0.007814815 2.168802 1.156112 0.5272418 0.4101992 0.1077035 17.8714 nan 0 0.0
-0.007976888 -0.001778893 1.198146 5.063872 0.6660061 1.01976 -0.2860595 17.43983 nan 0 0.0
-0.03749708 -0.009518319 0.6524843 1.654733 2.78493 1.279955 -0.4761131 19.73141 nan 0 0.0
-0.06266355 0.00913092 2.382257 -1.998991 2.162131 1.118526 -0.1441444 20.04548 0.7901745 0 0.0
0.02927136 0.03856432 -0.8610596 -0.6907787 1.099489 0.6999767 -0.05867109 19.5635 0.5570107 0 0.0
-0.05731996 0.0938967 -5.360524 -2.212534 1.013292 0.6755643 -0.09891667 19.29204 1.206171 0 0.0
-0.002328419 -0.008247984 -1.029292 -0.3099653 0.3350057 0.2991615 -0.1872791 16.47227 nan 0 0.0
-0.01565383 -0.001651175 4.535361 2.170003 0.9693516 1.303344 -0.1266257 18.72373 nan 0 0.0
-0.005961648 0.02891828 2.270737 -8.963243 3.152802 1.659328 0.2921335 20.13652 nan 0 0.0
-0.04432805 0.07234281 -6.676358 -5.046092 0.7276948 0.5491619 -0.0159343 18.92912 1.265184 1 0.0
0.003854203 0.01519704 -2.343931 -2.084548 0.3165541 0.2839326 -0.1519892 17.65891 1.099014 0 0.0
-0.003550278 0.02880791 -0.3421251 -0.1921746 0.2025677 0.1666748 -0.0293892 16.83964 1.212816 0 0.0
0.01490284 0.03191078 -5.213935 0.02907955 1.575419 1.20792 -0.1955862 19.65429 nan 0 0.0
-0.03145145 0.06212625 2.819657 1.056399 1.899869 1.254983 -0.1271605 20.05813 0.6989346 0 0.0
0.01120088 0.01692008 -5.019253 -3.611408 1.536004 1.260053 0.1671131 18.92848 nan 0 0.0
0.02580642 0.03070049 0.3786733 -0.06376349 0.1024573 0.08781461 -0.04240098 15.8653 1.332315 1 0.9993744
-0.002328441 -0.007809294 -1.817049 -0.8247031 0.6732694 0.9239684 -0.1260644 16.89131 nan 0 0.0
0.01698412 0.01527798 -0.4807064 -1.161137 0.4015498 0.3354688 0.01109252 17.24535 0.5778313 0 0.0
0.007385592 -0.006993485 0.2869766 -2.01176 0.2350344 0.1689304 0.0244318 15.99241 0.8349552 0 0.0
0.0005573441 0.007407589 -2.190539 -7.284795 0.6535074 0.4619305 -0.07102334 16.21995 nan 0 0.0
-0.07270106 0.1089735 -8.151871 -6.029549 0.7596514 0.5038032 -0.05754648 18.93315 1.415909 0 0.0
0.01874447 0.009471322 0.8255402 4.964146 0.9575764 0.8978805 -0.2371848 18.97824 nan 0 0.0
-0.04716776 0.05990788 -0.5191248 -0.1681431 2.813136 1.367565 0.113965 20.13497 0.1907501 0 0.0
-0.06365259 0.07653911 -0.3355473 -1.61394 3.936641 3.133812 -0.2295618 20.67556 0.6835556 0 0.0
0.03582739 0.04727243 -1.933035 3.527351 2.672895 2.25022 -0.02999109 20.70002 0.6496582 0 0.0
-0.02191174 0.03854554 1.489107 -1.28011 1.1745 0.8449451 -0.0836952 19.46642 0.9678669 0 0.0
-0.03727352 -0.01507997 -5.573139 -2.060163 2.199924 1.404403 -0.4832482 19.89021 0.7222424 0 0.0
-0.02288241 0.03513473 -6.283695 1.097921 3.144648 1.478055 0.06341033 20.28013 0.7012825 0 0.0
-0.05491116 0.01921931 0.8850687 -0.2704593 0.43318 0.32259 -0.09333246 18.19815 1.201962 1 0.9927106
-0.03951557 0.03418117 -2.007519 -1.193657 2.300133 1.109521 0.002601062 19.57968 nan 0 0.0
-0.03029553 0.05937282 2.672482 0.8853092 2.612967 2.576532 -0.009714278 20.56376 nan 0 0.0
-0.09513323 0.0421065 -1.411357 0.5334929 0.6724562 0.5615858 -0.0003971063 18.92958 1.192883 1 0.4375019
-0.04739163 0.07351086 -6.894664 -3.907621 4.057953 4.10475 -0.01668244 20.83067 1.340723 0 0.0
-0.02153805 0.03450214 -7.436967 -8.790427 1.39218 1.731558 -0.0941573 18.80924 0.8654232 0 0.0
-0.03375378 0.01532591 -1.120653 0.1745622 1.155405 1.115111 -0.1405792 19.51266 0.8654633 0 0.0
0.01810625 0.009704275 1.132129 1.837772 0.5636083 0.6730422 -0.1693238 18.15033 0.9939613 0 0.0
-0.01379636 0.02949261 5.277847 0.6995301 2.103704 1.026325 0.4259263 19.55442 0.8497066 0 0.0
-0.01495724 -0.00558008 -1.837481 5.233735 0.903508 1.398407 -0.4159092 18.76596 nan 0 0.0
-0.02403364 0.0128029 -1.850242 -2.437848 0.5921352 0.4978814 -0.1195912 18.51596 1.059307 0 0.0
-0.02161771 0.02150924 -8.345873 -1.346773 1.052625 0.9278489 -0.386867 19.00817 nan 0 0.0
-0.01220317 -0.01183537 -0.827645 1.339692 0.5921937 0.4740205 -0.008864733 17.93592 nan 0 0.0
-0.07427762 -0.002185594 -3.620029 -0.8499345 0.3947599 0.3278951 -0.09958734 18.23412 1.222113 1 0.0
-0.1004202 0.07497035 -7.844151 -5.258441 0.5361697 0.4490923 -0.05483742 18.56967 1.83284 1 0.0
-0.05961559 0.04627491 -6.937884 -2.049447 2.734532 2.157536 -0.1873937 20.27774 1.147518 0 0.0
0.06809569 0.08733214 -2.055421 -4.479501 1.915312 0.9760281 -0.09897059 19.99492 1.28208 0 0.0
-0.001023956 0.00225774 0.5121155 -0.3080226 0.4002073 0.3279478 -0.008762393 13.59322 1.462708 0 0.0
-0.07279485 -0.0002529733 -18.02595 4.229222 1.684864 1.057285 -0.1614654 19.72972 1.818661 0 0.0
0.01787469 0.1001165 -10.14191 -9.121039 1.994386 1.219147 -0.02744049 20.35327 2.342812 1 0.0
0.004677562 0.0537521 -4.820165 2.415717 3.360828 2.317104 0.001248301 20.39034 0.6789608 0 0.0
-0.0004715594 0.01040213 3.347331 1.953284 0.7460786 0.5704901 -0.193438 17.18669 nan 0 0.0
-0.02464334 0.01265761 1.195817 0.9195032 0.4028541 0.3443056 -0.09989975 17.73875 1.064699 0 0.0
-0.02925402 0.01152575 0.07105557 -2.279201 1.298348 1.283037 -0.1379056 19.68237 0.9623947 0 0.0
-0.00925021 -0.01654964 4.3828 -1.721395 1.865669 1.231589 -0.3769243 19.53069 nan 0 0.0
0.01675778 0.1000215 -20.35179 -1.382701 0.8704185 0.5166888 0.0001208408 19.14528 1.716339 0 0.0
-0.01070501 0.01561557 0.4439862 -0.3304089 0.1366553 0.09055161 0.2240804 15.67031 1.362878 0 0.0
-0.02705231 0.02620225 -9.102924 -4.778764 0.576474 0.5356704 -0.02230122 18.76562 1.056246 0 0.0
-0.08235054 -0.00438523 -1.062048 -6.985483 3.665333 3.540429 -0.132 20.45246 1.401091 0 0.0
-0.01065938 0.0242368 0.1591608 0.3518366 0.1642805 0.1377414 -0.0144069 16.34692 1.306281 0 0.0
-0.05236127 -0.002368904 0.7793359 0.5162092 1.462416 1.105646 -0.3010191 19.7282 0.7716045 0 0.0
0.03734193 0.04541346 -10.07997 -4.95328 2.482859 2.259458 -0.1628057 20.56267 1.004852 0 0.0
0.02246016 0.02921452 -0.6254136 5.566388 2.265785 1.786111 -0.1028291 20.36803 nan 0 0.0
0.02734014 0.04526793 -1.717602 0.1049578 2.510622 2.026075 -0.2872119 20.23138 1.539646 0 0.0
-0.008934625 -0.02357244 -12.55094 11.13115 1.897855 1.339316 -0.06654302 19.70813 1.190186 0 0.0
-0.06226199 -0.005928971 -9.64482 -5.217776 2.778188 1.672475 -0.4830538 20.04313 0.9266796 0 0.0
-0.002314837 0.1001351 -3.449308 0.2293443 2.910801 2.780152 0.01548006 20.61394 0.6073284 0 0.0
-0.01141366 -0.00834853 0.983594 0.6812739 0.4990851 0.3653249 0.06627357 17.47989 0.9974918 0 0.0
-0.01371931 0.02681472 -0.004573897 0.02710868 0.05133992 0.04405814 0.01811522 13.57128 1.741514 1 0.998904
-0.0100314 0.02886417 0.5446535 0.1700707 0.4986186 0.3456353 -0.06102304 18.42599 1.096138 0 0.0
-0.04623435 -0.004960116 -1.44321 2.65724 2.324773 1.345674 -0.4824751 19.85984 nan 0 0.0
0.02832154 0.07511733 -3.815302 -0.1427322 0.8071982 0.8357377 -0.1355274 19.18148 1.014967 0 0.0
-0.004117596 0.08438797 -10.47656 0.1973956 4.263038 3.213847 -0.1421883 20.85908 0.5963917 0 0.0
-0.01736346 0.03591153 -5.958264 -17.86129 3.795505 2.461969 0.1377344 20.32016 0.8098545 0 0.0
0.08616794 0.07575465 -6.126674 -2.675447 1.619217 0.8866385 -0.02245849 20.05669 1.187033 0 0.0
-0.05368042 0.01794666 -14.44951 -5.110883 0.1635946 0.1447373 -0.08701574 16.75424 1.256609 1 0.0
0.008094214 0.01493328 -0.3767077 0.6090583 0.4186878 0.3445946 -0.03388209 16.53298 0.7467251 0 0.0
0.003312131 0.02954416 -0.2476562 -0.3888954 0.2276239 0.1812029 0.01255439 17.13232 0.3750629 0 0.0
-0.004891711 0.00591197 0.5829527 -0.02185548 0.418589 0.3102332 0.131457 16.47689 1.071646 0 0.0
-0.0007760006 -0.01495035 1.072822 -0.5653454 0.2114743 0.1599551 -0.1243669 16.39408 0.801959 0 0.0
0.0004909623 0.03582327 0.4204627 -0.1482313 0.4304743 0.4336299 -0.02853857 18.27246 1.168447 0 0.0
-0.05893981 0.02495543 -5.091417 -1.375597 1.204341 0.7687812 -0.1050332 19.52689 1.374775 1 0.0003221184
0.002052034 -0.01457655 -1.405354 0.7138357 0.336008 0.250055 0.04324078 17.07236 1.151931 0 0.0
0.003550524 0.03100517 -10.604 -2.936544 1.915128 0.5701705 0.1644384 19.21703 1.014462 0 0.0
-0.02960741 0.01287593 -0.912224 -3.019583 1.294479 1.255822 -0.1225475 19.60019 0.9445934 0 0.0
-0.03741482 0.006354709 -1.480533 0.01022179 1.23101 0.8704756 -0.07082094 19.58748 0.6844387 0 0.0
0.02449522 0.0384336 0.6452782 0.4169282 1.154453 0.822373 -0.1306581 19.57131 0.8815269 0 0.0
0.01884065 0.03487717 6.227055 -3.469828 2.452638 2.354104 -0.1701054 20.55481 0.5838146 0 0.0
-0.05854019 0.003097707 -2.439402 -1.918973 2.322807 1.194038 -0.1565215 20.14958 0.7505493 0 0.0
0.01309422 0.006970845 0.1390655 -0.1804329 0.1135985 0.09268251 -0.02483875 15.91292 1.283205 0 0.0
0.09186376 0.09480566 -1.988343 0.2389553 2.083693 1.833876 0.01622361 20.56317 1.233982 0 0.0
-0.0442102 0.07874399 1.453772 0.677772 3.194689 3.343527 -0.03794167 20.70093 0.6320343 0 0.0
-0.05348048 0.05894346 -16.17146 -8.41186 0.7102089 0.5248444 -0.06632342 18.85078 1.008219 0 0.0
0.01065272 -0.004693866 0.005990573 -0.1308562 0.08067817 0.06790028 -0.05931563 14.86856 1.438457 0 0.0
-0.0216529 0.03548628 -1.503672 -2.353254 3.197956 1.692515 0.06507455 20.30575 0.5119038 0 0.0
-0.002928514 -0.006302523 0.9704662 -3.527597 1.236901 1.048741 -0.1050296 16.24121 0.6491318 0 0.0
-0.02036163 0.0470721 -3.132904 -0.4668027 1.330535 1.168487 0.06090352 19.69678 0.9367886 0 0.0
-0.04336789 0.1062564 -5.822311 -0.5209117 2.371059 1.73455 -0.1780172 20.48483 0.8616619 0 0.0
-0.01409564 0.0109035 -0.4250371 0.8257464 0.2025696 0.2331415 -0.3026135 16.25164 1.287728 0 0.0
0.002663979 0.02902159 -27.85128 -5.434829 2.872705 1.460352 -0.1324538 19.62823 nan 0 0.0
0.01219501 0.02877209 -0.1886906 -0.9133192 0.9410079 0.6553785 -0.1350039 19.20164 0.7939758 0 0.0
-0.003080935 -0.005695996 -2.211857 1.800352 0.3171876 0.2791045 -0.1432937 16.13606 0.8932791 0 0.0
-0.01714233 0.1075058 -10.21596 -7.855883 1.234611 0.7324818 0.02373537 19.51468 2.164473 0 0.0
-0.06132951 0.00182376 1.263177 -0.7496386 1.009066 0.647166 -0.1123439 19.29724 0.8822498 0 0.0
0.02618095 0.05230672 -1.951868 1.966929 1.244847 1.049645 -0.009778312 19.65789 0.8225746 0 0.0
0.01467855 0.04585357 0.4548643 -0.2761447 0.1775812 0.1256232 0.1547095 16.49249 0.5653191 1 0.9983888
0.01177787 0.0003832201 -0.2200436 -0.6135131 0.2200725 0.1759756 0.07681406 16.86068 1.212962 0 0.0
0.02028797 0.009749137 1.302168 -3.34263 1.230646 1.146461 -0.2422905 19.13375 nan 0 0.0
-0.08221189 0.1043569 -6.094613 -0.6860038 0.5032413 0.425566 -0.04724227 18.51909 1.266069 1 0.0
0.0095853 0.03737103 -0.02487836 -0.6962347 0.3019654 0.2149409 0.1696178 17.3754 0.3106384 0 0.0
-0.0005570205 -0.01292093 2.068524 -3.453649 0.7958659 0.667401 0.06788914 17.81487 nan 0 0.0
0.02029782 0.01048155 -0.1447622 0.917604 0.5458339 0.7120074 -0.2931795 18.12982 1.030132 0 0.0
-0.01407598 0.03996005 -0.02148632 -0.1971909 0.1335021 0.1126354 -0.04589706 16.29531 0.901845 1 0.9988383
0.001680819 -0.01065884 1.837189 0.21283 0.3596011 0.2624635 0.0804153 16.31294 0.8056164 0 0.0
-0.06532504 0.05168781 -4.791395 -0.9858104 3.110192 2.206354 -0.06521389 20.26916 1.212875 0 0.0
-0.08303275 0.1042639 -6.290358 -0.4277468 0.7188486 0.5203774 -0.03510485 18.87758 1.605667 1 0.0
-0.0281447 0.004808763 6.391335 -16.46772 0.7773739 0.8698544 -0.07837495 18.66437 0.9871464 0 0.0
-0.01062539 0.08325396 -5.794666 0.6720791 2.773482 1.91193 0.03408858 20.34842 1.269537 0 0.0
-0.001652973 0.01144733 0.7082823 -0.8514296 0.2400373 0.198153 -0.04522816 16.04438 1.096911 0 0.0
-0.03225737 0.01465942 2.526519 -0.7971165 0.8741319 0.8315937 -0.09875639 19.02883 0.7877846 0 0.0
-0.06583199 0.01294499 -9.42878 -0.9399847 1.382513 0.8928658 -0.07619299 19.69981 0.9717369 0 0.0
0.0340858 0.03888524 -0.6972624 -0.005150592 1.685678 0.6910918 0.1429578 19.46066 0.9874363 0 0.0
-0.07205012 -0.007438694 -4.481737 0.1154971 2.91096 1.647916 -0.4476608 20.19864 0.5415859 0 0.0
0.02114547 0.009886078 0.5227778 -0.4765907 0.5901302 0.8186256 -0.5845056 18.26992 nan 0 0.0
-0.0448047 -0.006030625 -5.675437 2.965769 0.7353579 0.622725 -0.09097478 19.00012 1.145454 0 0.0
-0.03091362 0.1275448 -6.733972 0.0451825 0.3219728 0.2790895 -0.05633978 17.76928 1.092415 1 0.0
0.0007590514 0.107158 4.532529 -4.493284 2.447606 1.658392 0.06015818 20.23856 0.8460293 0 0.0
-0.05244324 0.08603664 -15.61322 -14.01596 3.864832 3.722697 -0.1753995 20.83437 1.08617 0 0.0
-0.05631294 0.01228248 0.7888937 -3.583636 3.246416 3.263997 -0.3034607 20.64844 0.981678 0 0.0
-0.05477826 0.1155368 -8.50812 0.1412835 0.3498025 0.2510474 0.09842094 17.68324 1.076292 1 0.0
0.02528698 0.02210246 -0.2198749 -0.5079021 1.093089 0.9268953 -0.1349103 19.3442 0.8035088 0 0.0
-0.01236526 0.05956046 1.993911 1.262948 1.579697 0.810102 0.0132516 19.49437 0.9276905 0 0.0
0.0006238216 -0.007908421 -0.106913 -0.5323479 0.1112191 0.07506597 0.05570737 13.02878 1.756949 0 0.0
-0.08056251 0.09472771 -5.618526 -1.201792 2.448717 1.408114 -0.1140111 20.20014 1.586588 0 0.0
0.02830621 0.06571793 -3.750541 -1.720582 2.880767 2.196276 0.1003305 20.5972 0.9665585 0 0.0
-0.0126771 0.01463469 -4.76473 -4.552644 0.3832739 0.2418769 0.05683314 17.71218 1.042671 0 0.0
