scripts/get_globular_clusters/output/NGC_6749.csv
# %ECSV 0.9
# ---
# datatype:
# - {name: x, unit: deg, datatype: float64}
# - {name: y, unit: deg, datatype: float64}
# - {name: pmx, unit: mas / yr, datatype: float64}
# - {name: pmy, unit: mas / yr, datatype: float64}
# - {name: pmx_e, unit: mas / yr, datatype: float64}
# - {name: pmy_e, unit: mas / yr, datatype: float64}
# - {name: pm_corr, datatype: float64}
# - {name: g_mag, unit: mag, datatype: float64}
# - {name: bp_rp, unit: mag, datatype: float64}
# - {name: filter, datatype: int64}
# - {name: memberprob, datatype: float64}
# meta: !!omap
# - comments: [deg deg mas/yr mas/yr mas/yr mas/yr dimless mag   mag   zeroone float]
# - __serialized_columns__:
#     bp_rp:
#       __class__: astropy.units.quantity.Quantity
#       unit: &id001 !astropy.units.Unit {unit: mag}
#       value: !astropy.table.SerializedColumn {name: bp_rp}
#     g_mag:
#       __class__: astropy.units.quantity.Quantity
#       unit: *id001
#       value: !astropy.table.SerializedColumn {name: g_mag}
#     pm_corr:
#       __class__: astropy.units.quantity.Quantity
#       unit: !astropy.units.Unit {unit: ''}
#       value: !astropy.table.SerializedColumn {name: pm_corr}
#     pmx:
#       __class__: astropy.units.quantity.Quantity
#       unit: !astropy.units.Unit {unit: mas / yr}
#       value: !astropy.table.SerializedColumn {name: pmx}
#     pmx_e:
#       __class__: astropy.units.quantity.Quantity
#       unit: !astropy.units.Unit {unit: mas / yr}
#       value: !astropy.table.SerializedColumn {name: pmx_e}
#     pmy:
#       __class__: astropy.units.quantity.Quantity
#       unit: !astropy.units.Unit {unit: mas / yr}
#       value: !astropy.table.SerializedColumn {name: pmy}
#     pmy_e:
#       __class__: astropy.units.quantity.Quantity
#       unit: !astropy.units.Unit {unit: mas / yr}
#       value: !astropy.table.SerializedColumn {name: pmy_e}
#     x:
#       __class__: astropy.units.quantity.Quantity
#       unit: &id002 !astropy.units.Unit {unit: deg}
#       value: !astropy.table.SerializedColumn {name: x}
#     y:
#       __class__: astropy.units.quantity.Quantity
#       unit: *id002
#       value: !astropy.table.SerializedColumn {name: y}
# schema: astropy-2.0
x y pmx pmy pmx_e pmy_e pm_corr g_mag bp_rp filter memberprob
[from data line 7910]
-0.05653126 -0.04955994 -2.907718 -6.894149 1.464164 1.572055 0.6600729 19.61644 1.918957 0 0.0
-0.02554122 -0.02365877 -2.532909 -4.816573 0.8404514 0.9055877 0.7494956 18.9972 nan 0 0.0
-0.001140261 -0.03053567 -1.705817 -4.787748 0.9992839 1.105238 0.6812059 19.33489 2.202919 0 0.0
0.006332512 -0.01673945 0.8345203 -4.164278 2.017654 1.63786 0.6321421 19.80912 1.906778 0 0.0
0.02692142 -0.06140493 0.7790033 0.8635559 1.337724 1.402711 0.6454854 19.68629 2.022984 0 0.0
0.003953487 -0.04271217 1.841585 -3.20074 1.335561 1.452436 0.7079067 19.7711 1.781637 0 0.0
0.02319934 0.003439494 -2.965382 -6.176692 0.5412531 0.5334048 0.3040305 18.65989 2.436836 0 0.0
0.03396696 -0.04106354 0.04493439 -2.222955 1.342536 1.441419 0.6878688 19.74905 2.34111 0 0.0
0.08106164 -0.04946992 -6.286333 -5.043387 1.48583 1.638639 0.6447539 19.72306 2.491642 0 0.0
0.04241646 -0.0653967 -1.824211 -7.33275 0.2762388 0.2767102 0.2763102 17.84033 2.74057 1 0.0
0.02460222 0.01423868 -2.516891 -5.6961 0.4132917 0.4515183 0.4147266 18.69425 2.32247 0 0.0
0.04076775 0.003420746 -4.695516 -5.979408 1.609567 1.681321 0.7264158 19.85749 2.052782 0 0.0
0.01862403 0.02143992 1.704075 -1.675053 1.762814 1.887947 0.3266694 20.34397 nan 0 0.0
0.07971778 -0.0100582 -0.825462 0.9526407 1.375266 1.611472 0.5808268 20.18501 1.568298 0 0.0
0.04336026 0.005558589 -1.457977 -7.354396 1.711259 1.892422 0.2667719 20.62126 1.930737 0 0.0
-0.003946329 -0.006583894 -3.007776 -7.352 0.8662332 0.9462279 0.5819783 18.88721 nan 0 0.0
-0.0009267799 -0.0839743 0.8464125 -4.87964 1.428668 1.53468 0.674574 19.83833 2.06641 0 0.0
0.07797965 -0.01963162 -0.2654241 -1.999637 1.558642 1.859879 0.6599673 19.97864 1.904789 0 0.0
-0.005105384 -0.01367208 -3.0441 -5.792679 0.9957668 1.161322 0.6703156 19.25625 1.933666 0 0.0
-0.04030468 -0.06227764 -2.456106 -3.148671 1.383638 1.327642 0.07639403 20.16181 1.743149 0 0.0
0.08456667 0.00543125 -2.487081 -4.706109 1.030482 1.056442 0.6668543 19.27667 2.797043 0 0.0
0.03177115 -0.05744269 -1.133678 -3.655611 1.154449 1.326848 0.249672 20.01921 2.025885 0 0.0
0.03393506 0.03017784 -1.824039 -5.805235 0.7385335 0.7929332 0.7054183 18.84192 nan 0 0.0
-0.03045269 -0.06901388 -1.304441 -3.081291 0.4208593 0.3915493 0.1130542 18.2877 2.190224 1 0.0
0.03460654 0.006727715 -1.378736 -4.310137 0.8498444 0.9507678 0.7114309 19.12518 2.741983 0 0.0
-0.004586871 -0.01548346 -3.716341 -5.882313 1.193925 1.332912 0.4076088 19.96148 2.0478 0 0.0
0.077553 -0.02769209 0.6075947 -1.199897 0.4366069 0.4702111 0.3899904 18.90056 2.146418 1 0.0
0.04308559 0.01201663 -5.702811 -6.2748 1.221821 1.264677 0.636456 19.34106 2.549234 0 0.0
0.04805973 -0.08123671 -0.1431905 -5.247342 1.48474 1.726825 0.5710569 20.21874 2.37155 0 0.0
0.04534479 -0.07116623 0.4623274 -3.102677 0.254084 0.2551898 0.2470142 17.82323 1.878117 1 0.0
0.005722414 0.006319563 -5.46374 -4.099939 1.323882 1.447862 0.7606339 19.63052 2.175764 0 0.0
-0.005257925 -0.02553936 2.600917 -0.4597128 1.850151 2.046989 0.4825824 20.22816 nan 0 0.0
0.0486058 0.02594483 -2.623898 -6.346072 1.171721 1.118031 0.2579327 16.7155 2.516589 0 0.0
0.06379702 -0.03017781 -2.587966 -4.815518 1.17915 1.317227 0.7121973 19.46382 2.062983 0 0.0
-0.06833546 -0.05126302 -6.960763 -8.139299 2.462882 2.605442 0.5718491 20.55589 1.936941 0 0.0
0.06757907 -0.02715762 -5.279669 -5.201858 1.242911 1.349111 0.6891011 19.62839 1.795549 0 0.0
0.09594288 0.01486476 -4.715664 -5.047981 1.022961 1.162273 0.3200605 19.92012 2.243876 0 0.0
0.009260476 0.009411629 -1.365706 -7.644802 1.424274 1.597102 0.283662 20.0935 nan 0 0.0
0.02695119 -0.01362931 -5.011927 -6.640848 1.930934 2.352595 0.6019655 20.44223 nan 0 0.0
0.000659306 -0.002681225 0.3016563 -4.575222 1.876271 1.855497 0.5871174 19.79566 nan 0 0.0
0.09576053 0.003281895 -1.96489 -4.373445 0.3865333 0.3941796 0.3307692 18.49896 2.918108 1 0.002951294
-0.04307977 -0.03839936 -0.2581911 -5.653953 1.380592 1.534252 0.6136052 19.61172 1.608444 0 0.0
-0.01581151 -0.0427214 -1.03019 -0.9361577 1.646544 1.52556 0.15775 20.16102 2.269505 0 0.0
-0.02898895 -0.09139125 -2.868984 -7.552268 3.056631 3.316208 0.5286391 20.65091 2.067169 0 0.0
0.02124704 0.02398006 0.9504208 -7.526884 1.730691 1.913179 0.1371608 20.47277 nan 0 0.0
-0.03914501 -0.03521848 1.208029 -4.473765 1.251988 1.308426 0.6967725 19.45598 2.086971 0 0.0
0.05305924 0.01309777 -3.314885 -5.901449 1.676922 1.821877 0.4038392 20.39219 1.450401 0 0.0
0.0861833 0.00357393 -2.429813 -6.449291 1.587126 1.800495 0.3781868 20.56022 2.575209 0 0.0
-0.005257893 -0.01515659 -3.891762 -6.673412 1.528446 1.683777 0.6192018 19.6495 2.144548 0 0.0
0.06812806 -0.02650266 0.5574078 0.03060461 1.595434 1.758958 0.7265745 19.76776 1.945335 0 0.0
0.007582949 0.007757949 -2.772257 -6.211326 1.63015 1.639527 0.09172711 20.10616 nan 0 0.0
-0.005562865 -0.002886614 0.9701052 -1.046921 1.445122 1.569391 0.7498818 19.76995 2.30452 0 0.0
-0.03868805 -0.06112063 -1.761926 -3.509803 1.97142 2.09163 0.6416898 20.01763 2.315094 0 0.0
-0.01901388 -0.0160632 -3.575886 -4.227677 1.50295 1.787631 0.2821527 20.47357 1.447491 0 0.0
0.03649715 0.02681154 -0.5309249 -4.721404 0.9087723 0.9748701 0.6808073 19.15457 2.249578 0 0.0
-0.07077572 -0.05458278 -2.917802 -7.064535 1.748135 1.81375 0.6983525 19.96302 1.787378 0 0.0
0.07230622 -0.01410902 2.061401 -0.5249446 1.3825 1.535386 0.4432901 20.31896 2.079655 0 0.0
0.09746783 0.01625363 -2.416443 -6.221462 1.442542 1.65338 0.6993316 19.78876 2.071764 0 0.0
0.042112 -0.0895548 2.932668 -2.920395 3.147582 3.55932 0.6242137 20.70228 2.175611 0 0.0
-0.03344152 -0.04946184 -2.241721 -4.876074 1.833345 1.971778 0.2469415 20.52171 1.505632 0 0.0
0.004990403 0.004807391 -1.064766 -7.16744 0.6295848 0.6527891 0.11998 18.28329 2.601103 0 0.0
0.05836618 0.01762706 -6.061958 1.973769 1.186379 1.278767 0.2975978 20.12312 2.254614 0 0.0
0.008803389 -0.07485931 -0.7097372 -5.244449 2.133548 1.987574 0.2008514 20.47389 2.009714 0 0.0
0.03524807 -0.0435315 -1.330189 -2.681295 0.9872969 1.053888 0.638273 19.13345 2.241095 0 0.0
0.04125681 -0.04088886 -2.480358 -5.653195 0.1725508 0.1591985 0.1190814 16.80881 2.819445 1 0.7659012
0.007399955 0.005430983 -3.90515 -9.232095 2.715922 3.250309 0.5534187 20.56069 nan 0 0.0
-0.06653666 -0.07285211 -5.218731 -6.557456 0.3371721 0.3093624 0.2064958 18.13251 2.710457 1 0.0
0.09377847 -0.005620525 0.03252668 -7.048233 1.672938 2.120846 0.8802357 19.50199 2.638414 1 0.0004860926
0.04479358 0.01379933 -3.719937 -4.204379 0.4975483 0.5014061 0.2977837 18.82451 2.632355 0 0.0
-0.001384243 0.005874784 -4.539975 -5.06571 1.258279 1.405023 0.6779891 19.37201 nan 0 0.0
-0.0003472211 -0.0007781678 -0.4756504 -6.644086 1.414432 1.4426 0.5848962 19.3559 nan 0 0.0
0.006912052 -0.0215673 -3.094729 -4.898381 1.323967 1.516411 0.6154446 20.07925 1.81374 0 0.0
0.06669405 -0.0146625 -7.588595 -2.98951 1.379153 1.483404 0.7753984 19.59607 nan 0 0.0
-0.02697475 -0.02232778 4.665268 4.46801 1.692411 2.00398 0.7633449 20.0186 2.455263 0 0.0
0.0002627948 -0.0002515011 -2.529148 -6.146717 0.1145118 0.1113642 0.2399169 16.27745 2.822565 1 0.9395662
-0.01187658 -0.008537221 -3.798831 -7.535188 1.123095 1.225076 0.6267583 19.2537 2.535524 0 0.0
0.0003542971 0.0002705164 -4.38168 -9.7189 0.9111591 0.9939731 0.6790625 19.04216 nan 0 0.0
0.05751527 -0.07701045 -0.1991604 -1.615737 1.954518 2.43616 0.802853 19.90161 2.138849 0 0.0
0.01307305 0.01029011 -4.220103 -6.490127 0.2552043 0.2407946 0.2783219 17.06622 nan 0 0.0
0.04644319 -0.08416882 -3.116992 -7.805972 0.8049078 0.7372303 0.1035207 18.27007 2.162647 0 0.0
0.05629502 -0.07172237 -1.872818 -6.832232 0.9532921 1.0523 0.6634679 19.3316 2.300861 0 0.0
-0.06629173 -0.04822302 6.684103 1.000397 1.502989 1.513185 0.2455282 20.37445 1.47163 0 0.0
0.05916082 -0.02991095 -0.1265463 1.638722 1.115289 1.307941 0.3866922 20.19629 1.263744 0 0.0
0.01142654 -0.07064393 -3.050048 -4.019822 0.2649063 0.2391442 0.1510087 17.77232 2.76866 1 0.0
-0.02316207 -0.01957052 -2.55455 -5.692072 0.924512 0.9921426 0.7020093 19.23671 2.52647 0 0.0
0.02847691 -0.05461296 -5.928617 -17.18428 1.242862 1.494858 0.6523251 19.67009 1.812912 0 0.0
-0.01632974 -0.01179017 -3.435995 -6.520423 1.323807 1.482252 0.3094517 20.27016 nan 0 0.0
0.07413829 -0.06197611 -4.678125 -6.036581 1.343813 1.218109 0.5595747 19.37736 2.658403 0 0.0
-0.0305439 -0.05163949 -9.956911 -11.48402 0.7965009 0.7490062 0.1323036 18.88079 2.062737 0 0.0
0.07236837 -0.04186082 -2.937026 -3.385383 1.649688 1.805966 0.6288333 19.58887 2.623291 0 0.0
-0.03170251 -0.02652816 -5.228961 -7.115885 1.580803 1.729103 0.7173007 19.77009 nan 0 0.0
0.03244191 -0.04257836 2.048025 -1.463385 1.364261 1.494785 0.3195257 20.38843 1.911913 0 0.0
0.009107988 0.006586129 -0.6095471 -0.9593016 1.49949 1.655405 0.4027327 20.16529 2.332781 0 0.0
0.002214969 -0.09944788 3.325857 2.107732 1.992503 2.184629 0.4699208 20.54996 1.662127 0 0.0
0.0463517 -0.08479181 -2.718386 -5.462925 0.7200264 0.8062487 0.4870978 19.12972 nan 0 0.0
0.03671071 0.0241471 -1.774465 -3.672317 1.356228 1.446603 0.4124119 19.9911 1.882137 0 0.0
-0.03551565 -0.05068727 -5.473787 -6.823257 1.880339 2.049529 0.6359668 19.87744 2.058727 0 0.0
-0.04667969 -0.06711237 -0.2262023 -2.382892 0.9457585 0.9672813 0.6637994 19.19814 2.904762 1 0.005859764
-0.01825206 -0.08458432 -6.472491 -12.74562 1.964165 2.122806 0.6255191 19.97403 1.962336 0 0.0
0.004685392 0.006182111 -2.617653 -6.237806 0.1668024 0.1676603 0.277563 17.3119 2.636772 0 0.0
0.01807539 -0.01277506 -1.963016 -6.707205 2.290848 2.480128 0.4088754 20.59872 1.549128 0 0.0
0.03841908 0.008920293 1.645034 -8.171061 1.737125 1.857639 0.3799618 20.36205 2.37866 0 0.0
0.05998432 -0.02894437 -2.353418 -7.592396 0.7100544 0.728686 0.4407997 19.06412 2.298912 0 0.0
0.03109913 -0.002182173 -2.620618 -6.978518 1.216417 1.383732 0.5008176 20.19726 2.262642 0 0.0
-0.001018235 0.004661948 -6.487116 -13.54789 2.928023 3.234382 0.1782871 20.56672 nan 0 0.0
-0.02212535 -0.0452382 2.216595 1.609937 1.957018 2.045329 0.265855 20.56059 2.394712 0 0.0
-0.04277522 -0.05770912 -1.329168 1.530721 1.91889 2.000431 0.03612027 20.46886 nan 0 0.0
-0.0778827 -0.05642294 0.3345944 -3.013684 1.210152 1.330704 0.5940803 19.62684 2.390779 0 0.0
0.006210444 0.001093072 -3.769909 -5.83933 0.7100665 0.6609049 0.3182692 18.50762 2.524164 0 0.0
0.003282365 0.003977213 -3.944277 -8.785059 2.964884 3.290731 0.5968081 20.45229 nan 0 0.0
0.03717068 -0.09208418 -0.8350957 -2.337609 0.8954687 1.005037 0.6761019 19.25582 1.935562 0 0.0
0.0404932 0.005504637 -1.921142 -3.190295 1.125605 1.258046 0.7008232 19.51295 2.259371 0 0.0
0.02588418 -0.04929221 4.627731 -3.26242 1.682689 1.701146 0.6300945 19.71069 2.013895 0 0.0
0.007796426 0.0138629 0.7730234 0.3136677 0.4846441 0.4884813 0.2575137 18.56279 2.251375 0 0.0
0.004380387 0.005488551 -3.116597 -6.096358 0.3791555 0.3941019 0.3206908 18.63131 nan 0 0.0
0.01914347 -0.06288323 -2.365481 -5.185971 0.1733507 0.1683021 0.2309801 16.7724 3.383743 1 0.00588161
0.07215138 0.04143034 -3.564054 -6.570042 1.197543 1.252933 0.3876872 20.0185 2.001038 0 0.0
0.05989072 0.03146588 -2.816337 -4.956761 1.094835 1.269913 0.4394133 20.14952 1.612602 0 0.0
0.07239431 0.06620668 -0.1176153 -2.862557 0.3066517 0.3203916 0.2902118 18.34905 2.111353 1 0.0
0.06376327 0.05718876 -3.998247 -7.159445 0.3209431 0.333112 0.287577 18.30349 2.474701 1 0.005449312
0.0536991 0.03381422 0.7717658 -2.549315 2.477796 2.856989 0.678307 20.65714 1.796619 0 0.0
0.05836594 0.02470321 0.6594973 -4.441739 1.1617 1.197258 0.7118018 19.35039 1.920296 0 0.0
0.06458734 0.04230635 -2.044701 -4.45916 1.648712 2.00461 0.4713742 20.47025 nan 0 0.0
0.08712853 0.009320819 -4.610609 -7.402382 1.351909 1.390852 0.7062757 19.68522 2.405315 0 0.0
0.06782121 0.0205658 -1.955146 -4.386319 0.3047865 0.2937855 0.2404952 18.2518 2.300707 1 4.070603e-05
0.07367536 0.06471507 -2.572182 -4.623189 0.3154259 0.3267992 0.2620721 18.22247 2.699812 0 0.0
0.05077132 0.02601856 7.011982 -0.03760712 1.522115 1.657391 0.3907122 20.44727 1.940008 0 0.0
0.04055333 0.04201987 -3.150713 -5.351616 2.692987 3.266559 0.7558983 20.78067 1.287386 0 0.0
0.05458341 0.04001754 1.732321 -0.3926756 0.9626146 1.010909 0.7091578 19.27475 nan 0 0.0
0.09225236 0.01418542 -5.909053 -8.470813 1.468797 1.564738 0.708692 19.92556 2.850555 1 0.2541479
0.06385562 0.03489615 0.7604998 -2.971801 1.857803 1.996529 0.4239618 20.56417 0.8435402 0 0.0
0.06678261 0.06053853 -3.046147 -5.323453 1.379588 1.385917 0.2537063 20.2439 1.956049 0 0.0
0.09148926 0.02514524 -5.035657 -5.018643 1.587624 1.728262 0.7074697 19.86949 2.063931 0 0.0
0.06598961 0.06079611 -4.395655 -5.463302 1.623144 1.753113 0.266919 20.39797 nan 0 0.0
0.09292266 0.02734413 -2.44473 -9.73642 2.335988 3.037394 0.5311377 20.64062 nan 0 0.0
0.04204794 0.03780026 -3.471595 -5.860273 0.1638012 0.1525965 0.2072698 16.80722 2.626753 1 0.2759472
0.06531864 0.06025631 2.481945 -6.064631 0.4245342 0.4201224 0.1914526 18.72178 1.858084 1 0.0
0.08057091 0.009021762 -1.234183 -3.335803 0.7815293 0.7685396 0.6213916 19.04208 2.778118 0 0.0
0.0805099 0.009393454 1.711102 -0.8193552 1.735682 1.79499 0.4049587 20.25235 nan 0 0.0
0.06559304 0.06284053 -0.2879844 -3.553161 0.557627 0.5586815 0.2027832 18.976 2.490522 0 0.0
0.08499153 0.04835054 0.3573075 -0.9142726 1.380958 1.42651 0.2654916 20.04363 1.992409 0 0.0
0.04982539 0.04019359 -6.159522 -9.434916 3.273369 3.616595 0.6579054 20.76732 2.134371 0 0.0
0.08773845 0.01110732 1.772522 -2.159125 1.835775 2.013038 0.5766001 20.41824 1.713987 0 0.0
0.05232648 0.03736828 -3.781782 -4.036507 1.192828 1.279655 0.4112158 20.14227 1.724947 0 0.0
0.05135083 0.02574201 -1.882028 -2.689218 1.11484 1.189247 0.448827 19.94651 2.36986 0 0.0
0.06385462 0.06123257 -1.050413 -2.863988 1.452397 1.600324 0.3185095 20.32871 1.842321 0 0.0
0.04332885 0.04155931 -4.050776 -6.638714 0.08829942 0.08668362 0.2496631 15.95224 2.442085 1 0.0
0.08182109 0.01639599 -6.373845 -8.541122 2.178089 2.650504 0.5254228 20.75061 2.254307 0 0.0
0.03979092 0.03816963 -2.536397 -5.529481 0.160632 0.1508668 0.2332743 16.91169 2.565749 1 0.6430524
0.07810064 0.003065953 -3.373397 -5.579465 0.1731637 0.1656621 0.1046061 16.95124 nan 0 0.0
0.07803754 0.04872286 -3.938445 -15.32578 0.3859159 0.3940334 0.2702183 18.49026 1.844242 0 0.0
0.06196422 0.04543859 -4.25976 -7.285121 1.093586 1.235146 0.4426361 20.00959 2.002916 0 0.0
0.07160163 0.05892105 -0.4221543 6.87874 2.253615 2.394319 0.3202641 20.15572 1.564095 0 0.0
0.05260129 0.02766549 -5.118988 -9.222625 1.238641 1.274027 0.7312554 19.39971 nan 0 0.0
0.08123994 0.05067196 -0.9478025 -7.41042 1.590545 1.71407 0.5963326 20.10368 1.854483 0 0.0
0.0659295 0.03804145 1.483785 -1.796898 1.436128 1.421203 0.6990026 19.43277 2.096766 0 0.0
0.06931423 0.0570514 -3.489962 -7.787857 2.589157 3.105869 0.7200501 20.59458 nan 0 0.0
0.0446711 0.03214003 -4.125874 -5.446472 2.903785 3.361595 0.567969 20.73272 nan 0 0.0
0.04622648 0.0367121 -0.001631102 -5.046854 1.384171 1.47489 0.3478947 20.08102 2.058651 0 0.0
0.08060151 0.006890659 -1.692477 -5.241159 1.753479 2.172175 0.5239955 20.56456 2.542528 0 0.0
0.07620913 0.01344709 0.5786221 0.9142334 0.4731721 0.4997655 0.300254 18.83052 2.677824 1 0.0
0.07989997 0.007483216 -1.474472 -3.324646 0.297509 0.3173494 0.4516966 17.72488 nan 0 0.0
0.0687652 0.05781897 -2.030043 -5.774428 1.552498 1.707984 0.3362902 20.50246 1.392206 0 0.0
0.06336696 0.05235421 -1.222804 -3.602508 1.284199 1.336038 0.7371647 19.60771 2.078928 0 0.0
0.07806779 0.05410492 -0.9615231 -3.96537 0.2227724 0.2183725 0.1452335 17.70137 2.378889 1 0.0
0.05071018 0.03062242 -0.5175116 -4.581713 1.23177 1.301661 0.6715297 19.29801 2.320438 0 0.0
0.05763312 0.04869321 -4.61128 -5.020091 1.24255 1.383914 0.4324264 20.23983 nan 0 0.0
0.0685516 0.06051047 1.946599 -0.3099188 0.6937789 0.7005155 0.3591268 19.08273 2.365484 0 0.0
0.05308875 0.04502917 -2.851229 -5.050777 0.1820295 0.1800158 0.2839765 17.21339 3.27625 1 0.002181864
