scripts/get_globular_clusters/output/NGC_6715_M_54.csv
# %ECSV 0.9
# ---
# datatype:
# - {name: x, unit: deg, datatype: float64}
# - {name: y, unit: deg, datatype: float64}
# - {name: pmx, unit: mas / yr, datatype: float64}
# - {name: pmy, unit: mas / yr, datatype: float64}
# - {name: pmx_e, unit: mas / yr, datatype: float64}
# - {name: pmy_e, unit: mas / yr, datatype: float64}
# - {name: pm_corr, datatype: float64}
# - {name: g_mag, unit: mag, datatype: float64}
# - {name: bp_rp, unit: mag, datatype: float64}
# - {name: filter, datatype: int64}
# - {name: memberprob, datatype: float64}
# meta: !!omap
# - comments: [deg deg mas/yr mas/yr mas/yr mas/yr dimless mag   mag   zeroone float]
# - __serialized_columns__:
#     bp_rp:
#       __class__: astropy.units.quantity.Quantity
#       unit: &id001 !astropy.units.Unit {unit: mag}
#       value: !astropy.table.SerializedColumn {name: bp_rp}
#     g_mag:
#       __class__: astropy.units.quantity.Quantity
#       unit: *id001
#       value: !astropy.table.SerializedColumn {name: g_mag}
#     pm_corr:
#       __class__: astropy.units.quantity.Quantity
#       unit: !astropy.units.Unit {unit: ''}
#       value: !astropy.table.SerializedColumn {name: pm_corr}
#     pmx:
#       __class__: astropy.units.quantity.Quantity
#       unit: !astropy.units.Unit {unit: mas / yr}
#       value: !astropy.table.SerializedColumn {name: pmx}
#     pmx_e:
#       __class__: astropy.units.quantity.Quantity
#       unit: !astropy.units.Unit {unit: mas / yr}
#       value: !astropy.table.SerializedColumn {name: pmx_e}
#     pmy:
#       __class__: astropy.units.quantity.Quantity
#       unit: !astropy.units.Unit {unit: mas / yr}
#       value: !astropy.table.SerializedColumn {name: pmy}
#     pmy_e:
#       __class__: astropy.units.quantity.Quantity
#       unit: !astropy.units.Unit {unit: mas / yr}
#       value: !astropy.table.SerializedColumn {name: pmy_e}
#     x:
#       __class__: astropy.units.quantity.Quantity
#       unit: &id002 !astropy.units.Unit {unit: deg}
#       value: !astropy.table.SerializedColumn {name: x}
#     y:
#       __class__: astropy.units.quantity.Quantity
#       unit: *id002
#       value: !astropy.table.SerializedColumn {name: y}
# schema: astropy-2.0
x y pmx pmy pmx_e pmy_e pm_corr g_mag bp_rp filter memberprob
[from data line 3810]
-0.05832232 -0.01967089 -2.630815 -5.368321 0.627888 0.5450438 0.4466759 19.00086 1.258974 0 0.0
0.07661956 -0.0594289 -2.668072 -1.557585 0.1756534 0.1633117 0.2857004 17.08019 1.502352 1 0.9943019
0.001868126 0.01922024 -3.199526 -1.329504 0.1529449 0.1324574 0.2015374 16.67656 1.294583 0 0.0
0.07565664 -0.01329892 2.578879 0.0553617 3.349959 3.147041 0.1225687 20.67934 1.308113 0 0.0
-0.01975623 0.02450543 -2.296348 -1.547633 0.4432306 0.3920076 0.5273991 18.50292 1.037495 0 0.0
0.04239135 -0.07287575 -2.685976 -4.142459 2.200906 1.931752 0.6196653 20.37405 1.476679 0 0.0
-0.09194082 0.02221335 -3.430866 0.7548607 2.27028 2.563887 0.423663 20.61594 0.5278931 0 0.0
0.0456589 0.001694371 -3.530941 -8.433537 0.8547512 0.8232799 0.410363 19.58016 1.022249 0 0.0
0.01246649 -0.002896245 -2.678232 -1.453635 0.07618234 0.07180779 0.266486 14.65865 1.713647 0 0.0
0.001973286 0.01611508 -6.623967 -7.855074 0.5161118 0.4887651 0.397065 16.1603 1.340951 0 0.0
-0.04610175 -0.005528968 -1.087697 -0.3543246 0.8686068 0.7433308 0.4712104 19.48173 1.036627 0 0.0
-0.02605644 -0.02594352 -1.554971 -0.3031443 0.3364271 0.2952398 0.2457771 18.11472 1.249865 0 0.0
0.02611128 -0.02068879 -2.963126 -1.298519 0.4643604 0.4493045 0.4365382 18.49583 nan 0 0.0
-0.08717521 -0.01177695 1.188164 -1.58842 0.7068467 0.6182331 0.4920373 19.29019 1.784908 0 0.0
-0.03194151 0.04000512 -2.778612 -1.529603 0.308825 0.2796364 0.3811222 18.00272 1.108089 0 0.0
-0.05569584 -0.01435166 -2.487491 -1.201772 0.3419646 0.2896687 0.4185002 18.10627 1.215288 1 0.9937858
0.02732125 -0.01922619 -1.716324 -0.1686116 0.5105521 0.6851335 0.8435285 17.80466 1.272861 0 0.0
0.049738 0.006481725 -3.927384 -3.858858 0.4347852 0.4144444 0.343544 18.54912 0.9875221 1 3.655231e-05
-0.06650277 0.06129464 -3.777869 -5.562871 1.717445 1.765554 0.2214534 20.43438 1.122454 0 0.0
-0.08916223 0.03303633 -4.481548 -7.971761 1.965387 2.098469 0.3856267 20.43869 1.089817 0 0.0
-0.04864377 0.0819179 -3.868833 -1.281925 0.7280414 0.7055526 0.3777954 19.37527 1.112711 0 0.0
-0.01086163 -0.00056718 1.261832 -1.430029 0.8690359 0.7969601 0.3906192 17.70321 nan 0 0.0
0.02531122 -0.06371072 -2.240225 -1.561835 0.7155002 0.6681632 0.4492119 19.24748 0.9775715 0 0.0
-0.05613456 -0.07426553 -0.4355386 -1.613395 1.650209 1.399369 0.5547561 20.10973 0.9669952 1 0.6065723
-0.05230108 0.07905498 -3.322944 -1.333065 0.7139469 0.7005601 0.4126846 19.37195 1.158386 1 0.9528641
0.05179095 0.009070835 1.858232 -5.401191 0.9337724 0.8969152 0.4039481 19.70029 1.116022 0 0.0
0.004259114 -0.04541606 -2.520978 -1.446825 0.5494957 0.5250309 0.3521094 18.74236 1.052986 0 0.0
0.003469296 -0.0781957 -4.303947 -1.704983 2.714719 2.279166 0.5896103 20.39795 0.7209339 0 0.0
-0.05256796 -0.01172922 -2.908846 -2.009701 0.2763837 0.2427344 0.4151279 17.83433 0.929348 1 0.9461242
-0.02977502 0.01068604 -3.097727 -1.285043 0.3902097 0.3214857 0.318474 18.11997 0.8862724 0 0.0
0.06914582 -0.0720118 -2.648155 -6.34434 0.4981958 0.4637203 0.3323837 18.75178 0.949852 1 0.0
-0.08359116 -0.05121206 -1.343459 -1.272407 0.5575539 0.4798622 0.4819738 18.91501 1.048977 1 0.6843005
0.001235924 -0.04884348 -1.389394 -1.690945 1.477289 1.352649 0.3066226 19.99083 0.9210148 0 0.0
0.05414956 -0.006490601 -1.878105 -5.832408 0.2102182 0.199272 0.2938262 17.41366 1.265524 0 0.0
0.01033623 -0.002745315 2.489642 3.695366 0.9722489 1.305285 0.8714668 17.70521 nan 0 0.0
-0.09008466 0.03476354 0.4971009 -4.861176 1.278503 1.267401 0.4199168 20.09861 1.281065 0 0.0
-0.0003941029 0.0039691 -0.2541548 0.03028638 0.6114812 0.5524025 0.09039648 15.62197 0.8794422 0 0.0
0.003419469 -0.0005170431 -3.994212 -3.158546 0.6326875 0.5793511 0.2461345 15.20704 nan 0 0.0
-0.04107632 -0.01103133 -4.100782 -2.84391 0.6488591 0.5475044 0.4091629 19.12712 1.244087 0 0.0
-0.035849 0.004946693 1.717819 -4.287206 2.091993 1.935557 0.6251131 20.11723 0.786499 0 0.0
-0.02002543 -0.07345604 -0.6701814 -6.868833 1.033017 1.012612 0.4758509 19.57384 1.101856 0 0.0
0.009725319 -0.06286678 5.076188 -1.128737 2.239329 2.439856 0.6480006 20.21568 nan 0 0.0
0.04078119 -0.02701097 -2.64082 -3.954114 0.3495821 0.3927573 0.5668772 18.02341 1.203121 0 0.0
0.01075745 0.001086503 -4.177867 -0.9250098 0.6267524 0.6967802 0.4890137 18.10905 nan 0 0.0
0.04287489 -0.04912567 -5.041484 -6.708903 3.046504 2.673739 0.6220308 20.61226 1.144339 0 0.0
0.09175628 -0.03488679 -2.199273 -2.689022 0.1660775 0.1563772 0.3765767 16.69906 1.020855 1 0.0
0.02006213 -0.02705981 -3.319055 -1.922157 0.4765476 0.4447219 0.4314248 18.61746 0.3699532 0 0.0
0.004444788 -0.009166911 -3.3718 -0.7745494 0.60735 0.5780762 0.5010621 18.07222 nan 0 0.0
-0.07737472 -0.001198138 -2.760738 -1.431243 0.1757967 0.1540267 0.3649431 17.02284 1.520451 1 0.9977482
-0.04123264 -0.01448369 -6.043209 -4.104492 2.479001 1.906452 0.4794793 20.22897 0.8372173 0 0.0
-0.02247964 -0.02976114 -5.394707 -1.241725 1.989646 1.450572 0.1063291 19.93529 0.8983593 0 0.0
-0.03505987 0.004756245 -1.097943 -1.348137 1.110753 0.9414345 0.348869 19.70357 1.11187 0 0.0
-0.04034628 -0.05921446 -1.491137 -4.68277 0.498921 0.4535446 0.4009594 18.83149 1.049685 0 0.0
-0.06104932 -0.07375542 -0.2989933 -7.946559 1.643175 1.493546 0.5690424 20.00188 0.6899681 0 0.0
-0.07995871 -0.02520422 -1.914025 -3.206129 0.5916739 0.567213 0.4823696 18.54933 0.9920063 0 0.0
-0.08879715 0.03660341 -3.31565 -2.298731 1.371149 1.339871 0.4856791 20.04668 nan 0 0.0
-0.06313726 0.06604618 0.6608273 -4.945773 0.3539516 0.3185977 0.1862772 18.31958 0.906908 1 0.0
0.04077167 0.01303764 -4.409421 -8.174558 2.715008 2.424236 -0.1134798 20.35415 0.5766201 0 0.0
-0.060234 0.0101112 -6.548549 -5.907854 2.25941 1.983509 0.6788774 20.28745 0.6110191 0 0.0
-0.06465107 -0.07179318 2.949587 -7.555642 0.1753772 0.1449726 0.3438423 16.96001 1.240002 1 0.0
-0.02537042 -0.03506619 -3.874524 -7.122338 1.975172 1.379485 -0.09197956 20.12132 1.190308 0 0.0
0.01958723 -0.03512779 -3.263921 -6.442085 0.6486626 0.6648248 0.3535266 19.15212 nan 0 0.0
-0.02121913 -0.02272656 -2.798488 -1.23895 0.148755 0.1313542 0.1641388 16.53734 1.385342 1 0.9984055
-0.01109121 -0.06297373 -2.44447 -1.687082 1.282244 1.223765 0.4630581 19.97614 1.192202 0 0.0
-0.03625991 -0.02165144 -3.964207 -2.166019 0.65443 0.5918032 0.3841323 19.02262 1.243986 0 0.0
0.01727446 -0.0303628 -1.934893 -2.625803 1.369758 1.32535 0.3982742 19.81979 0.5827618 0 0.0
-0.008045903 -0.01974339 -2.173557 -1.729604 0.7374835 0.6578176 0.06501069 18.76793 1.081116 0 0.0
0.01536297 0.01933349 -2.731459 -1.313001 0.5053343 0.4108237 -0.2759575 18.307 1.072748 0 0.0
0.01328398 0.01321121 -1.870987 -0.960517 0.5999914 0.4625003 -0.4601385 17.92944 0.6663952 0 0.0
0.01251479 -0.03629774 1.941323 1.803539 1.824242 1.506506 0.04003965 20.28848 nan 0 0.0
0.0176873 -0.07339645 -1.10761 -5.56904 0.7874317 0.7573011 0.3853322 19.25899 1.242283 0 0.0
0.01010572 0.05690512 -3.484098 -0.2132746 1.460047 1.421484 0.5928558 19.9983 1.311077 0 0.0
-0.08816658 0.03757673 -2.161082 -4.562095 0.5325477 0.5016378 0.2841409 18.89591 0.9878597 1 0.0
-0.02152384 0.04729596 4.218811 -4.460107 0.2544088 0.2281093 0.3435429 17.67844 1.0844 1 0.0
0.08409942 -0.04200764 -2.021955 -1.361817 0.293567 0.2746229 0.2790227 17.85273 1.397688 1 0.9238184
-0.06486032 -0.07327914 -3.455468 -6.519535 2.546398 2.058579 0.5418266 20.4128 2.015371 1 0.09005375
-0.05450366 0.01683608 -0.07212768 -4.52607 0.1858099 0.1673878 0.359413 17.02245 1.249624 1 0.0
0.04816721 0.0213503 -1.773976 -0.5519564 1.909075 1.668222 0.1838332 20.07011 0.6229992 0 0.0
0.04764249 -0.08310728 -2.695143 -1.346118 0.161901 0.1477683 0.2458873 16.86989 1.670362 1 0.9975261
-0.08367061 -0.0505293 2.912486 -5.665828 0.6649133 0.5722407 0.4798671 19.16047 nan 0 0.0
-0.04179813 0.01639604 -2.807851 -1.138823 0.1275933 0.1117136 0.219081 16.26255 1.431699 1 0.9963001
-0.004709301 0.03995493 9.05595 10.95183 1.206126 1.056681 0.2065054 19.71416 0.7971649 0 0.0
-0.02759272 0.01377278 -1.356036 -0.271047 1.13381 1.064086 0.4925302 19.69403 0.8414154 0 0.0
-0.03700107 -0.07780213 -7.578339 -4.637576 2.289132 2.024985 0.5445244 20.42262 1.007681 0 0.0
0.007546681 -0.02561035 -2.93481 -2.16831 0.8608106 1.051665 0.5009295 19.21332 0.9318562 0 0.0
-0.02958683 -0.08906057 -8.464398 -10.13131 0.8724442 0.8322346 0.5618746 19.28439 1.110056 0 0.0
0.03119561 -0.07325871 1.494146 -6.916871 1.085881 1.004282 0.3802973 19.9304 1.07505 0 0.0
-0.070246 -0.003103897 -2.571404 -1.202043 0.1114414 0.09663638 0.2886532 15.37255 2.907042 1 0.9971968
0.04628706 -0.05996287 -2.863831 -1.385857 0.167348 0.1517945 0.1350221 16.83164 1.346205 1 0.9974132
0.02372222 -0.00516236 -2.664949 1.237215 0.8230723 0.8401197 0.4100033 19.04161 nan 0 0.0
0.03248972 0.02450392 -4.450292 -0.1338844 1.201086 1.060624 0.1546306 19.7203 1.120844 0 0.0
0.06783803 -0.02538956 -4.596116 -5.95702 2.280625 2.447963 0.7043387 20.05786 1.143734 0 0.0
-0.009997264 0.03402077 -0.9839753 -6.333547 0.6731564 0.6036618 0.3483348 19.20744 nan 0 0.0
-0.01342068 0.05695431 -2.400681 -1.219126 0.3614722 0.3267628 0.3668131 18.17853 1.301077 1 0.9915683
0.05178841 0.004298649 -3.510561 -4.607795 0.4956009 0.4818342 0.4052522 18.78656 0.813715 0 0.0
0.0001055926 -0.02782449 -5.514012 -6.711875 0.7536737 0.7428512 0.4259631 19.275 1.294119 0 0.0
-0.07005281 0.05745075 -0.8374795 1.462605 2.142738 2.197681 0.2789564 20.40878 0.6194782 0 0.0
0.03600909 0.008845254 -0.03185502 -0.1938247 1.730219 1.655621 0.6047245 20.1045 1.201399 0 0.0
0.01270361 0.0003042554 9.523944 10.01471 1.111362 1.042107 0.2680105 16.86962 0.8869009 0 0.0
-0.05007852 0.0565895 -2.740466 -0.9429775 0.2758799 0.2482148 0.1433433 17.94471 1.197197 1 0.98699
-0.06998648 -0.03481529 0.874715 -7.410512 1.10645 0.9594864 0.4836561 19.85022 1.403854 0 0.0
0.04105057 -0.01173131 -5.139483 -3.779135 0.2416789 0.229187 0.3027052 17.6018 0.7620811 0 0.0
-0.02474194 -0.02524509 -2.858299 -0.9659537 0.4014971 0.3434609 0.1265046 18.22629 0.588789 0 0.0
0.01222785 -0.01835909 -2.774313 -1.991605 0.4866003 0.4539398 0.4174292 18.62337 0.3474655 0 0.0
-0.06047208 -0.07226923 -1.504429 -1.333998 0.7561138 0.6360754 0.3214575 19.30372 1.26582 1 0.8795541
0.007780003 -0.06706658 -3.976782 -6.086611 2.792706 2.206997 0.5971922 20.41994 0.9831314 0 0.0
-0.03749357 -0.02734725 -2.765427 -1.598685 0.2818968 0.2405373 0.2626518 17.90032 1.307436 1 0.994892
0.05729117 0.01400969 0.4911302 -3.888623 1.090492 1.041713 0.4067652 19.92176 nan 0 0.0
-0.01516721 -0.04977162 -1.973796 1.199975 1.393986 1.654754 0.6998346 19.7293 1.010885 0 0.0
0.05818422 0.01183288 -2.117586 -4.187441 0.828841 0.7943492 0.359598 19.35132 1.044806 0 0.0
0.03290853 0.01826865 -2.609864 -1.429122 0.2032056 0.1934085 0.3031337 17.11601 1.150463 0 0.0
-0.013012 -0.04732228 -2.306215 -1.251718 0.485253 0.4653632 0.3858959 18.70435 1.155396 0 0.0
-0.04187316 0.06863446 -1.691387 2.009662 2.069271 2.09336 0.203084 20.46863 1.1138 0 0.0
0.06009875 0.002693608 -1.420911 -8.77529 0.7627233 0.8499666 0.6712665 18.91714 1.821472 0 0.0
-0.06210497 -0.02570617 1.681531 -6.409233 1.155902 0.9960531 0.5001273 19.85598 1.169598 0 0.0
-0.08395149 0.0008010364 -2.94144 -3.96797 0.9125967 0.8102861 0.4723371 19.56902 1.156134 0 0.0
-0.06536287 -0.02942954 -2.705638 -1.138822 0.6272583 0.5406114 0.4799844 19.0245 0.1370125 0 0.0
-0.03140547 0.00955066 -2.332574 -0.9537358 0.3380237 0.2968059 0.3553954 18.02036 nan 0 0.0
-0.01966766 -0.02324503 -3.366393 -1.681788 0.4040022 0.3277172 -0.05100773 18.05436 0.8918037 0 0.0
-0.05262455 -0.004343997 -0.3011769 -5.92936 1.019904 0.8458421 0.5611729 19.59527 0.9785957 0 0.0
0.07435808 -0.02640522 -2.66154 -1.374441 0.1691234 0.1569697 0.2373754 16.79591 1.32819 1 0.9977139
0.02559543 -0.0822998 -2.636022 -1.362054 0.06537504 0.06081353 0.2334679 14.5097 1.877354 1 0.9990659
-0.0001310727 -0.006704422 -17.86064 -17.43933 1.070117 0.9354243 0.04700705 16.4662 1.020655 0 0.0
-0.02154431 0.02087346 -9.235647 -5.207614 1.472207 1.275112 0.5052798 19.78591 0.919136 0 0.0
-0.0712203 -0.001445211 -4.534098 -6.151516 2.307021 2.131401 0.6179632 20.304 1.127907 0 0.0
0.002970899 -0.04843343 -2.806207 -1.530391 1.185628 1.124158 0.3590753 19.73384 1.075985 0 0.0
-0.02577837 0.0161937 -2.757257 -0.631146 0.8226336 0.7636956 0.879967 18.24417 0.4035568 0 0.0
-0.02376569 0.06874928 1.406108 -14.59291 0.6000581 0.5402717 0.4119673 19.03216 1.080982 1 0.0
-0.01623763 -0.09371135 -0.4250563 -0.06757975 1.652282 1.474294 0.2314695 20.08571 1.060053 0 0.0
-0.01998307 -0.02385544 -3.210312 -3.97879 2.05042 1.471979 -0.2245709 19.88553 0.8195076 0 0.0
-0.07229107 0.05932786 -4.967751 -6.65446 0.5619404 0.5432869 0.3533917 19.08634 0.8584919 0 0.0
-0.008460986 -0.0844769 -3.286876 0.8810723 2.238186 1.957356 0.4768522 20.48075 0.7818565 0 0.0
0.0214022 -0.0310865 -8.31131 -5.858173 0.5772278 0.5565031 0.4302674 19.02441 0.743784 0 0.0
0.006546858 -0.03551133 -2.715247 -2.31168 2.832086 2.3726 0.02690274 20.24364 1.459126 0 0.0
0.06264812 -0.04100727 -4.070549 -4.905231 0.2842004 0.2644102 0.2483661 12.01611 4.519761 0 0.0
-0.0674481 0.02024213 -2.432955 -0.7178358 0.3889473 0.3337974 0.3901943 18.26673 0.3805561 1 0.9722116
-0.07778977 -0.00839299 -1.800144 -2.214622 2.404978 2.06491 0.6304697 20.35331 nan 0 0.0
-0.009703794 -0.006760219 -1.670344 -0.0538229 0.3293807 0.3163037 0.2647164 17.73752 0.7777042 0 0.0
0.04368484 -0.001615881 -7.579521 -9.312767 2.43189 2.422446 0.4962082 20.39968 nan 0 0.0
0.001840886 -0.03014957 -4.945138 -2.605623 0.9760073 0.9325717 0.4073988 19.24007 nan 0 0.0
-0.02434681 -0.02814034 -3.225772 -9.727723 0.6254461 0.451019 -0.241459 18.53561 1.063417 0 0.0
-0.03674276 0.003634103 -2.385195 -1.107111 0.6139117 0.5308774 0.4158635 19.05095 1.144207 0 0.0
-0.08430107 -0.05102003 -2.800275 -6.877138 0.9495015 0.8221113 0.482017 19.59398 nan 0 0.0
0.04597253 -0.002507666 -4.815723 -1.431726 0.8321089 0.7939233 0.4072751 19.54435 1.189072 0 0.0
-2.588251e-05 0.01056662 -10.84622 -1.236381 1.244844 1.149252 0.2062637 18.44599 nan 0 0.0
-0.05783573 0.002248659 -2.535468 -1.044717 0.4274567 0.3661972 0.4165688 18.35949 0.2968388 0 0.0
-0.06049854 -0.029764 -5.102724 -4.031798 2.51772 2.197549 0.6379737 20.28535 0.8315468 0 0.0
0.07752333 -0.01378867 -3.539457 -1.439655 2.36512 2.147858 0.5277745 20.36136 1.067144 0 0.0
0.0007367881 -0.006210421 -3.674786 -2.816102 0.4480243 0.4091873 0.1839974 16.74384 nan 0 0.0
0.03456195 0.007503005 -5.659978 -4.562871 0.6986814 0.6679387 0.3611633 19.22231 1.000006 0 0.0
-0.0239279 -0.02092855 -2.637372 -1.484591 0.2078434 0.1876747 0.2693155 17.18274 1.46192 1 0.9974899
0.04752493 -0.05484606 -2.481726 -6.079411 0.5529508 0.5296011 0.3750512 18.77864 1.267282 0 0.0
0.0392364 -0.01086463 -6.661443 -2.995903 1.142397 1.181662 0.5977717 19.41082 1.067739 0 0.0
-0.08275505 0.047555 -1.132175 -7.660528 1.527678 1.571956 0.2982441 20.31573 1.116302 0 0.0
-0.02825103 0.0162159 2.245263 -6.839834 0.4052976 0.3609558 0.4277481 18.46309 1.049541 0 0.0
-0.07718887 -0.003399072 -1.23047 -4.321958 0.6313646 0.554843 0.4909575 19.07358 1.043613 0 0.0
-0.009333617 -0.02754647 -1.561902 -0.6206194 2.570657 2.218871 0.3117152 20.04019 nan 0 0.0
-0.05068009 -0.05154221 -2.441376 -8.019921 0.3168859 0.2733416 0.3158328 18.06821 1.191154 1 0.0
-0.03306298 0.01078798 -2.945184 -1.613217 0.4368009 0.3825979 0.4473115 18.51862 1.184742 0 0.0
-0.08335833 -0.04684213 -4.113502 -8.098475 0.673849 0.5732764 0.565227 18.96234 0.9283676 1 0.0
0.03611891 0.02127541 -3.007663 -1.598311 0.2645099 0.2511092 0.3169115 17.77384 1.210562 0 0.0
0.03475092 0.02109089 -2.953132 -1.271883 0.2506003 0.2373376 0.2938363 17.58657 1.203436 0 0.0
-0.01306971 -0.009118095 -2.577184 -0.4774052 0.317416 0.2833075 0.1507027 17.71286 1.08285 0 0.0
0.0007627374 -0.05076226 -4.26657 -2.45876 0.8235909 0.7391218 0.2576661 19.33417 1.271023 0 0.0
0.008255203 -0.04214521 -4.845102 -5.700653 0.4948538 0.4679036 0.4640341 18.54829 1.068655 0 0.0
