scripts/get_globular_clusters/output/NGC_6362.csv
# %ECSV 0.9
# ---
# datatype:
# - {name: x, unit: deg, datatype: float64}
# - {name: y, unit: deg, datatype: float64}
# - {name: pmx, unit: mas / yr, datatype: float64}
# - {name: pmy, unit: mas / yr, datatype: float64}
# - {name: pmx_e, unit: mas / yr, datatype: float64}
# - {name: pmy_e, unit: mas / yr, datatype: float64}
# - {name: pm_corr, datatype: float64}
# - {name: g_mag, unit: mag, datatype: float64}
# - {name: bp_rp, unit: mag, datatype: float64}
# - {name: filter, datatype: int64}
# - {name: memberprob, datatype: float64}
# meta: !!omap
# - comments: [deg deg mas/yr mas/yr mas/yr mas/yr dimless mag   mag   zeroone float]
# - __serialized_columns__:
#     bp_rp:
#       __class__: astropy.units.quantity.Quantity
#       unit: &id001 !astropy.units.Unit {unit: mag}
#       value: !astropy.table.SerializedColumn {name: bp_rp}
#     g_mag:
#       __class__: astropy.units.quantity.Quantity
#       unit: *id001
#       value: !astropy.table.SerializedColumn {name: g_mag}
#     pm_corr:
#       __class__: astropy.units.quantity.Quantity
#       unit: !astropy.units.Unit {unit: ''}
#       value: !astropy.table.SerializedColumn {name: pm_corr}
#     pmx:
#       __class__: astropy.units.quantity.Quantity
#       unit: !astropy.units.Unit {unit: mas / yr}
#       value: !astropy.table.SerializedColumn {name: pmx}
#     pmx_e:
#       __class__: astropy.units.quantity.Quantity
#       unit: !astropy.units.Unit {unit: mas / yr}
#       value: !astropy.table.SerializedColumn {name: pmx_e}
#     pmy:
#       __class__: astropy.units.quantity.Quantity
#       unit: !astropy.units.Unit {unit: mas / yr}
#       value: !astropy.table.SerializedColumn {name: pmy}
#     pmy_e:
#       __class__: astropy.units.quantity.Quantity
#       unit: !astropy.units.Unit {unit: mas / yr}
#       value: !astropy.table.SerializedColumn {name: pmy_e}
#     x:
#       __class__: astropy.units.quantity.Quantity
#       unit: &id002 !astropy.units.Unit {unit: deg}
#       value: !astropy.table.SerializedColumn {name: x}
#     y:
#       __class__: astropy.units.quantity.Quantity
#       unit: *id002
#       value: !astropy.table.SerializedColumn {name: y}
# schema: astropy-2.0
x y pmx pmy pmx_e pmy_e pm_corr g_mag bp_rp filter memberprob
[from data line 18960]
-0.1152319 0.01981828 -5.509857 -4.342928 0.3179412 0.446699 0.02571529 19.19992 0.8181858 1 0.9891767
-0.1016956 -0.1144608 -5.683151 -6.037864 0.1684064 0.2430408 -0.1304149 18.2948 1.032648 1 0.001828383
-0.09224284 0.01310338 -6.591034 -5.620613 1.431758 1.934503 0.3825771 20.65904 0.6713123 0 0.0
-0.1127183 0.0171445 -5.533732 -3.438065 0.3854612 0.5595165 -0.01371164 19.57564 0.8106289 0 0.0
-0.09085571 -0.007544301 -5.894762 -5.346317 0.4414531 0.5930489 0.1710818 19.51833 0.8506851 0 0.0
-0.09289675 0.1285878 -9.031669 -8.74558 1.1187 1.481606 0.2586948 20.56879 1.60931 0 0.0
-0.09277323 -0.0007766073 -5.753595 -4.607634 0.4219193 0.5891945 0.02659702 19.64639 0.8061066 0 0.0
-0.0777658 0.08088053 -5.459027 -4.587478 0.1043407 0.1498433 -0.08067855 17.52844 1.032709 1 0.998261
-0.09263308 -0.009427868 -5.154853 -4.741095 0.958037 1.001584 0.2966068 20.11294 nan 0 0.0
-0.07587277 0.010032 -5.079344 -4.888006 0.457797 0.6258414 0.05238593 19.76509 0.7766018 0 0.0
-0.08581333 0.07063005 2.217771 0.8766659 0.1804063 0.2510987 -0.01544245 18.41164 0.7052841 1 0.0
-0.09258272 0.06174745 -4.9541 -3.919353 0.3421359 0.4707367 -0.02907791 19.35231 0.7992001 1 0.9150926
-0.1771625 0.0256254 -1.702459 -4.220603 0.6677607 0.8587695 0.2710811 19.88425 1.052347 1 1.060995e-05
-0.1708423 0.06891514 -1.919097 -1.016759 0.3360891 0.4881532 -0.04489532 19.4099 0.749979 1 0.0
-0.1834396 0.01123514 -1.820717 -7.543951 0.284682 0.4071723 -0.06037602 19.08594 1.033865 1 0.0
-0.1364563 -0.0246726 -5.320111 -6.090999 0.8129794 1.324687 0.02699183 20.40939 0.9186249 0 0.0
-0.08407259 0.07807482 -5.740394 -9.459156 2.163756 3.534469 0.02746262 20.90655 0.972908 0 0.0
-0.08009152 0.05468115 -5.440197 -7.83593 1.095457 1.455815 0.2583706 20.44001 0.8712635 0 0.0
-0.1157601 0.09842226 -0.9565056 -6.031287 0.3052107 0.4447443 -0.09270103 19.26997 1.747795 1 0.0
-0.09475266 0.06135762 -5.273454 -5.63426 0.4042991 0.5671885 0.05031841 19.44987 1.064003 1 0.9638947
-0.08104982 0.05949215 -5.27102 -3.346974 1.206559 1.508067 0.315953 20.5162 0.8436604 0 0.0
-0.07812123 0.05027012 -6.167084 -3.726627 1.140556 1.502137 0.2442196 20.49506 0.7769032 0 0.0
-0.1268276 0.02108802 -1.379194 -4.028495 0.4017739 0.5613252 0.02674864 19.64183 1.980366 1 0.0
-0.09038587 -0.06960046 -3.87385 -4.662672 0.915901 1.345769 0.2537762 20.46207 0.7654591 0 0.0
-0.1093664 -0.02101042 -6.972172 -6.847508 0.9065586 1.411372 0.1683664 20.43883 0.8677158 0 0.0
-0.1070005 0.02225922 -1.798774 -1.810989 2.905852 3.788869 0.5270945 20.85435 1.008223 0 0.0
-0.184438 -0.06396991 2.467108 -7.040331 1.054607 1.473621 0.09761321 20.35834 1.913034 1 0.0
-0.1031 0.00415612 -1.276728 -11.38038 1.202115 1.584702 0.1929905 20.60206 1.307932 0 0.0
-0.07706926 0.06076395 -5.325821 -5.55193 1.915283 2.318422 0.3424525 20.922 1.313995 0 0.0
-0.1028412 0.0161431 -1.45065 -9.049789 0.4808932 0.6747182 -0.001132239 19.80913 0.9310932 1 0.0
-0.191702 0.05645315 -1.376738 -7.720948 0.1831594 0.2730489 -0.1500413 18.50164 1.420267 1 0.0
-0.09680275 0.1632941 -3.055441 -9.649417 1.561954 2.227058 0.04146766 20.85882 1.217785 0 0.0
-0.08748038 0.01322019 -3.479374 -3.236785 0.2166562 0.3221273 -0.07602535 18.69381 0.7428474 1 0.0
-0.07712512 -0.00423899 -4.069092 -4.362595 1.12194 2.071565 0.09331576 20.65339 0.7597942 0 0.0
-0.09071761 0.1249033 2.896535 -15.57018 1.336437 1.77396 0.1338319 20.73903 1.494028 0 0.0
-0.08532921 0.07552985 -5.585592 -5.033003 0.1919819 0.2661376 -0.01881517 18.52662 0.7782326 1 0.9956593
-0.1433058 -0.0002594954 -6.448482 -5.182617 0.5044566 0.5755953 0.08172956 19.33368 0.9381027 1 0.9192439
-0.1295909 0.05909123 -5.377297 -5.35546 0.4385842 0.6052765 -0.07696414 19.69592 0.8108387 1 0.9663081
-0.07329079 0.08969876 -9.543031 -7.069203 0.1222319 0.1764158 -0.07673393 17.75181 1.113285 1 0.0
-0.08258636 -0.0008160894 2.06737 -0.8837116 0.4814318 0.6995686 0.1597218 19.69376 1.525053 0 0.0
-0.1118666 -0.0177259 -6.201183 -3.99493 0.4518575 0.6499059 0.007532138 19.83882 0.926857 0 0.0
-0.08242094 0.07687502 -3.038497 -2.327445 1.827051 2.202612 0.1526837 20.78584 0.9273586 0 0.0
-0.1595182 0.1185307 -2.303548 -3.912291 0.3160174 0.4392825 -0.06885334 19.27289 0.9885674 1 0.0
-0.1833499 0.02301593 -2.008735 -7.959571 0.2423661 0.354376 -0.2117808 18.20001 1.134136 1 0.0
-0.1361991 -0.05559357 -5.578231 -5.497939 0.4313685 0.6623988 -0.2215806 19.47429 0.8012428 1 0.9568247
-0.1025353 0.07924003 -4.740822 -7.018844 0.8742141 1.132572 0.201554 20.20154 1.514368 0 0.0
-0.08116347 0.06853265 -1.761019 -0.958556 1.455217 2.040053 0.2718017 20.71691 1.000645 0 0.0
-0.09094659 -0.02770927 -6.354948 -2.173456 0.7595638 1.335325 0.1506465 20.15407 0.5527153 1 0.8444816
-0.1264642 -0.05528899 -0.7099907 -7.318445 0.3902837 0.544443 -0.03796192 19.48321 1.519114 1 0.0
-0.09921159 0.06935077 -4.892838 -4.453346 0.7198089 0.9876488 0.1475498 20.14052 0.8867626 1 0.9416526
-0.06637105 0.1234559 -3.539048 -8.608775 0.1304711 0.1783392 -0.06974078 17.92133 1.470436 1 0.0
-0.140658 -0.003326328 -2.325306 -5.892548 0.164243 0.2376964 -0.05177981 18.33231 0.9848518 1 0.0
-0.09123256 0.007255414 -2.592238 -8.446155 0.8263765 1.128617 0.1530455 20.31844 0.7318993 0 0.0
-0.1167657 -0.05480539 4.648406 -7.30257 0.5461345 0.787749 0.04012406 19.9133 1.208855 1 0.0
-0.09666919 0.0003602309 -3.666172 -8.153286 0.2026529 0.2867232 -0.03762523 18.66488 0.9157467 1 0.0
-0.08675162 0.01254379 -5.699219 -4.495164 0.2278133 0.3492398 -0.122582 18.8469 0.7126217 0 0.0
-0.07279156 0.02671173 -2.750849 -7.123277 1.855972 3.458506 0.1959199 20.88977 0.8176479 0 0.0
-0.08100454 0.04589665 -0.4029201 -7.250048 1.544047 2.134313 0.2513532 20.72332 1.288118 0 0.0
-0.1122508 0.07072082 -2.91454 -6.983609 0.377395 0.5315109 -0.06470159 19.53036 0.9251709 1 0.0
-0.09370155 0.09207784 -6.103391 -4.813842 1.449495 1.906969 0.2539517 20.77577 0.7800446 0 0.0
-0.07891528 0.04139453 -10.04647 -6.78251 1.883218 2.419075 0.1678483 20.72828 0.7705193 0 0.0
-0.164201 0.04689616 -1.325958 -1.25384 0.09722187 0.1458213 -0.1216174 17.51834 0.9195976 1 0.0
-0.07552351 0.02023364 -7.357088 -3.189258 1.43177 1.985438 0.3384661 20.67022 nan 0 0.0
-0.1168119 -0.1163984 -5.459849 -4.687439 0.1700118 0.2408022 -0.1143457 18.31071 0.8533688 1 0.994144
-0.1363231 0.04272728 -5.814206 -4.555612 0.2794878 0.4239676 -0.06299117 19.07098 0.7907581 1 0.9829352
-0.0801388 0.04731097 3.150695 -6.295577 2.848981 3.168892 -0.2262303 20.96681 1.477812 0 0.0
-0.0842765 0.09907031 -6.987339 -0.8780376 0.1744124 0.2431107 -0.115081 18.35388 1.069464 1 0.0
-0.1545729 -0.004486761 -1.85293 -4.086836 0.2285567 0.3298677 -0.0603654 18.84993 0.9992008 1 0.0
-0.1454734 0.03181741 -1.556935 -4.306794 0.1689176 0.244927 -0.02884881 18.38757 0.849371 1 0.0
-0.09914396 -0.1156937 -14.0351 -8.47148 0.240787 0.3171864 0.0192051 18.8045 1.278753 1 0.0
-0.09056209 0.1120102 1.370985 -10.69552 0.4287304 0.5724578 0.0008846826 19.64988 0.8828182 0 0.0
-0.1948481 -0.004837853 -3.803843 -5.391738 1.17592 1.668835 0.2976165 20.51146 1.061886 0 0.0
-0.182069 -0.01905935 1.965441 -8.085688 0.40332 0.6282565 -0.1004161 19.55064 1.449499 1 0.0
-0.09860094 0.1101937 -4.849098 -11.56738 0.9586181 1.402432 0.1049707 20.45987 1.762701 0 0.0
-0.1126366 -0.1177595 0.2022842 -9.648844 0.1751946 0.2444587 -0.05063384 18.3861 0.848238 1 0.0
-0.09646315 0.09864364 -6.660842 -6.018488 1.289397 1.786232 0.2178681 20.69473 0.9242611 0 0.0
-0.1956297 -0.009734744 0.7653238 -2.56146 0.1525506 0.2329801 -0.1432392 18.18046 1.035065 1 0.0
-0.09953427 0.1133332 -4.22664 -8.650905 1.693616 2.316666 0.07003611 20.84673 0.852972 0 0.0
-0.1154988 0.06602876 -2.534351 -7.632302 0.08581812 0.1262306 -0.1354427 17.20398 0.9572334 1 0.0
-0.1326083 0.1292053 -0.5668596 -9.596088 0.4766049 0.6870167 -0.05686493 19.92138 1.544983 1 0.0
-0.1080807 -0.06923052 -5.34266 -4.469131 0.1625588 0.2269088 -0.008689177 18.22763 0.8708172 0 0.0
-0.09869993 0.09035673 7.415488 -14.45824 0.4827368 0.651382 0.04924362 19.79672 1.986908 1 0.0
-0.08577043 -0.05936784 -4.140911 -1.982163 1.01158 1.545936 0.302105 20.45868 0.9136028 0 0.0
-0.08636905 -0.04464515 -5.550242 -3.857391 1.775336 2.257075 0.1190493 20.86747 0.6980591 0 0.0
-0.09283779 0.003655856 -5.227404 -5.070945 1.575651 2.533829 0.231759 20.67522 0.9291229 0 0.0
-0.1150124 0.07674284 -5.003955 -4.171699 0.7721562 1.032092 0.1581493 20.23996 0.821331 1 0.9211593
-0.1143191 -0.01714987 -5.540864 -4.236113 0.2971005 0.4164817 0.02076842 19.13747 0.8337536 1 0.9875968
-0.1955709 -0.03910839 -0.8707955 -5.934585 0.2434799 0.3746982 -0.1128257 18.89343 1.007603 1 0.0
-0.0755 0.01650292 0.7102094 -5.071014 1.18616 2.1514 0.2741117 20.63075 1.310312 0 0.0
-0.1833553 0.02374071 -4.682263 -6.239024 0.6014905 0.949908 -0.2607977 19.87564 1.523701 1 0.6847407
-0.0860959 0.05604157 -5.850164 -8.418026 1.811782 2.577974 0.3010416 20.90123 0.7774315 0 0.0
-0.1829814 -0.05724479 -2.038225 -6.927801 0.4066846 0.5890975 0.05907867 19.5162 0.741518 1 0.0
-0.09612255 0.1274614 -10.23913 -8.109947 1.091658 1.658692 0.2469009 20.48322 1.378702 0 0.0
-0.08533196 0.05248894 -5.767806 -7.025475 0.9433383 1.237551 0.103374 20.37351 0.7831402 0 0.0
-0.1713596 -0.008231211 -2.478587 -6.073785 0.1661817 0.2487184 -0.0826571 18.30163 1.069748 1 0.0
-0.1457676 -0.0203322 -4.797404 -2.975242 0.343922 0.4837959 0.0436811 19.39695 1.222742 0 0.0
-0.1271872 0.04202911 -5.558864 -2.855515 0.4480557 0.6287345 0.06885414 19.72347 0.8152409 1 0.5668004
-0.09872923 0.1005419 -1.278259 -7.829881 0.1187192 0.1675794 -0.0553979 17.78265 0.8312225 0 0.0
-0.08972725 0.08659198 -8.437946 -6.775394 1.653362 2.153276 0.2470281 20.7965 0.9789619 0 0.0
-0.08665932 0.08700745 -5.349695 -4.900134 0.1462234 0.2024729 -0.009160397 18.08105 0.9362411 1 0.9967194
-0.1197848 -0.03016927 2.105896 -8.904888 0.9890611 1.490724 -0.1616253 20.21337 nan 0 0.0
-0.0935742 0.02797572 -5.797055 0.6372011 1.528956 3.305412 0.04989142 20.93194 0.9682102 0 0.0
-0.08670817 0.04376362 -7.511585 -5.679081 1.14439 1.895663 0.2850035 20.50719 0.8975773 0 0.0
-0.08445742 0.08921246 -2.074065 -9.324776 0.3316585 0.4529291 -0.04349552 19.3026 0.8421688 1 0.0
-0.1798219 -0.05741186 -3.05818 -8.761407 0.7265563 1.186795 -0.01917174 20.2892 1.209799 0 0.0
-0.1846732 -0.02219956 -0.0221615 -12.72448 0.1828813 0.3094763 -0.1557246 18.46575 1.418406 1 0.0
-0.1584503 0.0007373585 -3.436563 -7.911471 0.03363827 0.04800458 -0.08266744 15.45083 1.304635 1 0.0
-0.08564015 0.06211621 -4.347651 -3.829059 0.8797375 1.183878 0.1222908 20.28761 0.761961 0 0.0
-0.078708 0.006879642 -5.968935 -4.792067 0.6923875 1.013828 -0.04015998 20.0153 0.8897152 0 0.0
-0.1617856 0.09258288 -1.121451 1.345158 0.4695898 0.679005 -0.01487107 19.76992 2.415192 0 0.0
-0.07436126 0.103871 -5.252278 -2.183215 0.9985624 1.249383 0.233954 20.37352 0.8537426 0 0.0
-0.1204039 0.05166155 -5.592532 -4.877661 0.05709615 0.08079042 0.01427431 16.41213 1.107338 1 0.9983325
-0.09221673 0.009365053 -6.292077 -4.51126 0.4458402 0.6163942 0.07481947 19.71961 0.8406029 0 0.0
-0.08511214 0.05783795 -1.55144 -5.19761 1.699936 2.508235 0.3831958 20.78225 1.175711 0 0.0
-0.1883987 -0.03699918 0.8809342 -3.861791 0.4637505 0.6963732 -0.01752767 19.76854 1.090576 1 0.0
-0.07818035 0.02046937 -5.323069 -4.982113 0.3194189 0.4312841 -0.0183301 19.2443 0.7932549 1 0.9949119
-0.1650077 0.1008927 -2.908913 -5.519 0.8363075 1.206617 0.1621971 20.2025 1.353308 0 0.0
-0.07162321 0.1034901 1.630599 -4.114041 0.1530349 0.2097638 -0.02515252 18.20157 1.175974 1 0.0
-0.120421 0.07199404 -6.554672 -4.863924 0.6612719 0.9330489 0.05556288 20.10432 0.8425312 0 0.0
-0.1690143 0.08411838 -4.279868 -5.125796 0.4937495 0.7169698 -0.0561464 19.86818 0.8609219 0 0.0
-0.08371984 0.01384381 -5.498293 -4.876744 0.5127778 0.717996 0.04683392 19.96583 0.7572079 0 0.0
-0.1970547 0.01340207 1.086276 -4.012499 1.115063 1.878683 0.02819334 20.63281 1.327888 1 1.629178e-06
-0.1181808 0.05067299 -5.34772 -5.021602 0.1990228 0.2926921 0.002072874 18.61529 0.7976933 1 0.9933441
-0.1186982 0.04916746 -4.725353 -6.40024 0.08509929 0.1212102 -0.03299717 17.16225 0.8809738 1 0.0
-0.08573681 0.06245919 -8.018951 -4.775367 2.48011 2.003536 0.4825535 20.49133 0.8632851 0 0.0
-0.09162094 0.08836259 1.852051 -7.144878 0.08099533 0.1148597 -0.08935499 17.14008 0.9166489 1 0.0
-0.1008212 -0.06852016 -7.24763 -8.325155 0.3748709 0.4220054 0.1801869 18.78813 1.148605 1 0.0
-0.1081314 0.05960809 -5.657945 -4.894173 0.095009 0.133447 -0.06240345 17.35962 1.054708 1 0.9966321
-0.130669 0.06213726 -3.468122 -10.27225 0.969052 1.111586 0.2232654 20.11562 1.843992 1 6.889711e-06
-0.07427914 0.1083039 5.523759 -4.126017 0.151101 0.2073035 -0.04226812 18.21353 1.757795 1 0.0
-0.1964144 -0.005384559 -4.223544 -4.800568 0.7977189 1.365161 0.07680704 20.36369 1.864643 0 0.0
-0.1226913 0.0701211 -0.6733389 0.02829087 2.082084 2.446835 0.5354166 20.77097 0.6370144 0 0.0
-0.1408414 0.02009524 4.140378 -5.79127 0.3736959 0.5475651 -0.008021596 19.05362 1.17523 0 0.0
-0.1545852 0.03860485 -12.89975 -1.482488 3.491964 3.915752 -0.09244313 20.84066 0.880125 0 0.0
-0.09395793 0.1090142 -5.126669 -7.17486 0.804719 1.023117 0.329129 20.19432 0.9140244 0 0.0
-0.1570686 0.05031555 -3.493106 -6.15103 0.7682269 1.166887 -0.06260817 20.30525 0.9990673 1 0.1943504
-0.1054165 0.06908054 -0.7947241 -7.021771 0.5365027 0.7856915 -0.06055287 19.71535 1.589664 0 0.0
-0.1277305 0.07741949 -4.582462 -7.645574 1.561524 2.016987 0.1896563 20.68343 1.122 0 0.0
-0.1560364 0.1238862 -4.070044 -2.882367 0.8873585 1.27235 0.108155 20.39555 0.9243317 0 0.0
-0.08999385 0.1590095 -22.08473 -1.350217 0.8345317 1.090545 0.1930539 20.2631 1.166332 1 0.0
-0.1071128 0.06129108 -7.08625 -6.585218 0.6971411 0.9255182 0.2220575 20.0817 0.8268375 1 0.7040103
-0.1598362 -0.01110518 -4.483262 -2.49508 0.4423493 0.6425749 0.03922552 19.58706 2.107601 0 0.0
-0.1349531 0.02360774 -2.186969 -4.383256 0.1129018 0.1755095 -0.03622465 17.70472 0.9856319 1 0.0
-0.1683919 0.0115807 -4.715181 -1.430595 0.1859063 0.2760108 -0.09112061 18.50566 0.9169617 1 0.0
-0.1554362 0.106655 -9.908121 -8.338174 0.4390137 0.6287125 -0.1109581 19.76341 1.120243 1 0.0
-0.06224582 0.1286929 -4.331339 -0.8309593 0.7458226 0.9679899 0.07923683 20.17047 1.166883 0 0.0
-0.08566264 0.1229074 -5.751602 -5.867012 0.7699925 1.033487 0.05207912 20.20117 0.8750172 1 0.8958908
-0.160681 0.06278916 -0.2039184 -0.5791057 0.6492459 0.9373308 0.07705815 20.1687 1.332104 0 0.0
-0.0881361 -0.05196815 -6.114735 -4.577414 0.2742726 0.37584 0.04584692 19.05349 0.7743378 1 0.970697
-0.08950148 -0.01988371 -6.510859 -4.676736 0.5170541 0.7334002 -0.02764131 19.98081 0.824646 0 0.0
-0.07898064 -0.004443325 -6.732875 -5.784174 0.3644577 0.5273282 -0.02260038 19.419 0.7714729 0 0.0
-0.1298399 0.04315951 -4.034586 -1.321896 1.309473 1.781382 0.1314731 20.56619 0.8151321 0 0.0
-0.1860677 -0.0403382 -4.461998 -6.43348 0.1235125 0.1936955 -0.1512013 17.78393 0.8860188 1 0.0
-0.166391 0.09170497 -4.972899 -6.98728 1.771669 2.833126 0.3385557 20.81626 1.202408 0 0.0
-0.1300843 0.03091285 -5.312226 -4.903509 0.162239 0.2454295 -0.07446436 18.34775 0.8366795 1 0.9947704
-0.1236107 -0.009451519 -2.267616 -3.781411 1.100819 1.650689 0.02743228 20.57802 0.7183819 0 0.0
-0.1616361 0.06646791 -3.046717 -6.993755 1.246796 2.41003 0.303869 20.68885 0.8114243 0 0.0
-0.07270636 0.1060122 2.995456 -8.603934 0.143401 0.1982351 -0.0604714 18.11279 0.9886723 1 0.0
-0.1414162 -0.04667406 -2.319456 -3.680969 2.284657 2.926211 0.1504758 20.87445 1.073811 0 0.0
-0.1221075 -0.024474 -6.422759 -6.042533 1.304953 2.646113 0.0118443 20.72016 1.1192 0 0.0
-0.1160022 -0.070404 -8.597858 -12.23662 0.4771735 0.6373351 0.07895298 19.81558 2.24741 1 0.0
-0.130343 0.09935569 -6.676492 -6.685621 1.045823 1.463343 0.2351586 20.44078 0.7888336 0 0.0
-0.07841779 0.09796835 0.1517802 -1.80541 0.1497935 0.1991639 -0.2043658 17.57211 1.236042 1 0.0
