scripts/get_globular_clusters/output/NGC_6366.csv
# %ECSV 0.9
# ---
# datatype:
# - {name: x, unit: deg, datatype: float64}
# - {name: y, unit: deg, datatype: float64}
# - {name: pmx, unit: mas / yr, datatype: float64}
# - {name: pmy, unit: mas / yr, datatype: float64}
# - {name: pmx_e, unit: mas / yr, datatype: float64}
# - {name: pmy_e, unit: mas / yr, datatype: float64}
# - {name: pm_corr, datatype: float64}
# - {name: g_mag, unit: mag, datatype: float64}
# - {name: bp_rp, unit: mag, datatype: float64}
# - {name: filter, datatype: int64}
# - {name: memberprob, datatype: float64}
# meta: !!omap
# - comments: [deg deg mas/yr mas/yr mas/yr mas/yr dimless mag   mag   zeroone float]
# - __serialized_columns__:
#     bp_rp:
#       __class__: astropy.units.quantity.Quantity
#       unit: &id001 !astropy.units.Unit {unit: mag}
#       value: !astropy.table.SerializedColumn {name: bp_rp}
#     g_mag:
#       __class__: astropy.units.quantity.Quantity
#       unit: *id001
#       value: !astropy.table.SerializedColumn {name: g_mag}
#     pm_corr:
#       __class__: astropy.units.quantity.Quantity
#       unit: !astropy.units.Unit {unit: ''}
#       value: !astropy.table.SerializedColumn {name: pm_corr}
#     pmx:
#       __class__: astropy.units.quantity.Quantity
#       unit: !astropy.units.Unit {unit: mas / yr}
#       value: !astropy.table.SerializedColumn {name: pmx}
#     pmx_e:
#       __class__: astropy.units.quantity.Quantity
#       unit: !astropy.units.Unit {unit: mas / yr}
#       value: !astropy.table.SerializedColumn {name: pmx_e}
#     pmy:
#       __class__: astropy.units.quantity.Quantity
#       unit: !astropy.units.Unit {unit: mas / yr}
#       value: !astropy.table.SerializedColumn {name: pmy}
#     pmy_e:
#       __class__: astropy.units.quantity.Quantity
#       unit: !astropy.units.Unit {unit: mas / yr}
#       value: !astropy.table.SerializedColumn {name: pmy_e}
#     x:
#       __class__: astropy.units.quantity.Quantity
#       unit: &id002 !astropy.units.Unit {unit: deg}
#       value: !astropy.table.SerializedColumn {name: x}
#     y:
#       __class__: astropy.units.quantity.Quantity
#       unit: *id002
#       value: !astropy.table.SerializedColumn {name: y}
# schema: astropy-2.0
x y pmx pmy pmx_e pmy_e pm_corr g_mag bp_rp filter memberprob
[from data line 11960]
0.01193764 0.04431939 -7.902127 -6.338167 4.519504 3.251133 0.2384898 20.95629 1.206013 0 0.0
0.02735159 0.07444452 -3.558114 -4.547926 1.37573 1.138678 0.1390362 20.16222 1.985601 0 0.0
-0.05679553 0.03558992 -0.1526586 -6.613924 2.084814 1.887255 0.3052356 20.54365 1.542791 0 0.0
0.01102649 0.09470818 -0.7732679 -5.831808 1.004618 0.88195 0.4771404 19.72063 1.708965 1 0.9746395
-0.05147596 0.03960105 1.889297 -4.400089 1.162675 1.112213 0.4982526 19.90279 1.723274 0 0.0
-0.05807716 0.09008797 -5.650839 -1.218662 0.5263106 0.5121163 0.2551622 18.7688 1.750414 1 0.0
0.01510119 0.1300307 -1.451449 -4.446219 1.627782 1.291861 0.2514586 20.08015 1.699696 0 0.0
-0.0265474 0.01721696 -0.4125334 -5.267115 0.1357381 0.1144985 0.2093498 16.85223 1.516064 0 0.0
0.01281939 0.05239985 0.0109475 -4.059497 0.5166321 0.4978469 0.4192441 18.9291 1.490021 0 0.0
0.006526939 0.09112576 -7.207751 -0.5744559 0.4799781 0.4666409 0.3762849 18.73454 1.895739 1 0.0
-0.02636719 0.0710533 -1.294605 -6.320254 1.748192 1.712431 0.63211 20.31641 1.865776 0 0.0
0.0738976 0.09032143 -0.5323436 -5.976661 1.28269 1.273922 0.3980645 20.17332 1.767874 0 0.0
-0.02113634 0.01360512 -0.5351947 -5.265274 0.164167 0.1365829 0.1807432 17.19631 1.865793 0 0.0
0.07666551 0.1017404 3.864918 -2.681397 3.251827 2.207545 -0.1986531 20.63557 1.53928 0 0.0
0.02014581 0.05177357 1.404785 -2.816996 1.4447 1.424064 0.4299743 20.29156 1.384007 0 0.0
-0.002928485 0.1839886 -8.994004 -3.551449 1.921499 1.908678 -0.2662816 20.06278 1.857054 0 0.0
-0.04405787 0.03080824 -0.2829337 -3.223106 1.471771 1.335087 0.4101865 20.37027 1.297634 0 0.0
0.002817766 0.06045422 -0.8098424 -5.517385 0.6130701 0.5950233 0.4585072 19.1771 1.799976 0 0.0
0.001571276 0.03259407 -0.1091474 -5.08464 0.667884 0.6684022 0.5173049 19.16682 1.652517 0 0.0
-0.00444817 0.09050733 0.5595651 -4.232034 0.950851 0.9299089 0.6426551 19.47083 1.57152 0 0.0
0.01464344 0.05422848 -2.132693 -5.047901 1.447025 1.393182 0.4450567 20.20569 nan 0 0.0
-0.01685149 0.06433975 -0.3650097 -5.875393 1.1245 1.083102 0.4449713 19.84941 1.926722 0 0.0
0.09728136 0.122079 -1.126106 -4.035362 3.851313 4.249073 -0.2622598 20.77662 0.589138 0 0.0
-0.009919858 0.0469487 0.04021676 -4.318104 0.5114759 0.4975054 0.4210009 18.86765 1.568043 0 0.0
-0.007943578 0.02360183 0.08163441 -4.255846 0.5032016 0.4850675 0.3121974 18.86295 1.527813 0 0.0
0.03245876 0.06965779 -0.2204913 -4.505778 0.8429844 0.8395153 0.492962 19.58411 1.687958 0 0.0
-0.008308407 0.02692395 1.428312 -5.154001 2.358649 2.280934 0.2932695 20.36883 1.420458 0 0.0
-0.003323302 0.09143478 1.473971 -4.331662 1.112426 1.087925 0.6546673 19.75331 1.390064 0 0.0
-0.02092475 0.05083513 0.03335468 -5.262225 0.7036892 0.7046418 -0.01038191 19.04516 1.686646 1 0.9929796
0.02696026 0.1696119 -16.30661 -9.246267 0.9777643 0.9599904 0.227348 19.40758 2.786314 0 0.0
-0.006940679 0.04814035 -0.03708185 -5.150453 0.3092953 0.3054392 0.3230639 18.17007 1.746817 0 0.0
0.08687935 0.09131735 -0.0682631 -4.748671 0.8227657 0.816339 0.1136308 19.45794 1.929953 1 0.9649117
0.02464508 0.05302988 0.582004 -6.438805 1.252497 1.249565 0.01498162 19.94767 nan 0 0.0
0.0222756 0.1041245 0.9427695 2.202988 1.062709 1.021294 0.4968635 19.88712 2.111776 0 0.0
-0.02472963 0.1806231 0.6624016 -5.709725 1.376184 1.262324 0.6388035 19.91759 1.931677 0 0.0
-0.04262911 0.03081072 0.1850034 -4.183316 2.396359 2.220275 0.227364 20.63605 1.417891 0 0.0
0.003790432 0.03435121 -0.319422 -3.969917 0.7294 0.7238518 0.3803541 19.41629 1.769669 0 0.0
-0.03883039 0.05044521 -0.3552446 -5.2642 0.06959276 0.0554268 0.2278085 15.01472 2.005834 1 0.9995876
-0.01256485 0.05706809 2.439831 -6.440486 1.477726 1.449621 0.2262205 20.2276 1.623859 0 0.0
0.003516838 0.03437457 1.121107 -5.323799 1.59544 1.655993 0.3091568 20.30128 nan 0 0.0
-0.01186613 0.08414623 -0.02974131 -4.829563 1.463471 1.427686 0.6823385 20.05407 1.86338 0 0.0
-0.02350863 0.04716769 -0.4613132 -6.485398 0.6047591 0.5373672 0.2556614 19.03088 1.729322 0 0.0
0.01920341 0.0520001 -0.9795256 -4.923855 0.4532241 0.4486519 0.4043263 18.80893 1.650715 0 0.0
-0.02593946 0.01803858 -0.4328536 -6.085693 0.46963 0.4768849 0.3756912 18.57801 1.5741 0 0.0
-0.09568736 0.1110819 -0.1802783 -11.44901 0.1540248 0.1344157 0.253625 16.67635 1.974492 1 0.0
-0.07582722 0.05003231 -1.649225 -4.292769 0.7956734 0.7631619 0.4857889 19.4672 1.899191 1 0.7874452
-0.08412759 0.05897293 -0.406606 -5.141276 0.3498408 0.335117 0.4526829 18.2329 1.987595 1 0.9963122
-0.08386923 0.1789769 -0.6286174 -5.431012 0.4010028 0.3847762 0.4726326 18.20984 1.680553 1 0.9683456
0.09600752 0.1434877 -2.34895 -1.545006 2.208919 1.65733 -0.1693703 20.48665 1.755606 0 0.0
-0.02715716 0.06010032 -0.3562548 -5.525398 1.405682 1.368992 0.2383386 19.92842 1.639275 0 0.0
0.04881609 0.09131135 -0.3559874 -6.023089 0.8359883 0.8258387 0.4461797 19.65908 1.724491 0 0.0
-0.022261 0.011301 -0.9357018 -3.930975 0.4826489 0.4808883 0.4017395 18.86532 1.774866 0 0.0
0.09834529 0.1207866 -23.47803 -27.8872 3.682697 3.27555 0.2225935 20.71672 2.031403 0 0.0
0.06018568 0.0831417 -2.017526 -4.773315 0.8195347 0.8204637 0.3776043 19.60933 1.603119 1 0.8201153
-0.01159156 0.03056503 0.06480738 -4.171867 1.07564 1.064995 0.2901796 19.84166 nan 0 0.0
-0.01286834 0.03120158 -4.761273 0.9441788 2.238072 2.195158 -0.3276787 20.34318 nan 0 0.0
-0.0571297 0.03298541 -0.352061 -4.955953 0.3664384 0.3529079 0.4349313 18.31882 1.794481 1 0.9976547
0.04392083 0.08319546 -0.7979184 -4.540881 0.819165 0.8205501 0.5434417 19.36412 1.535862 0 0.0
-0.05074695 0.04696585 -1.188992 -5.53897 0.7735577 0.7470064 0.5222537 19.35768 1.666861 0 0.0
0.09971312 0.1186773 0.3674161 -6.165149 1.541435 1.318771 0.2314083 20.27777 2.260702 0 0.0
-0.0540292 0.0356903 1.223573 -3.044862 1.16953 1.104396 0.5069707 19.95391 1.630266 0 0.0
0.08269351 0.1683751 -0.02222451 -8.985351 1.15156 0.9258231 0.3022139 19.99498 1.801247 1 0.003980412
-0.01888688 0.01421268 -0.04260104 -4.955197 0.8265715 0.8386767 0.3673547 19.62857 1.176455 0 0.0
-0.03065302 0.05580243 -0.1431035 -5.17125 0.8876343 0.8575692 0.3297583 19.38818 1.67182 0 0.0
-0.03323724 0.05953928 0.4565375 -5.003378 0.9405909 0.9116365 0.4276518 19.52964 1.626917 0 0.0
-0.02791529 0.01617024 -0.2088078 -5.64774 0.981574 0.9898661 0.4408802 19.83842 1.42161 0 0.0
-0.0587128 0.05897861 -0.8859161 -5.353774 0.7436736 0.7230217 0.4153263 19.36074 1.74634 1 0.9868558
-0.03019592 0.03229439 0.3528618 -4.280095 0.8238851 0.7996829 0.4346044 19.48186 1.516506 0 0.0
0.01063054 0.05003955 -0.5788805 -5.630782 0.6085961 0.5840579 0.4061963 19.20847 1.75135 1 0.9946447
-0.06008059 0.05644075 -0.5001776 -4.970106 0.2612206 0.2109746 0.3017544 17.9088 1.98859 1 0.9978807
-0.006059644 0.1091125 -3.911609 -2.073147 1.137821 1.096209 0.5055978 19.96951 1.509354 0 0.0
-0.03366197 0.04267544 -1.001154 -5.298448 0.5765197 0.5643783 0.356977 18.90994 1.651854 0 0.0
0.01072265 0.1055452 0.2339811 -3.059411 0.916313 0.8841097 0.5323168 19.62564 1.700714 0 0.0
-0.03025726 0.04394924 -0.4582525 -5.218957 0.2461424 0.200931 0.2394735 17.7711 1.892574 1 0.9990976
-0.02001189 0.02306227 0.1109756 -5.24286 0.7248227 0.7282924 0.3615331 19.42768 1.537689 0 0.0
0.003273664 0.03843627 -0.04495812 -5.432655 0.5463614 0.4900178 0.2841725 18.99131 1.708794 0 0.0
-0.1141977 0.08249686 0.8340271 -4.474496 0.4343992 0.4012616 0.4108359 18.4473 1.894403 1 0.8143662
0.05708539 0.09088867 -1.061095 -7.086682 1.084604 1.089162 0.5289133 19.69933 1.819485 0 0.0
-0.02697298 0.0172055 -0.7286312 -5.31526 0.350172 0.3513489 0.4161995 18.33604 nan 0 0.0
-0.02013876 0.1956197 5.625077 2.245317 1.082955 1.058753 0.307209 19.79967 1.324995 0 0.0
0.01585921 0.04430452 -0.8598679 -5.855051 0.4291798 0.4261429 0.4080063 18.69703 1.795843 1 0.9932056
0.08685128 0.1089546 0.481967 6.145316 2.980433 2.223338 -0.2827706 20.43609 2.03586 0 0.0
-0.01362884 0.05631895 -0.6264058 -5.249783 0.4381712 0.4257183 0.4091159 18.63685 1.686436 1 0.997038
0.01847366 0.04668148 0.9294891 -3.974691 0.5864291 0.5804578 0.4191882 19.16546 1.66184 0 0.0
-0.07482853 0.08941009 0.2071848 -4.479804 2.409228 1.956656 0.3536903 20.53779 1.579081 0 0.0
0.02017598 0.04424575 -0.4534168 -5.281679 0.3499653 0.3466373 0.3624701 18.40278 1.779736 0 0.0
0.04316803 0.1943502 -4.703981 -5.224262 0.09535766 0.07569517 0.1259599 15.67224 2.181496 1 0.0
-0.00821729 0.03328734 0.1862385 -4.367335 0.9072344 0.898253 0.342813 19.73266 1.817202 0 0.0
0.04158216 0.1187714 -0.2182154 -5.512546 1.088592 0.9597605 0.3721063 19.95825 1.454157 1 0.9542298
0.01950723 0.04595571 -0.6135781 -4.819907 0.3441907 0.3401948 0.3938186 18.31325 1.723919 0 0.0
-0.0325978 0.03895664 -1.212556 -5.773289 0.8732096 0.8582257 0.3941344 19.64408 1.764364 0 0.0
0.0151904 0.04366367 -1.699769 -5.847532 0.9011583 0.8941905 0.4124172 19.63879 1.902981 0 0.0
0.07077579 0.1799645 -1.967783 1.872552 0.9486003 0.9128344 0.4512798 19.6438 1.931129 1 0.0
0.03987695 0.07547097 -0.8675959 -5.044214 1.317163 1.056165 0.2224957 20.19262 1.603168 0 0.0
0.07283352 0.09019424 -4.146789 -5.350245 2.047163 1.69575 -0.03252855 20.53656 1.31925 0 0.0
-0.02241332 0.0206389 -0.3026198 -5.803137 0.5027938 0.4268497 0.2172569 19.00162 1.591642 0 0.0
-0.03144268 0.04031425 0.5622738 -4.278567 0.7232896 0.7384855 0.3684692 19.44184 1.48078 0 0.0
-0.01940895 0.1939708 -1.226644 -4.551619 0.4897415 0.3874089 0.1349762 18.59247 1.598417 1 0.7042051
-0.00903786 0.01814823 0.008827124 -5.191489 0.3833235 0.3844908 0.3293834 18.49266 1.568962 0 0.0
0.0851767 0.09019892 -0.2985972 -4.923688 0.3759675 0.3721515 0.12402 18.31721 1.709618 1 0.9919609
-0.05545778 0.03346525 1.210996 -4.614194 0.916446 0.8836212 0.4126492 19.56437 1.6728 0 0.0
0.03498868 0.1953745 -0.6903568 -5.696445 1.063958 1.015088 0.3468505 19.70542 1.505701 0 0.0
0.02193949 0.05374524 -0.5376743 -4.664988 0.7130027 0.5963931 0.2948438 19.49276 1.571669 0 0.0
-0.03159331 0.01232486 0.5877457 -5.363009 1.164366 1.171462 0.4461693 20.03229 1.615311 0 0.0
-0.0105276 0.03083637 0.4237648 -6.205456 1.421354 1.18768 0.1718668 20.39363 0.3622837 0 0.0
-0.01651585 0.01591982 -2.023587 -5.896759 0.9067865 0.9093971 0.1400334 18.84846 1.305864 0 0.0
-0.04227479 0.1941076 0.04656669 -1.945407 0.6721052 0.6408986 0.5147425 19.19132 1.854212 1 9.207089e-05
0.002270638 0.08413632 -0.09108292 -5.911762 0.6742029 0.6507084 0.4758792 19.27322 1.335155 0 0.0
-0.0314434 0.05524163 2.637442 -8.245789 2.639193 2.164791 -0.1042044 20.53968 1.211201 0 0.0
0.01157262 0.03212572 -1.998363 -5.071414 1.667478 1.574257 0.3115569 20.25526 1.502039 0 0.0
-0.0711756 0.04620289 -0.2746222 -4.326961 0.6558779 0.6297668 0.4533389 19.06589 1.801844 1 0.9820428
-0.007793608 0.1947045 -0.5604659 -5.001535 1.152021 1.080043 0.5692617 19.51362 1.596895 1 0.8534746
-0.03873902 0.04759754 -1.525678 -5.015364 0.9594708 0.9337453 0.4086589 19.64699 1.449957 0 0.0
0.01716642 0.04489576 -0.9404951 -5.764663 0.5567646 0.5501174 0.4383085 19.09624 1.680429 1 0.9934977
-0.0253641 0.07484562 -0.1820819 -5.069749 1.09729 1.057849 0.4531386 19.70346 nan 0 0.0
-0.004782093 0.02259717 -1.085535 -3.444979 0.7821619 0.7802172 0.3425009 19.47732 1.805862 0 0.0
0.05486596 0.08974493 -0.9519377 -4.269346 0.9656659 0.9979447 0.5329395 19.66615 1.412033 0 0.0
-0.004751878 0.04775604 -0.7588897 -5.216748 0.3222928 0.3185858 0.3563851 18.23364 1.78545 1 0.9976736
-0.002319857 0.04097257 -0.8642867 -4.595487 0.5276664 0.5250489 0.4932432 18.7122 1.768187 1 0.9881204
-0.08848255 0.1160406 -0.3643458 -5.157337 0.08726755 0.07288192 0.1413602 14.78959 2.142953 1 0.9989426
-0.03189883 0.04348758 -2.054876 -6.510992 1.104635 1.084989 0.4129203 19.93723 1.689329 0 0.0
0.007560295 0.06420355 -1.145602 -4.199331 0.8847349 0.8584768 0.4694666 19.58168 1.70257 0 0.0
-0.07878065 0.08841732 -5.661224 -4.627963 0.9777389 0.9382406 0.4300531 19.55537 1.914803 0 0.0
-0.07552419 0.05840274 -1.970383 -5.420419 0.9218611 0.8815295 0.5041279 19.65666 1.493509 0 0.0
-0.04089729 0.04556942 -1.251852 -4.421254 1.190697 1.147654 0.461304 19.98742 1.49054 0 0.0
-0.05349395 0.1827428 -12.54244 -16.96501 1.184417 1.12435 0.56381 19.63682 1.693556 0 0.0
0.002544251 0.08353265 0.444662 -5.118272 0.3576399 0.3469909 0.4474718 18.29168 1.879763 1 0.9768482
-0.01122645 0.01219488 1.395221 -5.631089 1.68586 1.667153 0.106762 20.34138 1.077673 0 0.0
-0.0250575 0.007765631 0.8741787 -4.558302 1.332637 1.113269 -0.02234599 19.9894 nan 0 0.0
0.1113014 0.1465355 1.412567 -1.183346 0.1582955 0.1275533 0.2164668 16.92846 1.885291 1 0.0
-0.05752602 0.04580037 -7.965447 -1.389231 1.177846 1.081627 0.5289655 19.95374 1.521158 0 0.0
0.0009936939 0.03471218 -1.041718 -5.681297 0.6891606 0.6837787 0.3569328 19.27964 1.644999 0 0.0
-0.03007681 0.08625183 1.514455 -4.564943 1.64593 1.471927 0.3787183 20.43292 1.478138 0 0.0
0.001996862 0.03123461 -0.3753122 -4.464617 0.9799621 0.9508963 0.206189 19.7511 1.605175 0 0.0
-0.02806721 0.014662 -1.027001 -5.349106 0.6024424 0.6117744 0.3951029 19.17804 1.557753 0 0.0
-0.05561085 0.04606995 -2.548743 -7.451247 1.346612 1.401674 0.4416042 19.95985 1.836981 0 0.0
-0.03539528 0.05234035 -0.4964975 -5.065045 0.1593063 0.125088 0.1335717 16.84249 1.99214 1 0.9992978
0.1073755 0.1232814 -3.377256 -4.020023 3.619683 2.966177 0.01366638 20.76275 1.964033 0 0.0
-0.01843118 0.02385052 -3.850895 -10.86849 1.153866 1.168744 0.2583693 18.3051 1.710459 0 0.0
0.04331317 0.08885794 0.3742442 -5.290605 0.5778434 0.4887107 0.3494045 19.16637 1.756519 1 0.9826775
0.01360957 0.04164954 0.5807947 -4.756254 0.6443886 0.6449301 0.2731171 19.23645 1.870983 0 0.0
-0.06333237 0.04560337 1.057522 -5.24758 0.5290503 0.4750986 0.4018644 18.95282 1.669329 1 0.8808693
-0.04719095 0.05787949 -0.9592051 -5.604726 1.010397 0.9752291 0.4572853 19.77095 1.43103 0 0.0
-0.0159382 0.01273361 -1.8134 -3.663524 1.34993 1.294053 0.5380685 20.00393 nan 0 0.0
0.1216104 0.1567742 -10.99152 -9.720563 0.6988748 0.6752226 0.4621941 19.29373 1.748329 1 0.0
-0.0124121 0.01791977 -4.110081 -0.3209651 1.60914 1.587348 0.124849 20.32805 nan 0 0.0
-0.008004723 0.05176669 -0.3848733 -5.556865 0.4091881 0.399235 0.4258064 18.47672 1.713844 1 0.9968143
-0.05737542 0.06164281 0.5616306 -4.976964 0.8569016 0.8313172 0.4132132 19.50327 nan 0 0.0
0.01485711 0.09231104 0.2384079 -3.563481 0.8620794 0.8318424 0.5009067 19.49158 1.731339 0 0.0
-0.003931145 0.05867705 0.2699784 -3.341025 1.01162 0.9846462 0.4297586 19.8013 1.675783 0 0.0
-0.02128993 0.0622649 -0.3314223 -5.136579 0.1961163 0.1538502 0.1805174 17.25195 nan 0 0.0
-0.01770252 0.05745945 -0.2398117 -5.295874 1.312277 1.256176 0.4968175 19.79143 1.70031 0 0.0
-0.007213999 0.02299053 0.3355615 -5.948855 0.8681962 0.8645697 0.3418838 19.69079 1.536312 0 0.0
0.006314348 0.114362 -2.262907 -4.14239 1.42945 1.260193 0.3806136 20.2526 1.343065 0 0.0
-0.03582041 0.04373962 -0.2827516 -5.485404 0.4026695 0.3807991 0.4113679 18.22034 1.838333 1 0.9968814
-0.001286244 0.0281428 -0.2667068 -4.078363 0.8498891 0.8375983 0.3998441 19.66146 1.288967 0 0.0
0.069499 0.1824885 -2.43072 1.37823 1.850054 1.798651 0.00186163 20.31003 1.500614 0 0.0
-0.02104731 0.0804672 -1.668531 -5.922466 0.8246823 0.794677 0.4454106 19.5176 1.641855 0 0.0
0.0480939 0.1941276 -3.671721 -4.977177 1.632058 1.51352 0.05838833 19.93991 1.74696 1 0.3103944
-0.01770489 0.145503 -2.702552 -7.765208 1.142115 1.091243 0.5447651 19.9305 1.690269 1 0.5357488
0.005492774 0.03197321 -2.530151 0.3673766 1.110587 1.102182 0.3830056 20.02241 nan 0 0.0
-0.01910112 0.0636478 -0.5086616 -6.190718 0.85548 0.8269678 0.4321342 19.53937 1.588602 0 0.0
-0.004964645 0.04350885 -0.2562074 -5.399372 0.1186696 0.09356037 0.2298458 16.42534 2.026756 1 0.9988868
0.02409747 0.0422038 -0.8613784 -4.675815 0.4027814 0.3998353 0.4106004 18.60634 1.727991 1 0.9889564
0.01902083 0.04582984 -0.6941185 -5.670304 0.8338646 0.8257715 0.4317953 19.63195 nan 0 0.0
