scripts/get_globular_clusters/output/NGC_6380_Ton1.csv
# %ECSV 0.9
# ---
# datatype:
# - {name: x, unit: deg, datatype: float64}
# - {name: y, unit: deg, datatype: float64}
# - {name: pmx, unit: mas / yr, datatype: float64}
# - {name: pmy, unit: mas / yr, datatype: float64}
# - {name: pmx_e, unit: mas / yr, datatype: float64}
# - {name: pmy_e, unit: mas / yr, datatype: float64}
# - {name: pm_corr, datatype: float64}
# - {name: g_mag, unit: mag, datatype: float64}
# - {name: bp_rp, unit: mag, datatype: float64}
# - {name: filter, datatype: int64}
# - {name: memberprob, datatype: float64}
# meta: !!omap
# - comments: [deg deg mas/yr mas/yr mas/yr mas/yr dimless mag   mag   zeroone float]
# - __serialized_columns__:
#     bp_rp:
#       __class__: astropy.units.quantity.Quantity
#       unit: &id001 !astropy.units.Unit {unit: mag}
#       value: !astropy.table.SerializedColumn {name: bp_rp}
#     g_mag:
#       __class__: astropy.units.quantity.Quantity
#       unit: *id001
#       value: !astropy.table.SerializedColumn {name: g_mag}
#     pm_corr:
#       __class__: astropy.units.quantity.Quantity
#       unit: !astropy.units.Unit {unit: ''}
#       value: !astropy.table.SerializedColumn {name: pm_corr}
#     pmx:
#       __class__: astropy.units.quantity.Quantity
#       unit: !astropy.units.Unit {unit: mas / yr}
#       value: !astropy.table.SerializedColumn {name: pmx}
#     pmx_e:
#       __class__: astropy.units.quantity.Quantity
#       unit: !astropy.units.Unit {unit: mas / yr}
#       value: !astropy.table.SerializedColumn {name: pmx_e}
#     pmy:
#       __class__: astropy.units.quantity.Quantity
#       unit: !astropy.units.Unit {unit: mas / yr}
#       value: !astropy.table.SerializedColumn {name: pmy}
#     pmy_e:
#       __class__: astropy.units.quantity.Quantity
#       unit: !astropy.units.Unit {unit: mas / yr}
#       value: !astropy.table.SerializedColumn {name: pmy_e}
#     x:
#       __class__: astropy.units.quantity.Quantity
#       unit: &id002 !astropy.units.Unit {unit: deg}
#       value: !astropy.table.SerializedColumn {name: x}
#     y:
#       __class__: astropy.units.quantity.Quantity
#       unit: *id002
#       value: !astropy.table.SerializedColumn {name: y}
# schema: astropy-2.0
x y pmx pmy pmx_e pmy_e pm_corr g_mag bp_rp filter memberprob
[from data line 2637]
-0.04837545 0.0218948 -1.179924 -0.950685 0.5788522 0.4369788 -0.0308882 18.92912 2.376461 1 5.976187e-05
-0.005664266 -0.00694322 -2.009822 -3.529476 0.4711857 0.3627213 0.03789091 18.15069 2.471539 0 0.0
-2.575853e-05 -0.05463433 -5.18481 -4.746804 0.5683341 0.4380479 -0.1796492 18.60404 2.401772 0 0.0
-0.03602656 -0.02601423 -5.008383 -8.397961 0.2104562 0.1783283 -0.1205104 16.54599 3.481036 1 0.0
-0.02818677 0.03296456 -4.429571 -6.273418 1.261442 0.9119647 0.3947483 19.44842 2.364676 0 0.0
0.03722639 -0.0334497 -4.88761 -4.884072 1.728107 1.047544 0.5997072 19.69588 2.784134 1 0.1632661
-0.007250821 -0.01425614 -2.358294 -3.112208 0.3356638 0.2336456 0.1331441 17.89825 2.503345 1 0.9717237
-0.007364596 -0.05892243 3.287216 1.052183 1.223302 0.9284306 0.09751564 19.18609 1.849321 0 0.0
-0.02125032 -0.01596795 -0.6096932 -4.601125 0.4470653 0.3456046 -0.181879 18.05127 2.455982 0 0.0
0.0003771298 0.02234625 -1.880366 -3.038828 0.1699495 0.149683 -0.2979299 16.48994 2.316668 1 0.9724783
-0.03480248 0.03731799 -1.845833 -2.779257 0.4857089 0.3449068 0.008535067 18.71159 2.481314 1 0.6816327
-0.01323963 -0.03783947 -5.057139 -3.163495 0.2075823 0.1606189 -0.1297727 17.06619 2.932206 1 0.0
0.0115328 -0.02346157 -7.120065 -0.9423755 0.3533488 0.2727059 -0.09708915 18.12241 2.644659 1 0.0
-0.06290065 0.01807247 -3.814759 -5.361805 0.472272 0.3110219 0.01204299 18.45218 1.971096 1 0.0
-0.01705129 -0.04171983 -4.873629 -7.458277 0.3876354 0.3113965 -0.105586 17.9937 2.802258 1 0.0
0.01829105 0.006867656 -2.133878 -4.003272 0.4762923 0.3393813 0.1152851 17.99235 2.686117 0 0.0
-0.01943464 0.01422972 1.14255 -5.413738 0.386201 0.2633742 0.1223015 17.80601 2.74028 1 0.0
0.0228415 0.009532803 -2.732479 -3.797695 1.111397 0.7949936 0.2379089 19.59465 nan 0 0.0
-0.02445923 0.01583414 -2.470606 -4.350368 0.5794355 0.4411357 -0.04708991 18.85101 2.567608 1 0.2191862
0.04935954 0.0116364 3.349271 0.4755657 1.368154 0.9570917 0.3462211 19.71192 2.310516 0 0.0
-0.01795689 -0.01902261 -4.717047 -4.706791 0.1501993 0.1266123 -0.2551026 14.66716 3.294261 1 0.0
0.06071604 0.01798283 -0.4748924 -3.32747 1.740427 1.42474 -0.3544495 19.84654 1.85099 0 0.0
0.03350869 0.01729527 -3.411682 -1.492952 0.3263698 0.2429364 -0.03549389 18.18866 2.116951 1 0.0
-0.02278974 -0.01691829 0.3454831 -0.3949865 0.4567476 0.290057 0.2139162 17.78092 2.876888 1 0.0
0.03993239 -0.02244578 -2.984568 -5.5047 0.2049988 0.1538028 -0.04990908 16.633 4.109542 1 0.0
-0.05534721 -0.03378202 1.080364 -0.295219 1.475375 1.159821 0.1323229 19.77086 1.780422 0 0.0
0.01562193 -0.06165891 -5.013164 -2.758885 1.591092 1.063224 0.2490707 19.66768 2.295341 0 0.0
-0.03485425 0.04615662 -3.761337 -5.683632 0.3730368 0.2649924 -0.04526334 18.23887 2.509846 0 0.0
-0.00390964 -0.0336765 -2.723119 -1.312668 0.6669822 0.5375992 -0.1432942 18.9093 nan 0 0.0
-0.0309836 -0.02171267 4.319658 1.408916 1.761028 1.255938 0.05099162 20.00599 1.703758 0 0.0
0.03086452 -0.01367887 -3.457426 -2.981173 1.737134 1.079968 0.4409712 19.9895 2.118702 0 0.0
-0.03595952 0.02837576 -4.352609 -5.667502 1.08478 0.7877285 0.3925625 19.57693 2.976246 1 0.01525652
0.008336446 -0.0132797 -0.9126148 -4.634601 0.8437515 0.6679789 0.123558 19.00727 nan 0 0.0
-0.02787983 -0.02396205 -2.464769 -6.987958 1.222269 0.9102481 0.140318 19.49139 2.735777 0 0.0
-0.04774388 -0.03580207 1.289006 -7.990205 0.5973095 0.5067292 -0.01704851 18.83287 2.010569 0 0.0
0.01414359 0.003351458 -0.5617983 -1.126837 0.6237797 0.4325535 0.0774675 17.42402 2.270634 0 0.0
-0.02835455 -0.02142165 2.238463 -3.626526 0.205874 0.1615178 -0.0719787 17.01081 1.68807 1 0.0
-0.0122671 -0.04712808 -0.8402701 -8.058 1.114894 0.7966754 0.269828 19.34758 nan 0 0.0
-0.06119013 0.01327509 -2.631172 -4.366049 1.421065 1.028139 0.3165453 19.90163 1.65937 0 0.0
0.01134524 -0.01146814 5.36723 -7.994916 1.121174 0.7094527 0.4843394 19.13076 nan 0 0.0
-0.01613406 -0.0143072 0.275007 -4.467691 0.1822704 0.1393412 -0.01239734 16.89589 1.763963 1 0.0
-0.01732619 0.01703025 1.177304 0.2753473 0.3859833 0.2917302 -0.06759294 18.47406 2.349258 1 0.0
-0.000309849 -0.05710625 -1.55467 -2.57542 1.103701 0.7896842 0.2271797 19.24528 nan 0 0.0
-0.004408609 -0.007378006 -2.189209 -4.236198 0.6809351 0.4501649 0.2471317 18.57912 nan 0 0.0
-0.004998405 -0.04233593 -4.105309 2.819644 0.130843 0.10518 -0.1178795 15.13519 2.796751 1 0.0
0.03161383 0.01973374 -1.439639 -1.591753 0.6307255 0.4665053 0.05863451 18.71818 2.719248 0 0.0
0.01529359 -0.04749488 -0.6247294 -2.951173 0.6856757 0.4877604 0.01228409 19.02404 2.209635 0 0.0
-0.03650437 0.02774987 -0.05546989 -0.0611635 0.4844726 0.3558671 -0.03808008 18.84207 2.19689 1 0.0
-0.0616473 0.02119782 -4.290972 -3.990978 0.2622794 0.1664283 0.06255586 17.04095 2.82827 1 0.0
-0.05147045 0.00843436 -2.105795 -4.828547 0.4145181 0.3240736 -0.1190055 18.52654 2.59165 0 0.0
-0.009048983 -0.03122793 -4.540442 -4.3844 0.4802336 0.3799946 -0.1321051 18.72369 2.35677 0 0.0
0.006206646 0.01185938 -5.90294 -9.591634 2.20658 1.594241 0.3050159 20.00354 nan 0 0.0
0.007651432 0.00486308 -4.064016 -3.33895 0.4205269 0.3360238 -0.1754395 18.31948 2.432648 0 0.0
0.05700097 -0.004249947 -3.323742 -1.964215 0.6935373 0.4790905 0.1308828 19.01731 2.051702 0 0.0
0.001892338 -0.03929928 -2.29569 -3.967733 0.8236675 0.590087 0.2401441 19.18499 2.356365 0 0.0
-0.04511938 -0.02932299 -1.672429 -4.24404 0.6181092 0.5071468 -0.135026 18.9388 2.325294 0 0.0
0.01648962 0.004506802 -3.907891 -3.905758 1.392463 1.003205 0.165313 19.88959 nan 0 0.0
-0.02459443 -0.00421977 -3.107941 -3.112908 0.167653 0.1395451 -0.2472298 16.45607 2.906757 1 0.003355127
-0.01911837 -0.01604364 -0.1459179 -0.3723308 1.016943 0.7235143 0.299234 19.40447 1.936304 0 0.0
-0.002701511 -0.04251891 -1.711664 -3.490373 0.1895373 0.1466052 -0.1043842 17.03696 1.926136 1 0.5046678
-0.05877209 0.0122548 -6.014937 -9.290322 1.604208 1.191265 0.5188206 19.75585 1.491705 0 0.0
-0.05258984 0.01604004 0.1746594 -4.209255 0.4187056 0.3227958 -0.2377107 18.32783 1.896225 1 6.222116e-06
-0.03129005 0.02841995 0.6553053 -0.6594082 1.933378 1.284412 0.4855736 19.54419 2.207773 0 0.0
-0.002370671 -0.02262525 -1.977884 -3.125601 0.3559316 0.2755811 -0.09034771 18.20211 2.267675 0 0.0
-0.01172834 -0.01209762 -0.9265768 -2.737572 1.185739 0.930927 0.03285842 19.25131 2.717592 0 0.0
0.04650288 -0.008064577 -4.355796 -3.69497 0.212872 0.1487351 0.1128744 16.69241 3.307874 1 0.0
0.03737078 -0.02911628 -4.350974 -10.06025 0.4816949 0.3085997 0.1267783 18.09025 1.996916 1 0.0
-0.03723247 0.01507707 -1.129935 -8.24371 1.448889 1.047867 0.3016222 19.80966 2.29352 0 0.0
0.02021822 0.03417655 -5.297985 -5.038201 0.5963173 0.4864671 -0.2050371 18.63439 2.543695 0 0.0
-0.005023461 -0.02301831 -2.833142 -2.844159 0.5554313 0.4477825 -0.2009472 18.50575 2.620272 0 0.0
0.008004911 -0.01230691 0.01290506 -6.255816 0.4932462 0.3847182 -0.08247784 18.02129 2.414062 0 0.0
0.007792982 -0.0007559844 3.215767 -0.2262518 0.6452289 0.4512558 0.02645537 18.10351 nan 0 0.0
0.04376728 -0.02605294 2.572795 -0.6775615 0.4930882 0.3192343 0.2699483 18.37942 2.061012 1 0.0
-0.0009495855 -0.01770045 -1.797975 -2.872548 0.3775366 0.2967583 -0.1553882 18.10525 2.630215 1 0.9419675
-0.003816334 -0.007374157 -1.944434 -3.076332 0.2534007 0.1702566 0.1092317 17.14573 2.653507 0 0.0
0.008098402 -0.02333521 -1.900548 -2.884513 0.3556072 0.2673907 0.08482955 17.98718 nan 0 0.0
-0.04149185 0.04461189 -4.13934 -0.7847485 1.76884 1.112198 0.597835 19.86406 2.346144 0 0.0
0.01664324 -0.04737693 0.1031603 -6.740788 1.034552 0.6773233 0.3798847 19.26322 2.058043 0 0.0
0.006300315 -0.0006986149 -1.956644 -2.675046 0.2345106 0.1900006 -0.1606062 14.89555 3.956479 1 0.9412594
0.01041779 -0.03550821 -2.171971 -3.612689 1.415354 0.9044172 0.4314722 19.79005 2.24161 0 0.0
0.02957145 0.009766816 -3.092168 -10.12407 0.5386482 0.3976689 0.006280334 18.97785 2.834213 1 0.0
0.02561899 -0.04198945 1.147527 -7.461942 1.363629 0.811572 0.537728 19.48064 2.739178 1 0.0
0.01743035 -0.02411128 -1.613654 -2.403462 0.4323144 0.3143802 0.1948094 18.16977 2.216057 1 0.6346099
0.0497743 -0.03864543 -3.532017 -7.573645 1.216469 0.7894338 0.2863338 19.49345 nan 0 0.0
0.02973322 1.12244e-06 -1.256821 -4.123565 1.225737 0.9010203 0.2895652 19.72602 nan 0 0.0
-0.006347817 -0.04573112 -4.001628 -8.117654 0.390362 0.3040291 -0.1090484 18.00324 2.675468 1 0.0
0.01405405 0.0297034 -1.121259 -7.695837 0.8569279 0.5945519 0.3944392 19.10376 1.631224 0 0.0
-0.05121786 -0.01309561 -1.599362 -7.086778 0.9767391 0.7145526 0.266542 19.20995 2.209394 0 0.0
-0.01600355 0.03695473 -2.215014 -4.268711 1.226587 0.8117048 0.2514001 19.55906 nan 0 0.0
0.01551838 0.005643802 -4.065462 -4.566416 1.054126 0.7777229 0.1688878 19.36085 nan 0 0.0
-0.05142421 -0.02248374 -2.405151 -5.792122 1.156463 0.7659463 -0.1489095 19.29802 2.428938 0 0.0
0.05751629 0.0175926 3.368876 2.427821 0.8450212 0.590886 0.3708862 19.25852 1.632744 0 0.0
-0.04115001 0.02757947 -0.6473052 2.790967 0.505351 0.3604553 0.09884341 18.77231 2.425076 1 0.0
-0.01034116 0.05960363 -10.48132 -15.07886 0.444667 0.3121601 0.04089837 18.60484 2.030598 1 0.0
-0.02143958 -0.01675384 -4.362164 -4.099025 0.8867203 0.6429563 0.3243865 19.14478 nan 0 0.0
0.008689656 -0.0305298 -2.158773 -3.184757 0.2380169 0.1614897 0.07009207 17.18282 2.972238 1 0.9695058
0.01307493 -0.009625937 -2.513829 -4.439233 0.9707387 0.6735048 0.3623311 19.22731 2.211269 0 0.0
0.01264842 -0.01009125 -2.416821 -10.37589 0.5056227 0.3792857 -0.04450903 18.50085 2.322201 0 0.0
0.01265088 0.003653102 -2.244912 -5.110128 0.5267525 0.3693341 -0.333319 18.32142 2.77832 0 0.0
-0.02344309 0.02460066 -0.5958812 -4.15302 1.227748 0.8670868 0.3322608 19.79913 nan 0 0.0
-0.06183847 -0.004074729 -4.191943 -1.741501 0.7337255 0.563636 0.005264069 19.13125 2.176868 0 0.0
-0.05706615 0.01261478 -1.738174 -2.815723 0.6349143 0.466215 0.06254106 19.04288 2.195654 0 0.0
0.0005664207 -0.01712442 -2.104206 -3.773633 0.3446086 0.2648073 -0.02114681 17.93869 2.48094 0 0.0
-0.03787714 0.02404508 2.825593 -12.32185 0.5812591 0.4357198 -0.02735635 19.06963 1.94413 1 0.0
-0.05665952 0.007911587 -2.397164 -5.055616 0.376651 0.2533371 0.1269246 17.80871 2.59012 1 0.0
-0.01410726 0.03789355 -2.957397 -4.912476 1.248169 0.8932643 0.3621518 19.73457 2.166981 0 0.0
-0.03040585 0.01171577 1.514752 -3.344519 0.3512304 0.2618326 0.04126746 18.19567 1.697445 1 0.0
0.03238921 0.005077316 -0.4047453 -2.198672 0.6304263 0.4384625 -0.1362633 18.82332 1.954931 0 0.0
0.04061274 -0.03381396 -4.372361 -6.131249 1.260905 0.829574 0.3830922 19.48055 nan 0 0.0
-0.01130035 -0.0219738 -1.939776 -3.140577 0.3107838 0.2138553 0.09434481 17.33364 nan 0 0.0
-0.004028847 -0.01973379 -0.7278864 -5.454458 0.7537451 0.5376172 0.3088099 19.09086 2.250036 0 0.0
-0.03716757 -0.01816418 -3.182752 -2.883018 0.5134728 0.4147647 -0.2252459 18.75325 1.806784 1 0.5138186
-0.05898615 0.01318922 -2.126619 -3.371597 0.3463616 0.1961109 0.248117 17.09007 2.537393 0 0.0
0.008288964 -0.01416852 -2.517994 -2.542315 0.3560608 0.2642978 0.1572279 18.05935 2.492863 0 0.0
0.03381265 -0.04073024 -0.3606543 -4.04434 0.9698919 0.6674942 0.1230722 19.12838 2.071241 0 0.0
-0.05927051 0.01317373 -4.609429 -4.527284 0.6825228 0.3766094 -0.02161641 17.62306 nan 0 0.0
-0.04116455 0.01184765 -0.7936836 -1.129096 0.6296533 0.4994924 -0.173527 18.89111 2.329147 0 0.0
0.01368317 -0.04929508 0.7515339 -4.2157 0.8000393 0.5602752 0.06753133 19.10848 2.029116 0 0.0
0.01480063 -0.02718151 -1.694104 -7.903827 1.244169 0.8956449 0.3259071 19.52968 2.088116 0 0.0
0.02139113 -0.006560951 -0.6715567 -8.380194 0.4163557 0.3182563 -0.07170908 18.45835 2.073679 0 0.0
-0.05988775 -0.01345339 1.528461 -6.591756 0.3662353 0.2957044 -0.1116559 18.41077 2.319815 0 0.0
-0.008005878 -0.04050515 -0.294813 -3.397336 0.9360657 0.6722163 0.1972273 19.35818 2.429199 0 0.0
-0.007273596 -0.02311768 -1.017026 -3.070914 0.883604 0.6302721 0.2331063 19.27359 2.427355 0 0.0
-0.05885032 0.02082636 -0.111942 -8.091441 0.9237994 0.839867 -0.2695239 18.91465 2.261095 0 0.0
-0.01594843 0.002824645 -2.401448 -4.113348 0.4712965 0.3158152 0.08770874 18.33761 2.635405 0 0.0
-0.01796424 0.009858462 -2.024386 -2.824696 0.3796759 0.2869916 -0.02999652 18.24732 2.783894 1 0.9471354
0.04600099 -0.01478956 -1.956019 -0.5304266 1.19486 0.783633 0.4525806 19.5341 2.280344 0 0.0
-0.02767575 0.05974393 1.267056 1.819301 1.285609 0.8464766 0.5138325 19.48246 1.892344 0 0.0
-0.01591778 -0.02798284 -1.614233 -2.056686 0.9989211 0.7139733 0.2233129 19.27181 1.720091 0 0.0
-0.007063172 0.004336713 -2.744576 -1.237197 0.7873256 0.6859344 -0.02799253 18.89972 2.366873 0 0.0
0.0170111 0.005296321 1.618783 -4.29505 0.3607892 0.2801626 -0.1119302 18.29693 1.979261 0 0.0
-4.944802e-05 -0.0341456 -0.6342882 -4.010277 0.4379661 0.3446076 -0.1119911 18.55865 2.190399 1 0.01794879
-0.03037855 0.05848015 -6.593867 -3.320379 2.182399 1.21254 0.581833 20.0068 2.268389 0 0.0
-0.0002624965 -0.05815911 2.66081 -9.712921 1.12189 0.7930488 0.2007308 19.47403 nan 0 0.0
-0.03753438 -0.04104111 -0.7900576 -3.646646 0.3494567 0.2854402 -0.1152386 18.24875 1.865993 1 0.007621521
-0.06376896 -0.01764152 -1.338444 -1.653447 0.6869572 0.5440456 0.00823269 19.1721 2.350632 0 0.0
-0.02861528 -0.02097544 -1.809945 -3.329922 0.4449986 0.4718499 -0.2231795 18.37362 nan 0 0.0
-0.008860713 -0.02172169 -1.82389 -3.472649 0.3497484 0.2802984 -0.1764739 18.1266 2.617741 1 0.9194226
-0.01606868 0.01065238 -1.720459 -3.023363 0.4167106 0.3108031 0.03390306 18.44084 2.059366 1 0.9413909
-0.06295012 0.0203994 -2.932401 -4.238972 0.4198978 0.2778674 0.1876363 18.29177 2.234364 1 0.002346486
0.0174815 -0.00887158 1.14498 2.428764 0.3811102 0.255992 0.3529293 17.5446 nan 0 0.0
0.01485453 0.003835778 3.984212 1.473446 0.9884804 0.6905639 0.07578556 17.38487 2.734521 0 0.0
0.06381886 -0.01024105 -0.7162483 -3.287426 1.44229 0.9519561 0.3995043 19.84536 2.690268 0 0.0
-0.003416141 0.04543271 1.234279 -2.187139 0.5630243 0.4156915 0.009371153 18.96852 2.02223 1 0.0
-0.02562609 -0.033929 0.3171797 -4.449738 0.6021171 0.492096 -0.2875291 18.99997 2.429689 1 0.002813629
0.05219791 -0.02758074 2.352224 -3.698474 1.413249 0.93378 0.4586823 19.56326 2.179958 0 0.0
0.007383436 -0.06528916 2.346784 -1.850476 1.277899 0.8280499 0.310649 19.59031 2.06933 0 0.0
-0.02621472 -0.04313026 0.6891982 -9.21791 1.393651 1.039922 0.2748391 19.74635 2.464144 0 0.0
-0.003390558 0.006389292 -3.295341 -5.794646 0.4173763 0.3374368 -0.04913061 18.02175 2.511658 0 0.0
-0.01621706 0.03767566 -5.47822 2.427737 0.3532123 0.2636427 0.07700169 17.98382 2.176233 1 0.0
-0.03560267 -0.02119987 -2.643959 -6.272769 0.2047119 0.1665605 -0.2049575 15.59379 4.138895 1 0.0
0.004664448 -0.01633493 -1.273309 -6.577003 1.335399 0.8889646 0.1807155 19.60022 nan 0 0.0
-0.007280397 0.04286894 -0.5062103 -3.92654 0.9888022 0.6956695 0.5486528 19.17216 2.039925 0 0.0
0.0561892 -0.01208087 -3.908562 -5.50428 0.2490083 0.176466 0.09170298 15.99688 5.178839 1 0.0
-0.02833238 0.04139116 -3.948449 -4.171299 0.4191075 0.2999514 -0.01100676 18.34779 2.825932 1 2.489803e-05
0.0400204 -0.03432098 -1.593497 -2.490554 0.3564434 0.2539142 0.0585879 17.97966 nan 0 0.0
-0.04879969 0.01845747 -0.3515652 -5.283649 1.17319 0.8648993 0.3575436 19.70504 1.917036 0 0.0
-0.001756538 0.04573413 -0.9499839 -1.984353 0.3443003 0.2364846 0.2007621 17.87685 2.784666 1 0.0002018409
0.01802143 -0.02821223 -1.842223 -3.877557 0.1417308 0.1151426 -0.2153488 14.45259 3.067146 1 0.001748369
-0.04348117 0.04105921 0.8786783 -1.246864 1.058643 0.7612391 0.4077032 18.12637 2.249178 0 0.0
-0.03316852 0.04106099 0.8571036 -3.874973 0.5304393 0.3673695 0.06424992 18.83754 1.924509 0 0.0
0.009836731 0.04329588 -3.113202 -4.151225 0.4253722 0.3123753 0.03756296 18.34177 2.282768 1 0.01326947
0.008793382 0.04170529 -4.152045 -5.885687 0.566025 0.4171989 0.03880524 18.77334 2.54426 1 0.0
