scripts/get_globular_clusters/output/NGC_6235.csv
# %ECSV 0.9
# ---
# datatype:
# - {name: x, unit: deg, datatype: float64}
# - {name: y, unit: deg, datatype: float64}
# - {name: pmx, unit: mas / yr, datatype: float64}
# - {name: pmy, unit: mas / yr, datatype: float64}
# - {name: pmx_e, unit: mas / yr, datatype: float64}
# - {name: pmy_e, unit: mas / yr, datatype: float64}
# - {name: pm_corr, datatype: float64}
# - {name: g_mag, unit: mag, datatype: float64}
# - {name: bp_rp, unit: mag, datatype: float64}
# - {name: filter, datatype: int64}
# - {name: memberprob, datatype: float64}
# meta: !!omap
# - comments: [deg deg mas/yr mas/yr mas/yr mas/yr dimless mag   mag   zeroone float]
# - __serialized_columns__:
#     bp_rp:
#       __class__: astropy.units.quantity.Quantity
#       unit: &id001 !astropy.units.Unit {unit: mag}
#       value: !astropy.table.SerializedColumn {name: bp_rp}
#     g_mag:
#       __class__: astropy.units.quantity.Quantity
#       unit: *id001
#       value: !astropy.table.SerializedColumn {name: g_mag}
#     pm_corr:
#       __class__: astropy.units.quantity.Quantity
#       unit: !astropy.units.Unit {unit: ''}
#       value: !astropy.table.SerializedColumn {name: pm_corr}
#     pmx:
#       __class__: astropy.units.quantity.Quantity
#       unit: !astropy.units.Unit {unit: mas / yr}
#       value: !astropy.table.SerializedColumn {name: pmx}
#     pmx_e:
#       __class__: astropy.units.quantity.Quantity
#       unit: !astropy.units.Unit {unit: mas / yr}
#       value: !astropy.table.SerializedColumn {name: pmx_e}
#     pmy:
#       __class__: astropy.units.quantity.Quantity
#       unit: !astropy.units.Unit {unit: mas / yr}
#       value: !astropy.table.SerializedColumn {name: pmy}
#     pmy_e:
#       __class__: astropy.units.quantity.Quantity
#       unit: !astropy.units.Unit {unit: mas / yr}
#       value: !astropy.table.SerializedColumn {name: pmy_e}
#     x:
#       __class__: astropy.units.quantity.Quantity
#       unit: &id002 !astropy.units.Unit {unit: deg}
#       value: !astropy.table.SerializedColumn {name: x}
#     y:
#       __class__: astropy.units.quantity.Quantity
#       unit: *id002
#       value: !astropy.table.SerializedColumn {name: y}
# schema: astropy-2.0
x y pmx pmy pmx_e pmy_e pm_corr g_mag bp_rp filter memberprob
[from data line 1002]
0.005774496 -0.01724069 -8.873608 -6.409633 3.347326 1.337754 0.25896 20.48173 nan 0 0.0
-0.0008799296 -0.01362996 -3.971569 -7.738604 0.1968988 0.1107211 0.2803971 16.96521 1.44264 1 0.9991068
0.0002079979 0.00311084 7.863539 2.652411 2.502145 1.301302 0.2260508 19.8385 nan 0 0.0
-0.02763506 0.03565321 -1.743357 -9.651119 3.041673 1.752754 -0.02662141 20.58335 1.045527 0 0.0
-0.02783658 -0.01731771 -3.731621 -7.744437 0.2796206 0.159144 0.3055563 17.64118 0.3631687 1 0.9937944
0.03496325 -0.01800977 -1.474857 0.2924425 0.8952061 0.5485291 0.4332586 19.39139 1.366253 0 0.0
-0.01325679 -0.01147909 -4.454427 -7.241293 1.093042 0.6389851 0.2282216 19.45595 1.211149 0 0.0
0.000702438 -0.02088742 0.9036844 -6.373984 1.922623 0.9853884 0.2876347 20.10255 1.259884 0 0.0
-0.02903726 0.05007439 -4.85199 -7.752796 1.027761 0.5576 0.4012312 19.63472 1.164043 0 0.0
-0.02809659 0.0111971 0.9195108 -2.005106 0.3439522 0.1917809 0.3005214 18.04234 1.555752 1 0.0
-0.008539569 0.01821869 -7.60044 -5.217058 3.943489 2.249132 0.4597276 20.7537 0.1358814 0 0.0
0.01900095 0.0006090215 -3.019558 -5.681636 0.2707461 0.1501057 0.3361685 17.691 1.567242 0 0.0
-0.05416742 0.008471497 -0.8338156 -2.986002 0.2868025 0.1501146 0.4360828 17.76596 1.503555 1 0.0
-0.01985656 -0.000125426 -4.016711 -7.418915 0.3801781 0.2177918 0.2806087 17.97653 nan 0 0.0
0.002849394 -0.04458625 -3.017258 -14.14406 1.625975 0.9371451 0.2559899 20.10229 nan 0 0.0
0.01393716 -0.05208279 -11.17895 -10.78206 1.502221 0.8329365 0.2984479 20.11973 1.115711 0 0.0
0.05271114 0.02746161 -3.664977 -8.900327 1.791163 1.087699 0.5293522 19.95626 nan 0 0.0
-0.01206797 -0.03480586 -2.819518 0.6465041 0.3154032 0.1867596 0.318929 17.90728 1.820097 1 0.0
0.03484376 0.01289122 -0.07851218 -4.527129 0.4324053 0.2727606 0.5592552 17.93751 nan 0 0.0
0.003699395 0.04936399 -0.6784464 -7.312282 2.544492 1.34016 0.2140014 20.48263 1.05357 0 0.0
0.03169194 0.01044865 -3.921311 -7.685262 0.08138761 0.04412666 0.2886606 15.09585 1.632935 1 0.9991833
0.0115125 0.006404359 -1.454371 -6.545737 1.181437 0.6937371 0.3859372 19.76807 nan 0 0.0
-0.03912293 0.02589821 -1.040773 -1.533395 1.217358 0.6649702 0.469173 19.66483 1.268452 0 0.0
-0.004495669 -0.050583 -1.579976 -5.224477 1.499193 0.8877088 0.3166665 20.22417 1.349598 0 0.0
0.002595128 -0.0449887 -4.41495 -7.719569 0.2911808 0.1721971 0.2401474 17.77439 1.413694 0 0.0
-0.01599028 0.04683971 -4.08479 -7.730005 0.3219406 0.1735272 0.3986952 17.96852 1.448254 1 0.989933
0.01071711 -0.04703757 -8.478254 -4.002245 2.439808 1.294255 0.3258441 20.53779 1.461634 0 0.0
0.01080507 -0.005329593 -5.276872 -8.043141 1.318607 0.650929 0.3392804 19.83671 1.002457 0 0.0
-0.0009645249 -0.03929715 7.850811 -0.6470386 1.010042 0.6116578 0.4394128 19.65868 1.32708 0 0.0
0.02535457 -0.02646679 -7.035613 -6.68049 0.427291 0.2410237 0.3687473 18.47121 1.105513 0 0.0
0.02544625 0.01168398 -0.4955314 -4.043176 1.093856 0.625259 0.5037578 19.37919 1.301382 0 0.0
-0.06420034 0.008543567 -1.388378 -3.072633 2.576935 1.669737 0.06693311 20.65895 1.616617 0 0.0
-0.01184264 -0.02657372 -8.486331 -7.988506 3.392215 1.724331 0.1614385 20.63665 0.6922798 0 0.0
-0.006488493 -0.02430172 -18.75847 -13.91112 1.959565 0.957748 0.2028106 20.29519 1.021124 0 0.0
-0.001289882 0.01062388 -3.907218 -7.269525 2.324641 1.225934 0.2262509 20.47062 1.170467 0 0.0
0.01771674 0.01352957 -4.092264 -7.659886 0.153538 0.08673198 0.3446646 16.57376 1.493261 1 0.9992686
-0.0214639 -0.02287842 -3.557395 -7.836548 0.4697723 0.267733 0.3263171 18.57858 1.40132 1 0.9835704
-0.04111263 0.01562657 1.257539 -7.604453 2.065932 1.143057 0.2386293 20.43878 0.9148178 0 0.0
0.04033601 -0.003873936 -6.374673 -7.970792 2.185209 1.085509 0.2434255 20.50658 1.100159 0 0.0
-0.03637311 0.04922773 2.369379 -1.837903 0.9468966 0.5336587 0.3943293 19.52916 1.672199 1 0.0
-0.02760831 -0.02859773 -2.193905 -2.174897 0.1145906 0.06221092 0.3285564 15.9135 1.598155 1 0.0
0.006747992 -0.0453684 -7.526889 -4.200627 2.058847 1.093298 0.1961746 20.31392 1.577841 0 0.0
-0.02105981 0.01460104 -3.823059 -6.369494 0.5279672 0.2955209 0.3046516 18.73654 1.052782 0 0.0
0.007568658 -0.01955057 -5.949495 -7.017461 1.965183 1.021453 0.1332692 20.37768 0.8218174 0 0.0
0.06098165 0.001466829 0.758824 -4.149928 0.6091666 0.3380969 0.429345 18.93134 1.476349 1 0.0
0.01923662 -0.03252165 -5.500725 -2.154408 1.298052 0.7743094 0.391797 20.02034 1.456202 0 0.0
0.05258652 0.03434528 -3.826737 -13.46778 0.400816 0.2208061 0.3621367 18.33227 1.318558 1 0.0
0.0329138 -0.0217038 -3.206108 -5.139962 0.8044087 0.476489 0.3866564 19.166 1.39406 0 0.0
0.007555963 0.007106532 -3.743309 -7.472865 0.2792795 0.153876 0.3796959 17.62098 0.567194 0 0.0
-0.007038153 -0.05050109 -3.509573 -4.921963 0.5572954 0.3222149 0.3106064 18.8739 1.289587 0 0.0
0.0387658 -0.01050725 -4.044613 -7.690707 0.3767873 0.2092567 0.3513665 18.2303 0.4485397 1 0.9921345
0.0004341497 0.0248775 -7.313453 -6.686823 3.126733 1.645587 0.04133556 20.66664 0.3037605 0 0.0
0.01275076 -0.0512568 -7.614184 0.9335336 0.4095235 0.2316953 0.2247887 18.32036 1.545454 1 0.0
0.01224574 -0.01138745 -13.54896 -14.11163 0.5126485 0.2824809 0.4240537 17.57146 1.381708 0 0.0
-0.005854329 0.01350195 -23.37712 -20.67106 2.562863 1.274755 0.2475997 20.28831 0.7965565 0 0.0
0.03234858 -0.02217479 -3.633665 -7.424458 0.3079685 0.1786836 0.2830073 17.93292 1.491066 0 0.0
-0.01398981 -0.02835348 -6.366103 -5.175543 2.421907 1.302615 0.1861719 20.57735 0.9434586 0 0.0
-0.02311617 0.05908389 1.857275 -4.751955 0.2655325 0.1420205 0.399613 17.5406 1.273346 1 0.0
0.001775832 -0.04651075 -0.6840376 -2.385838 1.185457 0.7019341 0.2836105 19.8983 1.207397 0 0.0
0.03130239 0.03796987 -2.281362 -1.837117 0.5812664 0.3320266 0.3939384 18.82054 1.288311 0 0.0
0.007934062 -0.05357387 -2.524434 -5.791253 0.6058783 0.3505334 0.3544224 18.95593 1.366837 1 0.0001427986
0.03437385 -0.001736121 -4.548478 -7.831072 0.4089914 0.2064131 0.4225192 18.1829 1.460764 1 0.988205
-0.02261851 0.0410004 -4.320435 -0.7773728 0.7027203 0.3860259 0.4282791 19.13328 1.452652 0 0.0
-0.002772347 -0.05493552 -2.33238 -6.752971 0.2715075 0.1622407 0.3141609 17.71232 1.557529 1 0.0
-0.01642835 0.04590124 -5.769233 -6.074971 1.485673 0.7624581 0.3725406 20.15627 1.14595 0 0.0
0.03049292 -0.04486419 -2.963967 0.0863602 3.074011 1.932187 0.02060575 20.56379 2.233259 0 0.0
-0.00109206 0.01229663 -2.383073 -4.57773 0.8354923 0.4600546 0.4474675 19.32284 1.184072 0 0.0
0.006635164 -0.04164906 -3.893873 -7.618851 0.1094217 0.06256263 0.1199008 15.71525 1.648367 1 0.9986803
0.02737992 -8.66358e-05 0.5153764 -6.743515 2.078098 1.229113 0.5196529 20.12284 nan 0 0.0
-0.003170341 0.05639639 -1.008095 -5.587735 1.201722 0.6939218 0.4212132 19.7239 1.340546 0 0.0
-0.002137232 -0.0230332 0.01166469 -3.415711 2.222228 1.133585 0.2409633 20.37262 1.377823 0 0.0
-0.003550837 0.0101451 -2.556333 -12.06063 0.5242961 0.2601849 0.4946995 18.23605 nan 0 0.0
0.009278102 -0.02023541 1.020534 -5.114334 3.044918 1.449473 0.2798476 20.53191 nan 0 0.0
0.00851376 -0.04385024 -5.206865 -1.669581 0.4998861 0.285028 0.3046931 18.61023 1.269512 1 0.0
-0.01618991 0.06200501 -1.357377 -7.44048 3.357083 1.816555 0.3036956 20.608 0.5041618 0 0.0
-0.00608047 0.01441556 -2.225287 -6.642974 1.902533 0.8279024 0.3754454 20.19081 0.9355679 0 0.0
0.0158773 -0.007451046 -3.86007 -7.441749 0.2971168 0.1655784 0.3715429 17.78323 1.426094 0 0.0
-0.003607368 0.01041785 -4.109747 -7.616579 0.1809646 0.09637856 0.3907014 16.62232 1.084488 0 0.0
0.03561292 -0.01890638 4.477461 -3.180712 2.276116 1.497909 -0.1878923 20.23869 nan 0 0.0
0.02011253 -0.03212123 -3.713139 -2.453945 0.8021614 0.4613793 0.4397114 19.37258 1.650856 0 0.0
-0.01178578 -0.03068596 -5.812029 -6.475536 2.253194 1.119531 0.2428296 20.45364 0.9370041 0 0.0
0.05876264 7.540911e-05 -3.93426 -3.635304 0.636435 0.3534604 0.3976298 18.97483 1.231436 0 0.0
0.01163592 -0.03889327 -3.198781 -1.481963 0.9230876 0.5633139 0.3544531 19.51022 1.30908 0 0.0
0.05108106 0.01417753 -1.259405 -6.974862 0.4663186 0.2342899 0.4335397 18.34686 1.515768 1 3.206052e-05
0.009660008 -0.01367607 -3.137151 -7.035801 1.434997 0.8159952 0.3410933 20.09717 0.9888973 0 0.0
0.03459526 -0.02067615 -2.452665 -6.236732 0.5931778 0.3598027 0.216459 18.8801 1.303885 0 0.0
-0.008268304 -0.028683 -1.863661 -7.120792 2.468552 1.326276 0.2724309 20.49815 1.010992 0 0.0
-0.0311995 0.04820854 -0.01621973 -10.17796 3.242171 1.703332 0.1820145 20.66589 0.8445702 0 0.0
0.00293386 -0.05831534 -5.717389 0.7130385 2.371881 1.352571 -0.1898082 20.43842 1.269419 0 0.0
0.02512819 -0.02838555 -5.054127 -7.96741 1.391902 0.7488919 0.3476531 20.12367 1.103462 0 0.0
0.03584207 -0.006745186 -2.618868 -5.207585 1.984005 1.00372 0.2129776 20.42672 nan 0 0.0
0.01079039 -0.01251457 -5.651273 -7.506693 0.9877581 0.563356 0.4059712 19.5619 1.121548 0 0.0
-0.0002582906 -0.002935456 -7.152784 -7.969419 1.093223 0.5961775 0.249159 18.60702 nan 0 0.0
-0.007959531 0.007020679 -3.95977 -7.432483 0.297854 0.1741293 0.2384127 17.67571 1.44512 0 0.0
-0.06311682 0.01871023 -1.491915 -5.667072 0.44464 0.2316326 0.430008 18.53881 1.456701 1 0.0
0.04454675 -0.003505182 -2.236753 -6.196539 1.755764 0.9104599 0.1932004 20.31511 1.340317 0 0.0
-0.0006397909 -0.003179597 5.674589 -5.833493 0.9430044 0.4637324 0.3901113 18.05546 nan 0 0.0
0.01858379 -0.05516179 -2.482051 -2.909901 0.3232827 0.191058 0.3960005 17.82698 1.076084 1 0.0
0.00352998 0.05751409 0.3152717 -1.420594 0.6786904 0.3734404 0.4321282 19.08317 1.339886 1 0.0
-0.01628341 0.01483055 -3.285339 -6.745993 1.16623 0.673097 0.3521025 19.75505 0.9378777 0 0.0
0.01323394 -0.02010412 -6.882242 -8.421227 2.537599 1.112135 0.2792979 20.43325 1.206953 0 0.0
0.02433267 0.02777647 1.42763 -0.09324587 1.049067 0.5935208 0.4416145 19.67212 1.099566 0 0.0
0.06465662 0.003935203 -3.345503 -8.464166 1.824006 0.9350902 0.317734 20.20993 0.981411 0 0.0
0.01654937 -0.05943399 -3.978503 -7.682988 0.1667846 0.1103335 0.2701848 16.69079 1.069429 1 0.9931292
0.01841351 -0.06115465 -2.436563 -11.16443 0.5934836 0.3432991 0.3890762 18.71474 1.701063 1 0.0
-0.001374917 0.0360908 -2.643767 -7.305463 1.524746 0.7729781 0.3924871 20.11695 1.068401 0 0.0
0.05384337 -0.00526129 -10.59933 -5.564788 1.30538 0.7392724 0.4627415 19.91129 1.067793 0 0.0
-0.003268085 0.004459297 -6.556113 -8.291652 0.5088836 0.2851838 0.3883272 17.85799 1.339167 0 0.0
0.005066485 -0.06148351 -4.779126 -3.873064 0.4106426 0.2452466 0.3250434 18.39403 1.662838 1 0.0
0.02609148 -0.01414164 -7.912057 -8.805474 2.540991 1.388424 0.4133848 20.48017 0.9081573 0 0.0
0.06017481 -0.001870684 -4.763067 -4.157116 0.6276279 0.333012 0.4341869 18.86365 1.465223 0 0.0
0.009910898 -0.0621418 -3.469066 -6.659178 0.626463 0.3729041 0.3745147 19.03982 1.535343 1 0.3635118
0.04083152 -0.0005209605 -9.183965 -4.94895 1.242556 0.7153826 0.4008248 19.93145 1.566782 0 0.0
0.001197071 -0.002401403 -5.823909 -6.363135 0.7629969 0.4275242 0.3451863 16.94358 0.9419861 0 0.0
0.0602233 0.01237338 -1.225971 -1.669296 1.988602 1.086453 0.3128083 20.40669 1.317987 0 0.0
0.01422393 -0.009869387 -3.18197 -8.132216 2.320514 1.286329 0.5412888 19.70536 nan 0 0.0
-0.00345195 0.01138869 -2.29654 -7.523426 0.7703843 0.4321808 0.4211652 19.20942 nan 0 0.0
0.007261932 0.05972838 -1.811781 -19.01794 0.8349345 0.4611533 0.4641088 19.37374 1.170095 0 0.0
0.06449826 -0.002440992 -1.493204 -8.559614 0.3380691 0.1772149 0.1594883 17.77195 1.159815 1 0.0
-0.005289419 0.02262292 -4.195041 -7.732693 0.3401546 0.1835031 0.4099133 17.9381 1.381403 1 0.9972274
-0.01198879 0.03063718 -3.046665 -8.838161 2.260309 1.228479 0.2902638 20.53121 0.9537239 0 0.0
0.06249922 -0.01761114 -6.06791 -1.494649 1.445676 0.7644811 0.4217993 20.05957 1.751274 0 0.0
0.002666895 0.01504509 -6.5148 -4.795782 2.770249 1.50315 0.2592033 20.13554 1.160334 0 0.0
-0.01916742 0.02358683 -9.203393 -4.356128 1.435755 0.7892138 0.3760249 20.18709 1.248123 0 0.0
3.842789e-05 -0.02063565 -2.354325 -7.427395 1.011625 0.5847582 0.3600098 19.68164 0.9245529 0 0.0
0.03208961 -0.0425948 -6.868991 -8.467779 1.774271 0.9066179 0.4141232 20.31081 1.187756 0 0.0
-0.02338835 -0.004297341 -4.480219 -7.328821 0.3285952 0.1778866 0.2538739 17.83282 0.4630337 1 0.9665233
0.002638342 -0.0004101505 -4.674908 -8.829292 0.5559039 0.3061733 0.3637506 18.00876 1.088058 0 0.0
0.002652525 0.002426077 -4.810104 -6.118685 3.363692 1.993327 -0.2490177 20.12309 nan 0 0.0
0.002312866 -0.02999884 -6.92456 -10.58485 2.299548 1.203404 0.1964966 19.96683 1.24416 0 0.0
-0.00390333 -0.0179864 0.1262587 -4.49294 2.729801 1.566686 0.2541671 20.15419 nan 0 0.0
0.05532725 -0.004506556 -3.807106 0.5322598 0.5309106 0.3009051 0.4229762 18.73256 1.323391 1 0.0
0.003005785 0.00261299 -10.59405 -14.11453 2.274939 2.156619 0.2426803 19.88015 nan 0 0.0
-0.002773486 0.002757953 -1.029046 -7.507308 1.875322 1.003985 0.1956945 19.20261 nan 0 0.0
0.04101333 -0.006967852 -7.101763 -8.22292 2.039569 1.031468 0.1529367 20.33283 0.9587307 0 0.0
-0.00136016 -0.02831655 -9.424892 -10.29847 3.110146 1.189651 0.2465066 20.34326 1.317144 0 0.0
0.01926856 -0.005610879 -3.869298 -7.768692 0.4262024 0.2351116 0.3422498 18.35469 1.361551 1 0.9959992
0.03859649 -0.009637456 -4.738065 -8.43136 1.995196 0.9835348 0.1952576 20.45306 0.1918755 0 0.0
0.02165829 0.006424143 -1.626281 -1.668139 2.062328 0.8927186 0.2985667 20.24358 1.07328 0 0.0
-0.02086314 0.02253373 -3.679261 -7.437025 0.9100114 0.5219574 0.3933951 19.48438 1.170259 0 0.0
0.0175713 -0.01949615 -8.946236 -10.65907 2.894282 1.607047 0.4632272 20.60067 1.018255 0 0.0
0.01676009 0.04953089 -4.095479 -5.645401 1.197768 0.6612627 0.3509159 19.7635 1.228456 0 0.0
-0.002871736 -0.02962883 -6.963918 -7.640731 2.12492 0.914974 0.2369146 20.20516 1.222109 0 0.0
0.004136028 -0.003351318 -7.514029 -8.510722 1.323202 0.7466218 0.5985106 19.67402 nan 0 0.0
0.03862637 -0.003738035 -3.515115 -1.402042 0.6617619 0.3737768 0.3413353 18.44545 1.434462 0 0.0
0.02271031 -0.04162213 -2.054726 -7.430398 1.319229 0.7586698 0.349785 19.99113 0.9434319 0 0.0
0.005309555 0.01695618 -4.837667 -8.043617 0.4494402 0.2449671 0.3739666 18.49907 1.409176 0 0.0
-0.02112753 -0.004926408 -5.460729 -8.897566 1.89205 1.012767 0.1916918 20.22744 0.8909645 0 0.0
-0.009809808 -0.005052955 1.505799 -10.57144 2.132857 1.15187 -0.03709951 20.19519 nan 0 0.0
-0.01659249 -0.0004759549 -6.6973 -9.322394 1.75312 0.9867197 0.3068755 20.03932 nan 0 0.0
0.02652643 -0.03024928 -1.671439 -1.381684 1.25089 0.7031293 0.3547 20.04355 nan 0 0.0
-0.04115649 0.02063335 -4.779441 -3.308707 1.446435 0.7778291 0.3408845 20.14412 nan 0 0.0
0.01752898 -0.01892013 -4.22546 -8.946753 2.212288 1.140841 0.1806827 20.49629 0.9374886 0 0.0
-0.01657833 -0.0007982952 -3.688927 -8.796936 3.082101 1.922466 0.1753686 20.45952 nan 0 0.0
-0.04430253 0.003473884 -3.18729 -6.830904 2.641818 1.743167 0.3202472 20.53501 0.8590374 0 0.0
-0.01935709 -0.03581375 -6.31942 -9.175644 2.32792 1.255762 0.07259195 20.50332 1.945032 0 0.0
-0.001614804 0.002660696 -3.899543 -7.623221 0.08439587 0.046508 0.2576172 15.06054 1.676387 1 0.9997726
0.02630266 0.05745255 -3.581434 -6.872504 1.334787 0.7173951 0.4271939 19.90492 1.0798 0 0.0
-0.01230752 -0.04155026 -3.059457 -7.149079 1.332412 0.6925459 0.3957076 19.94219 1.067905 0 0.0
0.005716792 -0.04645554 -4.034783 -5.034521 0.5011785 0.2781364 0.3990929 18.51719 1.457527 0 0.0
0.000321062 0.01264377 -4.719691 -6.510295 1.572637 0.7960649 0.2182382 19.90586 nan 0 0.0
-0.03540199 0.009700086 -7.605932 -9.252332 1.417299 0.7228273 0.3091168 20.0386 1.087692 0 0.0
0.04363894 -0.01481166 -6.848797 -7.522536 2.352258 1.66962 0.6319452 20.25013 nan 0 0.0
0.0001656185 0.01291461 -9.109646 -10.67566 1.040366 0.5703294 0.4565145 19.43833 0.998148 0 0.0
0.02917351 -0.004529212 -5.288967 -7.611457 0.7795737 0.4306846 0.4182045 19.13951 1.289398 0 0.0
-0.02564207 0.03475904 -3.113511 1.261642 0.7636045 0.4248973 0.3919888 19.20147 1.249372 1 0.0
