scripts/get_globular_clusters/output/NGC_6569.csv
# %ECSV 0.9
# ---
# datatype:
# - {name: x, unit: deg, datatype: float64}
# - {name: y, unit: deg, datatype: float64}
# - {name: pmx, unit: mas / yr, datatype: float64}
# - {name: pmy, unit: mas / yr, datatype: float64}
# - {name: pmx_e, unit: mas / yr, datatype: float64}
# - {name: pmy_e, unit: mas / yr, datatype: float64}
# - {name: pm_corr, datatype: float64}
# - {name: g_mag, unit: mag, datatype: float64}
# - {name: bp_rp, unit: mag, datatype: float64}
# - {name: filter, datatype: int64}
# - {name: memberprob, datatype: float64}
# meta: !!omap
# - comments: [deg deg mas/yr mas/yr mas/yr mas/yr dimless mag   mag   zeroone float]
# - __serialized_columns__:
#     bp_rp:
#       __class__: astropy.units.quantity.Quantity
#       unit: &id001 !astropy.units.Unit {unit: mag}
#       value: !astropy.table.SerializedColumn {name: bp_rp}
#     g_mag:
#       __class__: astropy.units.quantity.Quantity
#       unit: *id001
#       value: !astropy.table.SerializedColumn {name: g_mag}
#     pm_corr:
#       __class__: astropy.units.quantity.Quantity
#       unit: !astropy.units.Unit {unit: ''}
#       value: !astropy.table.SerializedColumn {name: pm_corr}
#     pmx:
#       __class__: astropy.units.quantity.Quantity
#       unit: !astropy.units.Unit {unit: mas / yr}
#       value: !astropy.table.SerializedColumn {name: pmx}
#     pmx_e:
#       __class__: astropy.units.quantity.Quantity
#       unit: !astropy.units.Unit {unit: mas / yr}
#       value: !astropy.table.SerializedColumn {name: pmx_e}
#     pmy:
#       __class__: astropy.units.quantity.Quantity
#       unit: !astropy.units.Unit {unit: mas / yr}
#       value: !astropy.table.SerializedColumn {name: pmy}
#     pmy_e:
#       __class__: astropy.units.quantity.Quantity
#       unit: !astropy.units.Unit {unit: mas / yr}
#       value: !astropy.table.SerializedColumn {name: pmy_e}
#     x:
#       __class__: astropy.units.quantity.Quantity
#       unit: &id002 !astropy.units.Unit {unit: deg}
#       value: !astropy.table.SerializedColumn {name: x}
#     y:
#       __class__: astropy.units.quantity.Quantity
#       unit: *id002
#       value: !astropy.table.SerializedColumn {name: y}
# schema: astropy-2.0
x y pmx pmy pmx_e pmy_e pm_corr g_mag bp_rp filter memberprob
[from data line 4212]
0.06014408 0.007296785 -0.5598539 -4.771436 0.7043965 0.5997175 0.2214958 19.22511 1.267288 0 0.0
-0.03809483 -0.02957007 -5.245665 -3.29598 0.3005233 0.2540967 0.2336952 18.1429 1.509289 0 0.0
0.04655629 -0.04353002 -1.07585 -6.42457 0.4538799 0.3716868 -0.0248591 17.13989 1.28022 0 0.0
-0.0113128 -0.07497495 -5.317599 -4.731174 1.262196 1.106021 0.4446707 19.55865 0.7866573 0 0.0
0.0368521 -0.006650865 -3.869006 -5.459766 1.10234 0.9684535 0.5182303 19.65382 nan 0 0.0
0.06716821 -0.0328177 -3.403909 -8.564233 0.5024672 0.4212621 0.3461791 18.71371 1.366367 0 0.0
-0.03792207 -0.07143247 -0.3495496 -1.909248 0.4651287 0.4027788 0.3038427 18.36279 1.417257 0 0.0
0.01312244 -0.04879875 -2.47056 -6.009803 0.4550543 0.3828095 0.1094779 18.71285 1.533251 0 0.0
0.04580389 0.007070409 -0.6531739 -6.574617 0.6600329 0.564833 0.3399513 18.78307 1.353853 0 0.0
-0.008464265 -0.06001722 -4.332798 -7.25707 0.1838046 0.1581677 0.2087955 17.18637 1.90045 1 0.9578418
-0.01818034 -0.06566056 -3.568961 -8.066532 0.4496647 0.3530081 -0.4743353 17.92701 1.698309 0 0.0
-0.01600127 -0.08032575 -6.872564 -1.823889 0.1983382 0.166591 0.2654742 17.31273 nan 0 0.0
0.08100852 -0.00448751 -0.858548 -2.162785 0.1173619 0.09844477 0.2168141 16.32881 1.828016 1 0.0
0.007705592 -0.05451637 -2.18843 -0.7349482 0.6440397 0.5360657 0.0773906 18.12768 1.42561 0 0.0
0.06668094 -0.0256152 0.3359374 -5.314732 1.062553 0.9338004 0.1064137 19.58577 nan 0 0.0
0.0685373 0.030717 0.4352299 -0.7622667 0.4366093 0.3581366 -0.02618635 18.57004 1.432259 0 0.0
0.05934054 -0.0324919 -0.7397977 -9.370079 0.7319291 0.6373708 0.4273235 19.1615 0.8716183 0 0.0
0.05617605 0.006433348 3.867347 -1.275766 0.7731388 0.6574548 0.2715954 19.39147 2.081736 0 0.0
-0.02136428 -0.07902221 -4.96073 -5.352056 0.4518025 0.381128 0.2206834 18.90195 1.284084 0 0.0
0.0561586 0.02038371 -1.182562 -3.974409 0.1392608 0.1171042 0.1559731 16.69783 1.718383 1 0.0
0.05342853 0.008485379 -4.7714 -3.140334 0.4488478 0.379201 0.2071448 18.73994 1.36693 0 0.0
-0.01341171 -0.07265208 -4.06425 -6.094029 0.5956413 0.4742643 0.09242254 19.03626 nan 0 0.0
0.07297084 -0.004456011 3.337025 -5.870756 0.1513698 0.1278525 0.136858 16.68883 1.812815 1 0.0
0.0523653 0.008426861 0.5385694 0.4568037 0.7014481 0.5934436 0.2012382 19.37893 0.9362221 0 0.0
-0.001467823 -0.06428549 -1.662212 -5.396272 1.100194 0.9789784 0.5321406 19.65737 1.419065 0 0.0
0.05881639 -0.0008429252 -0.5486289 -3.238399 0.3087237 0.2599895 0.1863163 18.21878 1.361609 0 0.0
0.00172007 -0.02123093 -3.731453 -3.830669 0.2964578 0.2564996 0.3875217 17.81558 1.789799 0 0.0
0.05602179 0.008623079 0.0823279 -7.371393 0.3319608 0.278844 0.1734393 18.21137 1.56963 0 0.0
0.0104013 -0.04880031 -3.57457 -1.343161 1.284842 1.113671 0.2693547 19.29444 1.263643 0 0.0
-0.03016002 -0.03864039 -4.209522 -7.210978 0.9029335 0.8239163 0.9395659 18.02885 1.686087 0 0.0
0.01226569 -0.06032473 -2.690825 -6.205105 0.2728629 0.2311337 0.2545519 17.82994 1.76816 0 0.0
-0.01040804 -0.05700381 1.701636 -1.932296 0.3608153 0.3108118 0.1924746 17.87539 1.638145 0 0.0
0.07557723 -0.01953189 0.1343702 -5.436622 1.136961 1.022115 0.6971746 19.48231 nan 0 0.0
0.05310002 0.02344872 -9.446234 -6.146878 1.254069 1.062364 0.2528731 19.93657 1.467405 0 0.0
0.05683369 0.02165168 -2.875267 -8.702216 0.5801393 0.5041525 0.3450227 18.83711 1.419724 0 0.0
0.0412786 -0.02251997 1.714263 -7.250541 1.774097 1.633579 0.320337 19.9826 nan 0 0.0
0.001978557 -0.05601333 0.03802392 -2.321925 0.3215318 0.2898689 0.4309225 17.83934 1.470629 0 0.0
0.06226086 -0.00692772 0.5571241 -2.301153 0.08050773 0.0654026 0.02359891 15.31503 1.866489 1 0.0
0.03917953 -0.020894 0.9611084 2.115611 1.301577 1.163497 0.1906328 20.00073 nan 0 0.0
0.07212287 0.03858017 -0.7102051 -3.844135 0.572361 0.487948 0.183134 19.04848 nan 0 0.0
0.06957361 0.02911596 -4.620021 -2.541926 1.016474 0.8398534 0.1558846 19.51168 1.23473 0 0.0
-0.01289514 -0.06114116 2.636346 -6.616345 0.302697 0.2559592 0.228998 18.27599 1.728424 0 0.0
0.06159145 0.0001203837 -5.772154 -5.401822 0.6316792 0.5468717 0.3567473 19.16857 1.362532 0 0.0
0.01345732 -0.06264423 -6.433328 -9.91806 0.257755 0.2204027 0.3151625 17.78146 1.772814 0 0.0
0.0545179 0.008889101 0.6968475 -6.888038 0.6814253 0.5841244 0.3430322 19.21435 1.345205 0 0.0
-0.02717752 -0.04499666 -6.543997 -5.47701 0.2773443 0.2351145 0.2707561 18.08393 1.758711 1 0.0
0.004517967 -0.05855782 -1.555117 -6.916863 1.417688 1.232431 0.5452737 20.0511 1.357496 0 0.0
0.04513629 0.02060529 -1.937018 -5.885934 0.5865028 0.4973869 0.3065109 19.0347 1.400675 0 0.0
0.05456042 -0.00692094 -3.652302 -6.340139 0.1301579 0.1152207 0.4710079 16.04078 1.891363 1 0.0
0.01356741 -0.01884581 -1.110256 -4.683359 1.400781 1.275179 0.7762758 19.36598 nan 0 0.0
0.06062541 0.02950183 -2.545059 -5.014603 1.066531 0.9518054 0.4506772 19.68159 nan 0 0.0
0.013386 -0.01849484 -4.03914 -7.087843 0.2532355 0.2162616 0.1911014 17.14625 1.587116 0 0.0
0.01543457 -0.01514967 -4.153695 -7.22635 0.06368176 0.05306652 0.1522436 14.60706 2.203114 1 0.99774
0.06028816 0.02939714 -0.2452946 -6.824186 0.9363369 0.8076056 0.414595 19.25993 1.434734 0 0.0
0.08144964 -0.004108336 -6.812474 -5.37479 0.3221204 0.2747877 0.3125298 18.05058 1.289343 0 0.0
0.03530192 0.007654857 -3.279013 -4.115582 0.9051182 0.8165502 0.4702615 19.34219 1.082199 0 0.0
0.05463964 -0.04824179 0.6267007 1.981025 1.112016 0.965599 0.333488 19.47981 1.613895 0 0.0
0.02466592 -0.007611923 0.2301005 -3.907219 0.5301435 0.4098611 0.3599143 18.3252 nan 0 0.0
0.00977796 -0.0616386 -1.748608 -8.683361 0.4398464 0.365543 0.1739246 18.7829 nan 0 0.0
0.03011422 0.003355623 -1.611459 -3.945932 1.967752 1.650993 0.2591121 19.7812 nan 0 0.0
-0.01061647 -0.04728781 -1.087602 -3.99248 0.3267709 0.2787449 0.3105831 18.17008 1.914801 1 0.0
-0.01691226 -0.05719551 -6.344441 -3.528748 0.1680179 0.143253 0.3220933 16.99372 1.896108 1 0.0
-0.01520062 -0.06542542 -2.556423 -2.560219 0.2075687 0.169428 0.0622114 17.23229 1.747477 1 0.0
0.04476797 0.009813685 0.403376 -5.196737 0.1098193 0.09480459 0.3209263 15.98011 1.618355 1 0.0
0.0802981 -0.0164021 -2.42963 -6.513594 0.8022131 0.7025261 0.4282167 19.34899 1.452253 0 0.0
0.06755493 0.03519427 -3.821821 -4.852054 0.8315954 0.6967836 0.07770171 19.52662 1.176224 0 0.0
0.05861089 0.04308536 -1.190793 -5.196621 0.1544166 0.1311747 0.1216108 16.84727 1.789847 1 0.0
0.03093162 -0.0335156 -3.929453 -7.423309 1.054994 0.8696598 0.1214167 19.36144 1.240976 0 0.0
0.06708635 -0.002818856 -0.6191402 -2.514453 0.4504212 0.380595 0.1367444 18.83205 1.507084 0 0.0
0.06020066 0.01453704 -2.630227 -6.474332 0.8438991 0.7238082 0.3074899 19.55256 nan 0 0.0
0.05435907 0.003382678 -1.500543 -0.2877548 0.6276787 0.5466914 0.5826122 18.89717 1.076344 0 0.0
-0.00151993 -0.04706405 -3.608522 -5.125651 0.1455073 0.1231138 0.1852595 16.88618 1.948279 1 0.0
0.0209318 -0.0102336 -2.28109 -4.48007 0.951781 0.7863897 0.172604 15.68485 1.780678 0 0.0
0.05176546 0.002356107 -3.338441 2.932197 0.4341887 0.3680722 0.2624834 18.72089 1.183634 0 0.0
-0.003023529 -0.03293826 -5.484902 -7.630989 0.8507796 0.7398405 0.3181767 19.1697 1.486208 0 0.0
0.05085989 0.005944334 0.4841167 -0.4256199 0.5370612 0.4554598 0.2735813 18.844 1.062494 0 0.0
0.04287659 0.01340231 -6.893223 -6.798544 2.294778 1.889001 0.2289757 19.73262 nan 0 0.0
0.07705618 -0.01798244 -3.244187 -5.294242 1.151062 1.009957 0.4549156 19.69341 nan 0 0.0
0.004727347 -0.01804385 -4.103152 -7.550376 0.269377 0.2217998 -0.1157573 17.17675 nan 0 0.0
0.01815684 -0.01444635 -4.128675 -7.181431 0.1731986 0.1439673 0.2027051 17.04516 1.635939 0 0.0
0.03714063 0.001613562 -4.552921 -7.040614 0.3592548 0.3033797 0.1944322 18.50087 1.496096 0 0.0
0.04891515 -0.0427683 -2.633547 1.332561 0.7195215 0.6354202 0.503133 19.10405 1.149342 0 0.0
0.02705171 -0.005953198 -7.088229 -6.666294 1.029036 0.828539 -0.170525 19.62431 nan 0 0.0
-0.004551948 -0.05051263 1.206887 -2.58474 0.3807954 0.3163801 0.1687453 18.40953 nan 0 0.0
0.02450241 -0.03752101 -2.671023 -6.369045 0.2263279 0.1926383 0.2571671 17.5421 1.486542 0 0.0
0.02759597 -0.006689596 -4.080678 -7.544914 0.4093513 0.3293377 -0.01352445 18.09019 1.760576 0 0.0
-0.0308021 -0.05622445 0.05703832 -3.636419 0.9023597 0.8038467 0.6277266 19.15977 1.248238 0 0.0
-0.01434348 -0.07875764 1.746776 -6.929416 1.137824 1.018972 0.6576144 19.36468 1.401556 0 0.0
-0.03792525 -0.063702 -10.43628 -8.672902 1.430625 1.206855 0.2138589 19.84977 1.304527 0 0.0
0.05401502 -0.05274276 -1.847182 -1.292806 1.737643 1.516581 -0.01684665 20.04422 nan 0 0.0
-0.02720163 -0.05109827 -5.949697 -6.830832 0.7129854 0.605613 0.238202 19.43944 nan 0 0.0
0.02440546 -0.01212083 -4.346694 -7.311229 0.1049284 0.08683148 0.1192442 13.45595 3.017982 1 0.9901095
-0.02256375 -0.04739677 1.460755 -3.721745 1.202264 1.065275 0.2330638 19.67368 1.609983 0 0.0
0.05428253 -0.03854271 -3.43059 -7.880268 2.210233 2.087338 0.4685483 19.9608 3.453499 0 0.0
-0.01422036 -0.0371679 -3.733746 -2.220264 1.685677 1.472149 0.1032182 19.87624 1.804895 0 0.0
0.06438965 -0.002992412 -0.2601007 -3.805377 0.6061963 0.4989853 -0.08987827 18.92456 nan 0 0.0
0.01644543 -0.0163324 1.070443 -5.057937 0.5274928 0.4284752 -0.1251351 18.5112 1.693117 0 0.0
0.04583397 0.01542268 -1.995493 -3.581001 1.174792 0.9325946 0.01740241 19.5142 1.045208 0 0.0
-0.03872869 -0.06325792 -3.060691 -8.724271 0.5974058 0.472092 -0.03892871 18.94021 1.344213 0 0.0
-0.01836659 -0.04119314 -3.742628 -5.732144 0.1039762 0.08799376 0.1306798 16.20644 2.050817 1 0.0
0.04575639 0.0158614 -6.953912 -9.279674 1.101554 0.9600483 0.3929752 19.6493 1.171154 0 0.0
-0.001649033 -0.07372877 -3.763027 -6.85829 0.3078946 0.2765768 0.6857173 17.30707 nan 0 0.0
-0.01439682 -0.06899584 -3.157404 -5.17643 0.976741 0.7036482 -0.4227018 19.06289 1.174799 0 0.0
-0.0390645 -0.06571472 -4.603223 -4.701228 2.079464 1.783856 0.1162381 19.37053 1.572107 0 0.0
0.04217603 0.01260154 -4.732851 -7.991459 0.8197503 0.7332377 0.4293879 19.43419 nan 0 0.0
0.009960236 -0.05338552 2.298555 -5.090265 0.4315002 0.3563605 0.1242701 18.72964 1.310329 0 0.0
-0.0596947 -0.05779501 -4.263286 -7.339226 0.1551925 0.1317001 0.1437805 17.02901 1.650286 1 0.9360103
-0.03960858 -0.06582749 -4.694611 -7.498602 0.9063546 0.7506583 0.05771473 19.41447 nan 0 0.0
-0.01597688 -0.07160726 -2.555342 -7.641631 0.2099539 0.1776807 0.2283948 17.45391 1.711344 0 0.0
-0.007012313 -0.07120179 -1.165133 -1.190921 0.8722455 0.7674273 0.3838874 19.25486 2.22366 0 0.0
-0.03129407 -0.05738237 -2.926626 -8.633409 0.5240525 0.4528914 0.4710907 18.70199 1.080009 0 0.0
-0.003358919 -0.07602908 -4.065546 -5.817194 1.112029 0.9587042 0.1253649 19.84548 1.119576 0 0.0
0.05074842 -0.008149006 -4.358659 -6.386709 0.3833702 0.3231318 0.1982611 18.43103 1.215275 0 0.0
0.05621286 0.02431472 -0.9410703 -0.03873669 1.020193 0.8810757 0.5354859 19.45658 1.787163 0 0.0
0.05573829 0.01152051 -0.02313255 -7.919918 1.758405 1.38737 -0.4473561 19.88249 0.6910133 0 0.0
-0.06685949 -0.04020273 -5.316012 -4.353095 0.9581977 0.8235729 0.1562624 19.70682 1.020351 0 0.0
-0.04160254 -0.06844715 -1.445781 -5.005282 0.6267498 0.5424893 0.4177724 19.05059 1.367735 0 0.0
0.06601695 0.02460578 1.20094 -0.67335 1.368041 1.157061 0.2847692 18.90545 1.3232 0 0.0
0.07028444 -0.02519444 -4.649161 -5.262001 0.6374105 0.5511169 0.36004 19.03602 1.217068 0 0.0
0.002808852 -0.02123286 -4.342607 -7.521628 0.247891 0.2101477 0.2156572 17.94267 1.803358 0 0.0
0.0299064 0.002207467 -2.517118 -2.964151 1.355369 1.121904 0.006910818 19.68923 1.703545 0 0.0
-0.06540914 -0.03870061 -5.05967 -4.278722 1.089815 0.9360559 0.1608833 19.66568 nan 0 0.0
0.05910585 -0.0346852 -3.164378 -0.7085696 0.966716 0.8331059 0.3710311 19.53389 1.202511 0 0.0
0.03768054 -0.009697236 -1.479581 -3.473375 0.1567972 0.1310504 0.1388608 16.98933 1.369361 0 0.0
-0.04026511 -0.0457949 -4.558663 -5.314517 1.516123 1.285321 0.8965558 18.98267 1.152323 0 0.0
-0.04209435 -0.06948688 -6.027795 -3.190865 1.231322 0.9918335 -0.2479861 19.63331 nan 0 0.0
0.05838828 0.01922647 -1.805451 -5.068136 0.7841443 0.670746 0.2347636 19.51697 nan 0 0.0
0.02945191 -0.04065051 -3.941192 -4.105568 0.4788549 0.4055224 0.1506178 18.82988 1.156061 0 0.0
0.04706916 -0.003456885 -5.608544 -4.950174 0.990163 0.8457253 0.3070088 19.7983 nan 0 0.0
0.02028608 0.0008730305 4.145324 -2.838333 0.4337487 0.3603013 0.0614237 18.24629 1.613077 0 0.0
0.05476371 -0.01387525 -9.6301 -5.339744 1.371859 1.18878 0.09833852 19.53545 1.27701 0 0.0
0.02256457 -0.01270782 -3.893222 -6.950638 0.1858719 0.1551026 0.2689172 17.00489 1.593103 0 0.0
0.05038783 -0.003767628 0.5398612 -6.54274 0.6563793 0.5535994 0.2934086 19.17647 1.253077 0 0.0
0.001278797 -0.06264135 -1.779278 -5.101154 0.2800349 0.2437053 0.2766958 17.39358 1.935514 0 0.0
-0.02339327 -0.04660352 1.22268 -5.053226 0.1953872 0.1672128 0.3422559 17.29671 1.31283 0 0.0
-0.04009135 -0.02818427 -3.784335 -7.305371 0.1453682 0.1231001 0.2062072 16.88387 1.476984 1 0.9381093
0.04806485 0.01653925 -1.762994 -6.907303 1.151676 0.9959602 0.2850359 19.87915 nan 0 0.0
0.0285813 -0.006419052 -2.584247 -3.549014 0.2228767 0.1886149 0.2710828 17.27379 1.846855 1 0.0
-0.02056615 -0.05667173 -3.847547 -2.951981 0.3561861 0.3007513 0.06753772 18.18281 1.53866 0 0.0
0.05958183 0.0200783 -7.273475 -7.18581 1.36556 1.173131 0.3024619 20.06055 nan 0 0.0
0.03249982 0.003406312 -2.178034 -8.091934 1.340204 0.9988525 -0.3355771 19.69884 1.494722 0 0.0
-0.013182 -0.04840584 -3.067553 -0.5801057 0.5983168 0.512018 0.3081929 19.06656 1.531477 0 0.0
0.01175254 -0.02033902 -1.210773 -0.4168158 0.4542374 0.3835026 0.2301178 18.66818 nan 0 0.0
0.05248854 -0.002855178 -1.714266 -6.735986 0.2891536 0.2452415 0.3953649 17.68079 1.475372 0 0.0
0.06568478 0.03165176 3.476485 -7.351779 1.535536 1.240295 -0.2078248 19.79853 1.236629 0 0.0
0.06695211 0.02662308 -4.059579 -4.239238 2.282641 1.968866 0.504561 20.38118 nan 0 0.0
0.0549724 -0.05519427 -3.154453 -5.412947 0.6269883 0.535244 0.2894166 18.97131 nan 0 0.0
0.07397744 -0.01018267 -1.0647 -1.9086 0.4292581 0.371185 0.4375117 18.5002 1.397808 0 0.0
0.03767277 -0.02870778 -2.08655 -6.234199 1.182994 1.069819 0.4933211 19.82125 1.106693 0 0.0
0.02720547 -0.012093 -1.380433 -7.528084 0.9243318 0.7799792 0.3050612 19.36389 1.42985 0 0.0
0.007809141 -0.05578476 -1.030121 -1.128251 0.4160849 0.3466303 0.1399923 18.6741 1.413162 0 0.0
0.05070683 0.01054494 -2.173295 -7.212525 0.6933889 0.5861204 0.2031204 18.99649 1.414167 0 0.0
0.001434143 -0.07061788 -3.27428 -2.192178 1.99275 1.749409 0.3042114 19.43836 1.85321 0 0.0
0.01566103 -0.05554353 -2.241656 -3.459962 0.803084 0.6804286 0.1591468 19.45058 nan 0 0.0
0.01385293 -0.01652652 -4.02214 -7.441375 0.08116872 0.06731269 0.2010223 15.36341 2.016377 1 0.9930745
0.04640749 -0.03022238 -0.7680348 -5.017262 1.625199 1.39749 -0.04726497 19.8877 1.38975 0 0.0
0.07226778 -0.04136457 -1.57522 -3.686803 1.555599 1.333811 0.384806 19.85104 nan 0 0.0
-0.004188319 -0.06846457 -3.800207 -3.315593 2.027903 1.727673 0.4077413 20.00423 1.471176 0 0.0
0.07354407 0.03164393 1.427985 -4.730008 1.906685 1.585753 0.07369146 19.54538 1.579821 0 0.0
0.03687811 -0.07122224 1.126005 -6.864454 1.870637 1.461978 0.4822502 19.50887 1.059471 0 0.0
-0.03577516 -0.06227826 -2.416409 -5.349239 0.6114587 0.5246723 0.2404807 18.08589 1.417753 0 0.0
0.06601776 -0.04672907 -2.887425 -6.113917 1.17373 1.021906 0.4786879 19.77644 1.468136 0 0.0
-0.006520019 -0.07143445 0.1426869 -1.151187 1.404075 1.242871 0.6252039 19.59992 nan 0 0.0
0.03643746 -0.07172179 -3.723333 -2.847881 1.231325 0.9569227 0.3748923 19.26442 1.230242 0 0.0
0.05464579 -0.03787345 3.197223 -7.251414 1.487904 1.342924 0.2430476 19.89193 1.365221 0 0.0
0.03942599 0.009890508 -2.730599 0.9290384 0.9364793 0.7863696 0.1311771 19.68811 1.001062 0 0.0
0.08146093 0.008693783 -0.6032407 -5.411739 1.686066 1.497494 0.6803622 19.94879 nan 0 0.0
0.002342311 -0.01807046 -2.157785 -4.688455 0.08635684 0.07389732 0.2319375 15.5272 1.902875 1 0.0
