scripts/get_globular_clusters/output/NGC_6749.csv
# %ECSV 0.9
# ---
# datatype:
# - {name: x, unit: deg, datatype: float64}
# - {name: y, unit: deg, datatype: float64}
# - {name: pmx, unit: mas / yr, datatype: float64}
# - {name: pmy, unit: mas / yr, datatype: float64}
# - {name: pmx_e, unit: mas / yr, datatype: float64}
# - {name: pmy_e, unit: mas / yr, datatype: float64}
# - {name: pm_corr, datatype: float64}
# - {name: g_mag, unit: mag, datatype: float64}
# - {name: bp_rp, unit: mag, datatype: float64}
# - {name: filter, datatype: int64}
# - {name: memberprob, datatype: float64}
# meta: !!omap
# - comments: [deg deg mas/yr mas/yr mas/yr mas/yr dimless mag   mag   zeroone float]
# - __serialized_columns__:
#     bp_rp:
#       __class__: astropy.units.quantity.Quantity
#       unit: &id001 !astropy.units.Unit {unit: mag}
#       value: !astropy.table.SerializedColumn {name: bp_rp}
#     g_mag:
#       __class__: astropy.units.quantity.Quantity
#       unit: *id001
#       value: !astropy.table.SerializedColumn {name: g_mag}
#     pm_corr:
#       __class__: astropy.units.quantity.Quantity
#       unit: !astropy.units.Unit {unit: ''}
#       value: !astropy.table.SerializedColumn {name: pm_corr}
#     pmx:
#       __class__: astropy.units.quantity.Quantity
#       unit: !astropy.units.Unit {unit: mas / yr}
#       value: !astropy.table.SerializedColumn {name: pmx}
#     pmx_e:
#       __class__: astropy.units.quantity.Quantity
#       unit: !astropy.units.Unit {unit: mas / yr}
#       value: !astropy.table.SerializedColumn {name: pmx_e}
#     pmy:
#       __class__: astropy.units.quantity.Quantity
#       unit: !astropy.units.Unit {unit: mas / yr}
#       value: !astropy.table.SerializedColumn {name: pmy}
#     pmy_e:
#       __class__: astropy.units.quantity.Quantity
#       unit: !astropy.units.Unit {unit: mas / yr}
#       value: !astropy.table.SerializedColumn {name: pmy_e}
#     x:
#       __class__: astropy.units.quantity.Quantity
#       unit: &id002 !astropy.units.Unit {unit: deg}
#       value: !astropy.table.SerializedColumn {name: x}
#     y:
#       __class__: astropy.units.quantity.Quantity
#       unit: *id002
#       value: !astropy.table.SerializedColumn {name: y}
# schema: astropy-2.0
x y pmx pmy pmx_e pmy_e pm_corr g_mag bp_rp filter memberprob
[from data line 6899]
-0.01614725 -0.06795048 -7.761333 -6.891373 2.701461 2.935553 0.5226944 20.64459 1.785208 0 0.0
0.05080426 -0.05750971 -4.177038 -9.527295 1.255064 1.563611 0.4957123 20.0402 2.124311 0 0.0
0.009169029 -0.0008731533 -3.102964 -6.176654 1.256638 1.36979 0.4598289 20.01064 nan 0 0.0
0.0285983 -0.01665983 -3.378401 -7.058433 2.082555 2.326221 0.6872386 20.27563 nan 0 0.0
0.02649325 0.01445174 -1.981624 -0.06076441 1.370105 1.402841 0.6973606 19.31566 nan 0 0.0
0.003800949 -0.02873131 -0.251724 -3.24594 0.8851644 0.9747347 0.6336811 19.02608 2.415102 0 0.0
0.03884778 -0.06766593 3.006619 -5.825428 2.007977 2.579354 0.460501 20.64407 1.468859 0 0.0
0.02740827 0.01419104 4.095355 -0.1164161 1.81831 1.888786 0.6797519 19.82898 nan 0 0.0
0.03744276 0.02236386 -1.694929 -2.821288 2.314473 2.912858 0.8489636 20.28452 nan 0 0.0
0.005387205 -0.09146098 -1.41063 -5.124459 0.2338294 0.2220221 0.209365 17.50926 2.81172 1 0.0
0.02844579 -0.01620922 -1.542235 -0.8187689 1.109781 1.345503 0.3975374 20.02535 2.156822 0 0.0
0.01005373 -0.03111404 -2.635783 -5.619755 0.2862428 0.2918916 0.2258771 18.20736 2.769575 1 0.9442478
-0.007728808 -0.09090975 -2.003436 -4.955674 0.4175539 0.4012798 0.1084948 18.49239 2.175678 1 0.06725991
0.01398837 -0.02792218 -1.862713 -4.421325 1.837507 2.130823 0.2088118 20.58681 nan 0 0.0
-0.0617478 -0.07165114 -1.545379 -5.745821 0.1892446 0.170543 0.1693582 16.9415 3.094667 1 0.0
-0.003732898 -0.04222401 -0.4400506 -1.552577 0.2723497 0.2713755 0.2866607 18.07429 2.559532 1 0.0
0.03726043 -0.008648082 -9.058979 -12.20374 1.859085 2.050841 0.6059091 19.8945 2.094732 0 0.0
0.065536 -0.04104296 -0.8708432 -4.231805 1.379434 1.657826 0.5157814 20.13529 2.129198 0 0.0
0.06358196 0.01234199 0.699663 -2.696694 1.594651 1.656728 0.2841733 20.38367 1.55167 0 0.0
-0.006935512 -0.03057916 2.200175 -2.810611 0.2552489 0.2527993 0.2494321 17.95396 2.002951 0 0.0
-0.01044335 -0.06276028 -1.942056 -4.983966 1.405169 1.410995 0.2645685 20.08842 1.878252 0 0.0
0.001543833 -0.006084769 -4.890107 1.829712 1.925868 1.742684 -0.01726475 19.77585 nan 0 0.0
-0.03499745 -0.06741198 -4.4298 -3.414829 1.535915 1.822322 0.1342112 20.4432 nan 0 0.0
0.0246645 -0.07678498 -0.165272 -7.487911 0.6175989 0.6156567 0.05216591 18.79016 nan 0 0.0
0.008284648 -0.03085966 -6.909711 -10.17668 1.357308 1.55465 0.3374268 20.05022 nan 0 0.0
0.0558053 -0.01804604 -2.387985 -5.490298 0.5159546 0.5795394 0.4188606 19.01488 2.910265 0 0.0
0.03841979 -0.02332189 -4.470131 -1.474116 0.9469113 0.9956211 0.6842179 19.30796 2.065161 0 0.0
0.0432385 -0.004044318 -3.279209 -3.827686 2.251243 3.298783 0.8090219 20.3621 1.568399 0 0.0
0.0138059 -0.09726893 1.691158 1.617358 1.07407 1.185668 0.7227763 19.37995 1.837042 0 0.0
0.02329212 -0.09366752 -5.442452 -9.013552 1.159165 1.265631 0.6945692 19.28942 2.360245 0 0.0
-0.0438735 -0.06658124 -3.181273 -2.312153 2.931502 2.359499 -0.1615116 20.65833 nan 0 0.0
0.02097377 -0.07960885 -3.697748 -3.242057 1.883739 1.686352 0.06090363 19.48582 nan 0 0.0
0.05556236 -0.05186941 -4.299004 -6.661482 0.5033225 0.5034498 0.277054 18.93853 2.608044 0 0.0
-0.002726347 -0.04120752 2.244869 -3.577017 1.502787 1.234334 0.5796461 19.42192 nan 0 0.0
-0.05738606 -0.07287497 -3.059739 -6.721048 0.6532848 0.5517563 0.1595671 18.29448 2.707483 0 0.0
-0.0005302378 -0.03992804 -0.1233992 -1.609397 1.682232 2.026061 0.5508835 19.95707 1.810747 0 0.0
0.04213965 0.02905972 -1.695215 -2.727638 0.224388 0.2261179 0.3102901 17.82482 1.74383 1 0.0
0.01523851 0.01950309 -12.30887 -16.74178 1.640736 1.730589 0.7206028 19.88936 2.030231 0 0.0
-0.01953305 -0.07522185 -6.111277 -4.008725 2.693745 3.28879 0.5362125 20.75842 1.314381 0 0.0
0.03103935 -0.07156673 -3.230163 1.976196 1.491083 1.682666 0.5399648 20.27324 1.534155 0 0.0
0.04125599 -0.006045295 -0.9808942 -1.218804 0.3633135 0.367151 0.2580551 18.42438 2.236818 1 0.0
0.09085212 -0.03904601 7.928264 -1.660763 1.764839 2.052475 0.5502336 20.44679 nan 0 0.0
0.01740402 0.02129114 -5.664805 -3.336102 2.946618 2.362037 -0.3049825 20.6197 nan 0 0.0
-0.02664005 -0.07653664 -1.431275 -5.456873 0.322405 0.3010615 -0.0009120355 17.94777 2.049908 0 0.0
0.03832799 -0.00979676 -0.8766858 -3.100446 0.6447044 0.6679263 0.4881781 19.05381 2.025057 0 0.0
0.03491127 0.02018049 1.271241 -0.6586128 1.764915 1.786233 0.2355851 20.54427 1.77986 0 0.0
0.08926444 -0.007630752 -1.989113 -3.448313 1.03526 1.146047 0.7680975 19.29246 2.843262 0 0.0
0.02051502 0.0245376 -4.821822 -7.837957 3.381026 3.031905 -0.1336942 20.324 nan 0 0.0
0.05836846 -0.05029934 -1.176235 -3.47114 1.321023 1.362127 0.284178 20.01878 nan 0 0.0
0.02649304 0.02804207 -3.02644 -3.855164 1.107225 1.171215 0.334192 20.12923 nan 0 0.0
-0.009192451 -0.000460689 -2.487538 -5.177147 0.2859657 0.2893666 0.2667877 18.03841 2.673424 0 0.0
0.01462906 -0.0476314 -0.8929702 7.302941 3.450183 3.789921 0.393727 20.67146 1.720268 0 0.0
0.09548731 -0.02014966 -0.1687613 -2.682671 1.774187 2.159508 0.6062686 20.46504 2.021166 0 0.0
0.04351445 -0.06225956 1.364428 -0.09595418 1.5261 1.65346 0.4497144 20.20438 1.983582 0 0.0
0.05306086 -0.0398358 0.3512873 -5.216485 0.3303268 0.362551 0.4023998 18.26087 2.155945 1 0.0
-0.04289774 -0.07928646 0.004934754 -1.787741 1.314145 1.338754 0.2818013 20.19192 1.457016 0 0.0
-0.006081364 0.001197856 -3.364936 -6.216965 1.295498 1.39874 0.4118805 19.91647 nan 0 0.0
0.002794407 -0.02922818 -3.436667 -7.895079 1.439633 1.671621 0.3641182 20.34632 nan 0 0.0
0.07971882 -0.03277091 -2.964147 -5.213078 1.538832 1.777092 0.610951 20.34067 1.811741 0 0.0
0.04143819 0.02723425 -5.527416 -6.291235 2.180755 2.177863 0.1156136 20.50953 1.900434 0 0.0
0.05266241 0.02352929 -2.665486 -6.051184 0.1660504 0.1657625 0.3024102 17.3193 2.734591 1 0.9637963
-0.05881919 -0.05895034 0.6098612 0.209586 1.377863 1.4748 0.2770232 20.19885 1.688406 0 0.0
-0.04725965 -0.08314563 -2.574906 -6.246933 0.3158082 0.2864655 0.2014238 17.8962 2.651609 1 0.7517762
0.002336883 -0.02600583 -3.256508 -8.54067 2.679585 3.197049 0.558521 20.67625 1.950037 0 0.0
0.009352181 -0.02838356 -0.9412034 -0.00789536 1.268581 1.30943 0.3089685 20.18227 2.037832 0 0.0
0.0424143 0.02329953 -2.211381 -4.393868 0.2077607 0.2029409 0.2453634 17.56198 2.282976 0 0.0
0.03097727 -0.01041465 -3.538775 -6.9509 0.9443659 1.027959 0.6705281 19.13684 2.618732 0 0.0
-0.006508423 -0.01159568 -4.240731 -8.331724 0.5405538 0.5123643 0.08246133 18.6669 2.578329 0 0.0
-0.05451829 -0.05411726 -2.645636 -7.214222 1.493358 1.756658 0.6544882 19.72845 nan 0 0.0
0.03966929 0.02217532 -2.924945 -8.895661 1.702759 1.851062 0.2426296 20.42032 1.719202 0 0.0
0.03085528 -0.01094036 -4.47934 -4.811532 1.742648 1.581042 0.1643369 19.44781 nan 0 0.0
0.02197958 -0.01799137 -3.280525 -6.167149 2.353977 2.736597 0.7535549 20.47051 2.139484 0 0.0
-0.01663529 -0.06846081 -5.709511 -10.29754 1.48515 1.507194 0.2521753 20.31002 2.158051 0 0.0
0.003343424 -0.02575632 -2.783133 -4.581327 0.4118446 0.418067 0.2188908 18.36607 2.298002 0 0.0
0.02530528 -0.09360264 -1.26136 -3.716315 1.248514 1.368979 0.7123456 19.58698 2.180298 0 0.0
-0.02764634 -0.05807242 -0.101056 -4.6924 1.143172 1.24115 0.2109738 20.06456 1.801062 0 0.0
-0.01944128 -0.05144498 -4.382439 -6.510252 1.493275 1.3825 0.1491999 20.22306 1.624628 0 0.0
0.09673714 -0.007215978 -2.998143 -4.138481 1.063257 1.178719 0.6625539 19.34613 2.894318 0 0.0
0.02100343 -0.007986745 -3.104544 -5.519842 0.1477925 0.1444816 0.2506933 16.89995 2.749146 1 0.7073151
0.004349975 -0.02992769 -2.602771 -5.932413 1.016268 1.100915 0.3343587 19.95565 2.140667 0 0.0
0.01005403 -0.08402148 1.3082 -3.395512 2.802048 3.110091 0.6565042 20.58365 1.782297 0 0.0
0.08102913 -0.006006216 -0.2394801 -1.743259 0.9713771 0.9864723 0.6734651 19.26357 2.083641 0 0.0
0.00258086 -0.003569213 -1.939076 -5.406006 0.5560932 0.5171126 0.2263139 18.54377 2.330843 0 0.0
0.02499854 0.02701542 -2.147704 -3.314449 1.237132 1.300851 0.6649937 19.40268 2.210016 0 0.0
0.002458857 -0.003968326 2.076481 -3.309795 1.566959 1.322508 0.65699 19.23271 nan 0 0.0
-0.004129341 -0.009490574 8.757233 15.22297 2.139961 2.619469 0.5181534 19.97764 nan 0 0.0
-0.003061805 -0.008229342 -3.403847 -6.493907 0.2965856 0.2862479 0.3044185 17.82631 nan 0 0.0
0.003831441 -0.0247167 -2.989989 -6.022604 0.3302578 0.3352389 0.2770097 17.9683 2.587143 0 0.0
-0.04268416 -0.07656492 -1.360302 -2.826051 0.4812492 0.4447035 0.2008941 18.60767 2.98181 1 0.0
-0.06028271 -0.04217611 -0.1908652 -8.632933 1.146547 1.232486 0.6615087 19.44302 2.474373 1 0.0001158002
-0.01492704 -0.05230727 -11.32862 -17.39935 1.976048 2.067082 0.1399323 20.4794 1.021664 0 0.0
0.03854102 0.01148246 -0.8060167 -6.820412 1.128666 1.250427 0.4047119 20.14476 2.090944 0 0.0
0.00907772 -0.03805489 -2.738776 -6.745692 0.6036747 0.6651682 0.1523102 19.06394 2.362995 0 0.0
0.07871208 -0.02845725 -2.132326 -5.152766 0.9063472 0.9956404 0.7065255 19.19817 2.494528 0 0.0
0.03631459 0.006408865 0.3051265 0.3812969 0.1544706 0.1499334 0.2349478 16.69921 2.892613 1 0.0
0.05019283 -0.008861855 -3.880041 -5.982987 0.8854348 0.9692074 0.7198164 19.02554 2.386284 0 0.0
-0.01032107 -0.01479643 -0.6919783 -6.237863 1.095703 1.167876 0.716528 19.35638 2.355721 0 0.0
-0.01257806 -0.003508134 -2.46401 -5.197178 1.924639 1.774673 -0.02503237 20.02886 2.131615 0 0.0
-0.01145006 -0.08563306 -4.300528 -5.58849 2.014902 2.099345 0.3935363 20.18236 nan 0 0.0
0.03125208 -0.02740352 -0.8926222 -2.652858 1.373523 1.517652 0.5212613 20.03028 2.057919 0 0.0
-0.03328962 -0.08246145 -1.011232 -2.144528 0.3404307 0.321706 0.2030093 18.37369 2.268198 1 0.0
-0.01440856 -0.05852677 1.756559 -2.502173 3.089166 3.143642 0.1084409 20.72562 nan 0 0.0
0.06452977 -0.04961426 -4.412236 -7.851137 1.163376 1.335516 0.5132261 19.88817 2.108837 0 0.0
-0.04500235 -0.07776161 -4.271575 -5.303218 2.104617 2.181102 0.2428886 20.48152 1.828444 0 0.0
-0.01263907 -0.004980249 -13.98258 7.394815 1.611454 1.494447 -0.001726671 20.02687 2.269381 0 0.0
0.02756051 0.02995421 -2.405237 -5.496151 0.3175919 0.3224591 0.2605783 18.21093 2.043941 1 0.8590662
-0.04015261 -0.08224089 -2.809704 -6.192393 2.559976 3.076143 0.5842036 20.6978 1.617392 0 0.0
0.06050235 -0.01472114 -5.549732 -7.631859 2.018722 2.410886 0.7125203 20.37343 1.984865 0 0.0
0.02085104 -0.01816042 -1.375059 -2.872353 0.4032477 0.4285249 0.2910164 18.76659 nan 0 0.0
0.05366906 0.01937929 -2.428109 -5.201601 0.2335396 0.2164838 0.2307125 13.05037 4.32145 0 0.0
0.02408437 -0.0334603 0.9296762 0.5953435 0.3276075 0.3264156 0.303331 18.21609 1.704847 0 0.0
0.07361766 -0.01162619 -2.665084 -2.947588 0.2819976 0.2855015 0.2590638 18.24824 2.37211 1 0.0
0.04427464 0.03032994 -1.61626 -6.906268 1.182479 1.221785 0.281748 20.14525 2.204287 0 0.0
0.07367872 -0.01315815 -0.449917 -1.543311 0.3487898 0.3634238 0.2981481 18.62202 2.119799 1 0.0
0.0140186 0.005572526 -4.552288 -6.238267 0.7905821 0.8066791 0.4943329 19.0878 nan 0 0.0
-0.028195 -0.0345504 -1.719785 -1.897102 1.672982 1.729038 0.6415505 19.86763 1.896347 0 0.0
0.01957019 -0.03550909 1.685497 -3.011067 1.446675 1.575982 0.04568027 20.02079 nan 0 0.0
-0.02621273 -0.05636954 2.761264 -2.658145 1.263874 1.537161 0.5761359 19.60163 nan 0 0.0
0.07346605 -0.03289206 -0.9895231 -4.772282 1.412454 1.427932 0.4857378 19.94666 1.955107 0 0.0
-0.03246512 -0.03053941 -6.475649 -6.715242 1.912577 2.075261 0.2948026 20.55671 1.045021 0 0.0
-0.04076167 -0.0390292 3.224204 4.383845 1.786234 2.103745 0.5908743 20.022 1.638121 0 0.0
0.02024103 -0.01873299 -3.375368 -6.516481 0.4707888 0.4904326 0.2697118 18.84463 1.97138 0 0.0
0.03753561 -0.03983787 -6.291537 -6.236038 0.1437569 0.1333707 0.1599975 16.57944 2.985911 1 0.0
0.03851086 -0.003880637 -4.899318 -5.784008 1.150291 1.277118 0.30468 20.09027 1.733957 0 0.0
0.02939074 0.01781492 -1.662959 -10.2216 0.4057344 0.4217092 0.3429135 18.77426 2.25643 0 0.0
-0.02477903 -0.04836514 -2.166766 -5.327254 1.271724 1.305376 0.6420633 19.49404 2.09141 0 0.0
-0.02423023 -0.06517508 -7.846911 -2.553173 3.229161 3.751538 0.5299136 20.80095 1.526751 0 0.0
-0.008003362 -0.09832969 -2.106899 -2.136516 1.283432 1.352916 0.6156662 19.61917 1.776337 0 0.0
0.01676378 -0.005967624 -4.001474 -1.608034 1.432408 1.682008 0.4217241 20.39024 1.228209 0 0.0
-0.00193327 -0.00759217 -3.251085 -7.818075 1.037082 1.116004 0.693911 19.31198 nan 0 0.0
-0.02578528 -0.02716388 -3.693575 0.7687509 1.108709 1.153773 0.6846038 19.32484 2.36628 0 0.0
0.002458857 -0.004333583 -2.107549 -6.143995 0.5247696 0.5191058 0.2892105 18.78875 2.371994 0 0.0
0.005387014 -0.02815433 -0.6905395 -2.940188 1.213422 1.343088 0.2749325 19.97086 1.950441 0 0.0
-0.009711085 -0.02207261 -4.93267 -7.411187 1.042175 1.12739 0.6969011 19.1801 1.945127 0 0.0
0.03954786 -0.002623432 -2.900903 -2.115361 1.193625 1.258488 0.6910414 19.39822 1.685062 0 0.0
-0.01151076 -0.0384063 -0.5662227 -1.523645 1.248603 1.027023 0.6177263 19.17855 0.9900589 0 0.0
-0.00968054 -0.01412624 -1.830125 5.363167 3.071802 3.128313 0.1731612 20.65184 nan 0 0.0
0.03954788 -0.003499859 -0.9306862 -4.303174 1.313774 1.662769 0.5468062 19.5893 nan 0 0.0
0.01185365 -0.0821618 -1.56871 -4.878326 1.445094 1.480245 0.3864298 20.09896 1.997038 0 0.0
-0.05665426 -0.08102485 -3.99558 -6.161824 1.57214 1.565022 0.3564393 20.05654 2.041237 0 0.0
0.01587958 -0.04178454 -3.01979 -7.530783 1.202225 1.372363 0.6720175 19.59298 2.333786 0 0.0
0.006667961 -0.0003324314 -4.505715 -5.962305 0.5978778 0.5833319 0.3042091 18.78706 nan 0 0.0
0.02591499 -0.07047987 -0.2017754 3.600443 3.446296 3.780255 0.5064264 20.86995 nan 0 0.0
-0.0412203 -0.08701078 -2.990005 -6.664547 0.2882608 0.2290035 0.00747589 17.32161 3.194212 1 0.2310749
0.06584122 -0.04642715 1.071473 -3.132994 1.726484 1.928417 0.7512201 19.98603 1.940786 0 0.0
-0.07346034 -0.06580824 1.709167 -5.109926 2.677352 2.405987 0.06022243 20.40775 nan 0 0.0
0.06086735 0.0138568 -2.574329 -7.763512 3.17455 2.849242 0.2314345 20.73926 nan 0 0.0
-0.005166625 -0.09595517 -2.935401 -7.155353 0.4621462 0.4682252 0.2199441 18.65512 2.241896 0 0.0
0.04668492 0.002368516 -1.930493 -1.452487 1.389486 1.539854 0.4149289 20.02598 1.893162 0 0.0
-0.01227314 -0.01609628 -5.820303 -7.435783 1.651953 1.766167 0.2651698 20.3652 1.718342 0 0.0
-0.06266281 -0.07011498 1.587432 3.591586 1.608521 1.706152 0.2764617 20.41107 1.795141 0 0.0
-0.04844877 -0.06600856 2.495678 -2.622492 1.473212 1.494846 0.3260519 20.2603 nan 0 0.0
0.01642822 -0.001144539 -1.286995 -6.515278 1.31367 1.353538 0.7026174 19.74221 1.860218 0 0.0
-0.04320255 -0.07036234 -6.101005 -15.20504 2.529912 2.901609 0.5289784 20.74504 nan 0 0.0
-0.05403078 -0.07109851 -1.615753 -6.800084 2.578483 2.18993 0.02498224 20.65615 1.66206 0 0.0
0.05333664 -0.08241565 -1.461083 -4.859503 0.9556426 1.103269 0.6770914 19.37334 2.279165 0 0.0
-0.04841794 -0.05361128 -5.158928 -5.035872 0.7794895 0.7147305 0.09664226 18.85201 2.056837 0 0.0
-0.02057027 -0.08857291 1.029087 -5.363036 1.394123 1.551245 0.6181664 19.63714 2.299814 0 0.0
0.0440007 0.008406396 -3.259055 -5.709408 0.128754 0.1245026 0.2119652 15.87791 3.087259 1 0.5682497
0.004593977 -0.02661153 -3.507555 -5.530253 1.046343 1.171147 0.667074 19.26793 2.830301 0 0.0
-0.03801756 -0.08679103 -2.193588 -4.991649 0.299031 0.2789387 0.1933759 18.0844 3.250536 1 0.01783283
-0.008155634 -0.04547078 -6.025789 -4.535189 1.797203 1.944661 0.2573939 20.48314 1.57317 0 0.0
-0.0002252167 0.008188397 -2.530103 -6.324328 0.1682014 0.1661333 0.2812255 17.07568 2.56828 0 0.0
-0.002543332 -0.03740498 -6.738425 -11.06512 1.617041 1.712405 0.3490422 20.40985 1.803551 0 0.0
-0.04847932 -0.06777059 -0.01878195 -9.295692 2.366136 2.661473 0.5221128 20.66726 nan 0 0.0
-0.009192683 -0.04454988 -2.952457 -6.810174 1.479557 1.577216 0.6939866 19.76695 2.135775 0 0.0
0.03384416 -0.0002616598 -4.551801 -7.511487 1.210213 1.287391 0.7167618 19.47736 nan 0 0.0
0.02368764 -0.01796858 -3.485872 -3.490991 1.791745 2.066721 0.7383175 20.06793 1.674135 0 0.0
