scripts/get_globular_clusters/output/NGC_6235.csv
# %ECSV 0.9
# ---
# datatype:
# - {name: x, unit: deg, datatype: float64}
# - {name: y, unit: deg, datatype: float64}
# - {name: pmx, unit: mas / yr, datatype: float64}
# - {name: pmy, unit: mas / yr, datatype: float64}
# - {name: pmx_e, unit: mas / yr, datatype: float64}
# - {name: pmy_e, unit: mas / yr, datatype: float64}
# - {name: pm_corr, datatype: float64}
# - {name: g_mag, unit: mag, datatype: float64}
# - {name: bp_rp, unit: mag, datatype: float64}
# - {name: filter, datatype: int64}
# - {name: memberprob, datatype: float64}
# meta: !!omap
# - comments: [deg deg mas/yr mas/yr mas/yr mas/yr dimless mag   mag   zeroone float]
# - __serialized_columns__:
#     bp_rp:
#       __class__: astropy.units.quantity.Quantity
#       unit: &id001 !astropy.units.Unit {unit: mag}
#       value: !astropy.table.SerializedColumn {name: bp_rp}
#     g_mag:
#       __class__: astropy.units.quantity.Quantity
#       unit: *id001
#       value: !astropy.table.SerializedColumn {name: g_mag}
#     pm_corr:
#       __class__: astropy.units.quantity.Quantity
#       unit: !astropy.units.Unit {unit: ''}
#       value: !astropy.table.SerializedColumn {name: pm_corr}
#     pmx:
#       __class__: astropy.units.quantity.Quantity
#       unit: !astropy.units.Unit {unit: mas / yr}
#       value: !astropy.table.SerializedColumn {name: pmx}
#     pmx_e:
#       __class__: astropy.units.quantity.Quantity
#       unit: !astropy.units.Unit {unit: mas / yr}
#       value: !astropy.table.SerializedColumn {name: pmx_e}
#     pmy:
#       __class__: astropy.units.quantity.Quantity
#       unit: !astropy.units.Unit {unit: mas / yr}
#       value: !astropy.table.SerializedColumn {name: pmy}
#     pmy_e:
#       __class__: astropy.units.quantity.Quantity
#       unit: !astropy.units.Unit {unit: mas / yr}
#       value: !astropy.table.SerializedColumn {name: pmy_e}
#     x:
#       __class__: astropy.units.quantity.Quantity
#       unit: &id002 !astropy.units.Unit {unit: deg}
#       value: !astropy.table.SerializedColumn {name: x}
#     y:
#       __class__: astropy.units.quantity.Quantity
#       unit: *id002
#       value: !astropy.table.SerializedColumn {name: y}
# schema: astropy-2.0
x y pmx pmy pmx_e pmy_e pm_corr g_mag bp_rp filter memberprob
[from data line 333]
-0.004058944 -0.01094256 -6.123584 -8.556307 1.300737 0.7549746 0.3515889 19.85751 0.8321552 0 0.0
-0.01132026 -0.02248814 4.208613 -2.254428 1.374043 0.7525179 0.3554403 20.0236 1.169668 0 0.0
0.0521018 0.02304633 -0.615788 -3.942144 2.222801 1.091004 0.2384327 20.51949 0.9801044 0 0.0
0.01011148 -0.02265971 -3.782718 -7.381011 0.2955439 0.150458 0.3232472 17.52232 1.437445 0 0.0
-0.03799523 -0.01564735 -4.639487 0.3418382 0.7455731 0.4026602 0.4930978 19.1775 2.075523 1 0.0
0.001239922 0.0499515 -10.2087 -13.14916 0.6587872 0.3580768 0.4074329 18.97499 1.649771 0 0.0
0.03934049 -0.02692778 -3.82255 -0.7722283 0.2882516 0.1705973 0.4228063 17.6278 1.378736 1 0.0
-0.009456293 -0.009191877 -0.9193364 -6.810788 2.297622 1.132821 0.2101393 20.10509 1.288488 0 0.0
-0.0008517626 0.001247358 -3.72421 -6.943143 0.3570277 0.1980809 0.333422 18.13001 1.324114 0 0.0
0.001041437 -0.03037076 -6.129125 -4.513921 1.302169 0.6914727 0.3587021 19.80162 1.228624 0 0.0
0.02422417 -0.02774643 0.1111813 -7.646056 0.4307313 0.2456757 0.4100001 18.43678 1.115046 1 0.0
-0.01991227 -0.005788352 -2.536628 -7.028837 1.352832 0.7959079 0.3709515 19.98748 0.9312515 0 0.0
0.0006035768 -0.01299672 -10.14801 -9.949518 2.152653 1.264927 0.3203065 20.27544 1.084715 0 0.0
0.0515636 -0.01866528 0.7535899 1.478229 0.5466302 0.3060987 0.4251015 18.78778 1.375195 1 0.0
-0.0247147 -0.01472695 2.168608 -4.273012 2.784848 1.43375 0.1251126 20.57037 1.115044 0 0.0
0.0009144067 -0.01312642 0.108168 -5.645046 2.132782 1.134611 0.507056 20.28563 nan 0 0.0
0.007398667 -0.02818513 -4.435589 -7.406886 1.4918 0.8711048 0.2806844 20.19597 0.700037 0 0.0
0.01343156 -0.02192566 -1.937722 -5.998929 1.372952 0.7396291 0.3784736 19.89617 1.01 0 0.0
0.04496825 0.03323403 -5.817507 -7.578041 1.244763 0.7178995 0.4380717 19.9528 1.036163 0 0.0
0.02202235 -0.01485811 -2.838949 -6.008361 1.948272 1.066126 0.3945433 20.30074 1.033001 0 0.0
0.04573569 0.04630866 1.749667 5.567818 1.225429 0.6863054 0.4213704 19.91901 1.44875 0 0.0
0.03180103 -0.007053204 -0.02139866 -4.627219 1.10985 0.6813787 0.3650808 19.81744 1.21736 0 0.0
-0.0006395773 -0.05005078 -5.986783 -4.54399 0.6852969 0.4119385 0.2417583 19.0806 1.355391 0 0.0
0.004192584 -0.002107729 -1.809118 -9.216088 1.798369 0.9724368 0.6037254 19.79704 nan 0 0.0
-0.003352754 -0.0003033542 -2.3023 -14.60292 2.149852 1.376824 0.2409942 19.0591 1.300247 0 0.0
0.01479113 0.009465347 -3.987436 -7.854747 1.34444 0.728228 0.3836322 20.02817 1.057148 0 0.0
0.03254909 0.05062484 -1.843149 -7.221413 1.623748 0.8579622 0.3282978 20.18514 1.113512 0 0.0
0.02736182 -0.02045521 -1.930578 -6.460315 0.8837804 0.5035016 0.2730626 19.43275 1.210718 0 0.0
0.0005612141 -0.007164048 -3.99287 -7.549356 0.07381494 0.04030863 0.2336034 13.24629 2.051809 1 0.9997538
-0.03009723 -0.01668685 -2.106218 -5.502706 2.43775 1.14503 0.1880304 20.39762 0.9232674 0 0.0
0.0609868 0.01333054 -3.031205 -6.567513 1.542209 0.791142 0.4229111 20.10288 1.286282 0 0.0
0.04437508 -0.01017894 -2.65658 -4.04615 0.9638508 0.6380003 0.3946099 19.49361 1.33441 0 0.0
0.01959615 0.01311352 -4.966003 -7.450509 1.285107 0.805506 0.4630888 19.81662 0.9499226 0 0.0
-0.02050462 -0.01325761 -3.083058 -6.725303 2.349572 1.208075 0.1277848 20.41236 0.9700603 0 0.0
0.03388719 -0.02762254 -1.938341 -12.4161 0.6091523 0.3501412 0.3600031 18.91472 1.2437 0 0.0
0.02899512 0.02116853 3.960117 -1.264153 1.537579 0.8613168 0.3965965 20.14163 0.9996681 0 0.0
0.00203013 -0.04359632 -2.399344 -7.220525 1.423869 0.8034373 0.3436621 20.05541 0.8642101 0 0.0
0.01292431 -0.007250472 -3.359397 -7.831846 0.8265224 0.4615904 0.4387275 19.3519 1.191408 0 0.0
-0.003055909 -0.005649646 6.765327 -6.804989 2.099427 1.131538 0.3641612 19.53335 nan 0 0.0
0.01355829 -0.02622293 -1.537508 -6.074629 0.9336722 0.5614317 0.3805573 19.56996 1.313202 0 0.0
0.05649277 -0.02249904 -0.2528889 -3.122653 0.2423645 0.1352804 0.3909235 17.40267 1.573336 1 0.0
0.01200659 0.0008024352 2.891754 -8.547031 3.324358 1.541899 0.2134336 20.25201 1.346703 0 0.0
0.008107343 0.01201602 -3.152777 -11.45477 3.113532 1.786918 -0.1701121 20.50584 nan 0 0.0
-0.03701389 0.0133923 -3.560256 -7.585415 0.2680843 0.1422942 0.2697459 17.52718 1.430313 1 0.9891767
0.05579016 0.02261958 0.7478187 -9.471736 1.824352 0.9192235 0.1691304 20.25093 1.057209 0 0.0
0.03092216 -0.0200039 -1.600992 -6.615729 0.6585118 0.3908827 0.3679009 18.83211 1.417269 0 0.0
-0.02226797 0.05880937 -0.0976799 -13.78442 1.552525 0.8151251 0.37125 20.09797 1.511806 0 0.0
-0.008976641 0.002330448 -4.144433 -8.094457 0.8852813 0.5112707 0.3736222 19.46329 0.8382893 0 0.0
0.008122078 0.02247019 -4.310807 -7.411569 1.352406 0.6966935 0.5037752 19.85223 1.145824 0 0.0
0.003613364 0.001808074 -3.276001 -5.569575 1.23741 0.765744 0.2848213 19.66879 nan 0 0.0
0.01495958 -0.0009831264 -3.691872 -6.929359 2.163224 1.216173 0.3502458 20.25895 1.099985 0 0.0
0.0008295008 -0.03579144 -5.53858 -2.87241 1.367258 0.7478243 0.307306 20.03823 1.728168 0 0.0
-0.02633846 0.055364 -0.3488582 -5.078399 0.8641951 0.4847834 0.4802569 19.39694 1.059504 0 0.0
-0.0003431783 0.04199786 -2.808175 -5.913281 2.951007 1.641453 0.472367 20.22647 2.207375 0 0.0
0.01385542 -0.0215614 -3.149873 -9.353118 1.827737 1.117523 -0.02792989 20.03146 nan 0 0.0
-0.02061984 0.001716963 -7.92555 -6.104638 2.676242 1.520661 0.1662073 20.50499 nan 0 0.0
0.007356971 -0.015095 -4.481762 -7.642296 1.964333 1.040171 0.0867608 20.33931 1.125618 0 0.0
0.01156455 -0.04782538 -3.710877 -5.850875 0.9141664 0.5335022 0.3944265 19.38049 1.568581 0 0.0
-0.004143415 -0.02117549 -3.917539 -7.452417 0.4345335 0.2458248 0.2644335 18.42159 1.390615 0 0.0
0.006904192 -0.02869246 -5.008387 -8.033939 1.202483 0.7229546 0.393816 19.79985 1.105072 0 0.0
0.01860127 -0.02987036 -6.89164 -7.666049 1.02891 0.5885065 0.3229836 19.6476 0.966217 0 0.0
-0.004836852 0.01288592 -9.490178 -12.61965 0.5815386 0.316004 0.3945966 18.8892 1.269941 0 0.0
0.05167141 0.005550378 -5.266372 -2.563383 1.773826 0.8858522 0.2509107 20.03402 2.657572 0 0.0
-0.02037842 -0.006610486 -3.09307 -7.421035 1.164406 0.7098423 0.2990246 19.75096 1.192404 0 0.0
0.01180928 0.006902153 -6.824689 -8.416814 0.9351923 0.5926094 0.3463203 19.24428 nan 0 0.0
0.01590848 0.01843549 -3.939249 -8.119205 1.935776 0.9627448 0.3428824 20.34623 0.9314537 0 0.0
0.002511195 0.0008811269 -6.591054 -9.600379 2.419684 0.9336565 0.1936381 19.62308 nan 0 0.0
0.03805581 -0.02357621 -4.571362 -8.006517 0.3697634 0.2093523 0.3137245 17.92411 0.5613842 1 0.9535135
0.003513989 -0.01675996 1.554523 -7.842287 2.206311 1.043493 0.3056281 20.33562 -0.1048717 0 0.0
-0.007379357 -0.008520366 -2.59166 -4.576679 1.394975 0.6964746 0.1662066 19.76497 nan 0 0.0
0.01174957 -0.03122383 -4.66026 -7.644622 0.2500424 0.1500087 0.3034963 17.48789 1.498062 1 0.9486003
-0.001911666 0.01198763 -6.051489 -8.101914 1.390725 0.7620467 0.3299592 19.98746 0.9544773 0 0.0
-0.01493982 0.00448143 -7.173818 -5.76446 2.4831 1.346102 0.3801169 20.49037 0.8207188 0 0.0
0.01096139 0.006148819 -1.761165 -9.456206 3.068034 1.437868 0.2104217 20.37213 nan 0 0.0
0.04343015 -0.05032452 -3.317859 -7.360485 3.604421 1.945379 0.2874078 20.60679 1.095098 0 0.0
-0.01954214 -0.02566859 -12.54064 -1.140601 2.313665 1.25256 0.1610345 20.46975 1.340477 0 0.0
0.0331283 -0.01077666 -4.053581 -6.303369 1.637263 0.9291579 0.1516082 20.11477 1.152092 0 0.0
0.02849129 -0.02425487 -3.740837 -7.795193 0.3466645 0.1938378 0.352516 18.14841 1.396793 1 0.9883867
0.00740093 0.01478553 -5.689492 -6.701515 2.23259 1.134994 0.3811161 20.40223 1.070269 0 0.0
-0.0004701641 -0.02435498 -4.892923 -5.982917 0.7527683 0.42967 0.2873377 19.22237 1.34552 0 0.0
-0.003013525 -0.005428392 2.752331 -13.19656 2.573433 1.506437 -0.1129189 20.17031 nan 0 0.0
0.00826232 0.004083345 -0.932827 -8.903218 1.365674 0.7378656 0.1936844 19.73926 nan 0 0.0
0.00528019 -0.01237502 -4.785757 -7.4124 0.3729602 0.2126276 0.2772813 18.13898 1.365711 0 0.0
0.06227433 -0.01499416 -2.12618 -4.119704 0.7756819 0.4427233 0.4688058 19.22721 1.358036 1 0.0
0.03507352 -0.02905334 0.548695 -5.45643 0.8494014 0.4995087 0.4348398 19.19771 1.170469 0 0.0
-0.003790991 0.007429026 -2.311725 -5.339601 2.43181 1.400816 0.5346425 20.11456 nan 0 0.0
0.05616729 0.0115034 -7.300778 -4.344492 1.461123 0.8097043 0.2300245 20.01006 2.469381 0 0.0
0.003443014 -0.03033647 -4.445878 -7.035441 0.7969799 0.4651885 0.291735 19.28892 nan 0 0.0
-0.03887481 0.04859954 -3.498742 -7.344022 0.9032197 0.509919 0.4066383 19.4812 1.137695 1 0.8394821
-0.007421087 -0.02096391 1.163964 -6.776356 1.681074 0.8320582 0.1897877 20.10934 0.9913559 0 0.0
0.006001606 0.007552927 -3.950419 -7.572135 0.4517743 0.2500996 0.3712387 18.31962 1.436186 0 0.0
0.03639248 0.04543019 -5.169076 -5.587814 1.89651 0.9735506 0.1996933 20.30664 1.076246 0 0.0
0.007612312 0.003886925 -8.354775 -3.436747 2.886911 2.09653 0.3419327 20.09535 nan 0 0.0
0.0138282 -0.01106907 17.82704 -0.1424748 3.670705 1.797596 0.4658933 20.30417 1.112349 0 0.0
0.03926173 -0.005426214 -1.260168 -3.485239 1.62725 0.8677839 0.2390981 20.2341 1.230167 0 0.0
-0.00299983 0.01494972 -3.926395 -7.978994 1.15087 0.6523642 0.4054848 19.72934 1.090527 0 0.0
-0.007591754 -2.507942e-07 5.646657 -7.94384 3.202817 2.228248 -0.01693167 20.23899 nan 0 0.0
0.004093408 -0.01130687 -3.888374 -7.515447 0.0982444 0.05599184 0.2275231 15.55463 1.609936 1 0.9994311
-0.008411277 -0.0002654189 -4.809886 -8.4827 1.213341 0.7013679 0.3364823 19.80965 nan 0 0.0
-0.02154095 0.01900122 -5.846142 -6.554723 2.971618 1.445082 0.2336152 20.65457 0.9488106 0 0.0
0.001409111 0.006940789 -9.358576 -5.689221 2.268561 1.240858 0.340007 20.32065 nan 0 0.0
-0.01334253 -0.001286232 -3.58712 -8.003431 1.459134 0.8618458 0.41453 19.88799 1.062296 0 0.0
-0.03402755 -0.005751006 -0.6010922 -6.701748 3.049103 1.591268 0.4937674 20.55061 0.679863 0 0.0
-0.0009788786 -0.00663953 -8.921397 -10.7772 0.9498637 0.5669665 0.4239526 18.95404 nan 0 0.0
-0.004186653 0.007486235 -2.837139 -8.227581 1.217619 0.725843 0.2767518 19.75785 nan 0 0.0
0.002129689 0.001256881 -8.111776 -10.38235 0.4040936 0.2129112 0.3804931 16.73239 1.540598 0 0.0
0.01174142 0.04039138 -3.596814 -6.844575 3.362847 2.096828 0.2842646 20.70393 1.780846 0 0.0
0.006425297 0.002488897 -41.87404 -33.18388 2.565685 1.30386 0.5427872 19.68097 nan 0 0.0
0.02178339 -0.006971186 -1.858018 0.494465 0.8431913 0.4732249 0.4176579 19.39602 1.217457 0 0.0
-0.01806239 0.002522216 -4.868699 -8.046402 2.106214 1.130494 0.3213346 20.31719 0.760561 0 0.0
-0.003748305 -0.003582096 -4.250106 -7.470978 0.154572 0.08725489 0.2779687 16.5577 1.464479 0 0.0
0.02131075 0.04423738 -7.211359 -5.674636 2.507196 1.319277 0.3928813 20.32871 1.211058 0 0.0
-0.000950851 0.02754016 -5.792497 -4.665164 2.548276 1.326142 0.428919 20.51379 1.086033 0 0.0
-0.03044065 0.003321167 -3.86372 -7.688385 0.3207456 0.1747675 0.3340175 17.72057 1.426447 1 0.9961851
0.06066646 0.02417777 -2.549359 -7.744122 1.148226 0.6608061 0.3598989 19.83523 0.9644661 0 0.0
-0.005642687 0.02167304 -13.51578 -10.84948 4.014117 1.94414 -0.04388127 20.65568 nan 0 0.0
0.03526858 -0.03987378 -24.08957 -19.54035 1.194986 0.6734605 0.4563817 19.82913 1.361032 0 0.0
0.003472273 0.01033202 27.26199 6.417248 3.207645 1.581743 0.3785448 20.1063 1.116877 0 0.0
-0.003635224 -0.00526819 -4.029582 -6.23049 1.922601 1.41675 0.04494454 20.187 nan 0 0.0
-0.01347228 0.02567031 -5.972879 -10.42551 2.52645 1.362939 -0.003584581 20.51993 1.213507 0 0.0
0.01904206 -0.008817101 -6.232356 -8.336569 1.743794 1.010054 0.4435147 20.07246 1.135733 0 0.0
-0.005189857 0.005382396 -3.141632 -7.149525 0.4063434 0.2235805 0.4149682 18.29939 1.293135 0 0.0
0.01310935 0.007382689 -3.942868 -9.855157 1.655627 0.9156201 0.2639953 20.23594 1.058159 0 0.0
-0.0001169971 0.001008942 1.125536 -9.946105 0.838055 0.4723782 0.3226925 18.38314 nan 0 0.0
-0.00511919 0.004999022 -1.825904 -7.145318 1.804751 0.870118 0.3563925 19.95861 nan 0 0.0
0.009025378 0.004338883 -3.687576 -7.280657 1.315742 0.6880607 0.3119384 19.95426 0.9733315 0 0.0
0.03437597 -0.05077405 -3.857564 -7.452005 1.230625 0.6920269 0.4701203 19.87763 1.216183 0 0.0
0.003585097 0.001554398 -3.694142 -7.363766 0.3167125 0.1727453 0.372062 17.92542 0.6963062 0 0.0
0.01635559 -0.02549462 -4.245859 -7.526593 0.1656753 0.0887511 0.3105942 16.6905 0.9493694 1 0.9942312
-0.00379006 -0.02705202 -4.271323 -8.272432 0.8281596 0.4746902 0.3618879 19.39188 nan 0 0.0
-0.04633379 0.03574366 -5.725935 -4.499813 1.202287 0.6717379 0.3855456 19.80924 0.9806156 0 0.0
-0.004129751 -0.005397903 -2.990795 -6.648776 0.6676779 0.3807705 0.3145663 18.9712 1.089001 0 0.0
0.002072809 -0.0231095 -6.424147 -4.635317 1.665859 0.8566892 0.2057417 20.10532 nan 0 0.0
-0.0278936 0.05652527 -6.661118 -3.317539 1.492369 0.760276 0.5638687 19.96059 1.082077 0 0.0
0.005267044 0.01384911 -8.186834 -8.962611 1.482914 0.8296812 0.1822589 20.04382 0.8771725 0 0.0
0.0009995995 0.04611391 -12.25425 -13.30606 3.778425 1.985194 0.6934523 20.59644 1.217394 0 0.0
-0.03254622 0.004018785 -4.132445 -8.29444 1.039962 0.5746986 0.385369 19.56103 1.088173 0 0.0
0.006693704 0.001077447 -1.271355 -7.041417 0.5203812 0.2894687 0.3821224 18.21515 1.34557 0 0.0
0.01274269 0.01549658 -0.8535504 -8.106078 2.28497 1.247379 0.1565443 20.4551 1.1646 0 0.0
-0.009499743 0.006536117 -3.242037 -7.63555 0.4252072 0.2447858 0.3881361 18.33143 1.201479 0 0.0
0.006241213 -0.006305879 -4.51652 -7.687279 0.3379033 0.1869878 0.2420298 17.08711 0.6710224 0 0.0
-0.03104873 0.005522114 -3.694782 -8.513883 1.181795 0.6447863 0.3857653 19.72634 1.124226 0 0.0
0.01644982 0.05549138 2.717387 -8.637497 2.867504 1.432042 0.07699866 20.40969 nan 0 0.0
0.01527296 0.02220829 -3.318901 -7.299321 0.8419825 0.5104677 0.3828907 19.34893 1.297684 1 0.969837
0.002991491 -0.005071718 18.35219 2.00507 2.436045 1.448663 -0.02860052 19.96962 nan 0 0.0
-0.03748589 0.03467818 -3.461603 -7.649204 0.9133001 0.5229426 0.4333212 19.48724 1.226665 0 0.0
0.02425663 -0.003381961 -6.567098 -4.945388 2.944195 1.356971 0.3598449 20.36569 nan 0 0.0
0.0588913 0.003617302 -3.932701 -2.886958 0.4538383 0.2599906 0.469838 18.45148 1.21978 1 0.0
0.0008721649 0.01011653 -3.147542 -5.904238 2.732118 1.321195 0.3693467 20.44942 nan 0 0.0
-0.002222492 0.008165296 -5.013823 -9.208276 1.806325 0.9688412 0.3069769 20.29638 nan 0 0.0
-0.003635569 0.008067992 -1.262917 -4.786613 3.499227 1.525601 0.3153164 20.52929 nan 0 0.0
0.01991846 -0.00597718 -2.864547 -6.520554 1.871237 0.9977632 0.1878976 20.23148 0.8258533 0 0.0
0.02981727 0.03289093 -2.932497 -1.026016 0.2693097 0.1495582 0.3665715 17.66434 1.398682 1 0.0
0.003852012 -0.05521211 -6.42335 -8.428254 2.112683 1.104773 0.1984094 20.42093 0.7234573 0 0.0
0.01465152 0.02583423 -9.365349 -7.520757 1.872249 1.114343 0.270562 20.43057 1.031967 0 0.0
0.02097823 -0.005553903 -8.882062 -6.218416 2.578577 1.249261 0.4328397 20.6464 0.805254 0 0.0
-0.02037954 0.001100924 -5.409334 -6.770552 1.578548 1.047855 0.01523403 19.86621 1.180307 0 0.0
0.04129907 0.003774252 -5.697898 -4.945437 1.872944 0.847999 0.3079611 20.19814 1.115026 0 0.0
-0.0009083285 0.008283566 -11.80897 -14.80136 0.9751435 0.501024 0.3069155 18.94902 nan 0 0.0
-0.001967794 -0.01636893 -12.21224 -11.15497 2.084556 1.103206 0.07595888 20.27601 1.491314 0 0.0
-0.02532457 -0.001711312 -6.592469 -8.857496 1.600793 0.8741646 0.335901 20.10128 1.077576 0 0.0
-0.01050165 -0.01179167 -3.064279 -7.000981 1.149061 0.6382906 0.3580966 19.69963 1.07456 0 0.0
0.03309986 0.04853045 -5.118012 0.5077743 0.3907543 0.2203497 0.4391234 18.09619 1.328253 1 0.0
0.01219148 0.01463642 3.016511 -1.276386 0.2475915 0.1400924 0.3297179 17.3914 1.321831 1 0.0
-0.001402906 0.008203454 -1.53145 -6.312432 0.673047 0.3711286 0.3715657 18.75187 1.527643 0 0.0
-0.008566099 -0.01023132 -8.055136 -8.181934 1.338826 0.7495621 0.3520831 20.035 0.9661369 0 0.0
