scripts/get_globular_clusters/output/NGC_5272_M_3.csv
# %ECSV 0.9
# ---
# datatype:
# - {name: x, unit: deg, datatype: float64}
# - {name: y, unit: deg, datatype: float64}
# - {name: pmx, unit: mas / yr, datatype: float64}
# - {name: pmy, unit: mas / yr, datatype: float64}
# - {name: pmx_e, unit: mas / yr, datatype: float64}
# - {name: pmy_e, unit: mas / yr, datatype: float64}
# - {name: pm_corr, datatype: float64}
# - {name: g_mag, unit: mag, datatype: float64}
# - {name: bp_rp, unit: mag, datatype: float64}
# - {name: filter, datatype: int64}
# - {name: memberprob, datatype: float64}
# meta: !!omap
# - comments: [deg deg mas/yr mas/yr mas/yr mas/yr dimless mag   mag   zeroone float]
# - __serialized_columns__:
#     bp_rp:
#       __class__: astropy.units.quantity.Quantity
#       unit: &id001 !astropy.units.Unit {unit: mag}
#       value: !astropy.table.SerializedColumn {name: bp_rp}
#     g_mag:
#       __class__: astropy.units.quantity.Quantity
#       unit: *id001
#       value: !astropy.table.SerializedColumn {name: g_mag}
#     pm_corr:
#       __class__: astropy.units.quantity.Quantity
#       unit: !astropy.units.Unit {unit: ''}
#       value: !astropy.table.SerializedColumn {name: pm_corr}
#     pmx:
#       __class__: astropy.units.quantity.Quantity
#       unit: !astropy.units.Unit {unit: mas / yr}
#       value: !astropy.table.SerializedColumn {name: pmx}
#     pmx_e:
#       __class__: astropy.units.quantity.Quantity
#       unit: !astropy.units.Unit {unit: mas / yr}
#       value: !astropy.table.SerializedColumn {name: pmx_e}
#     pmy:
#       __class__: astropy.units.quantity.Quantity
#       unit: !astropy.units.Unit {unit: mas / yr}
#       value: !astropy.table.SerializedColumn {name: pmy}
#     pmy_e:
#       __class__: astropy.units.quantity.Quantity
#       unit: !astropy.units.Unit {unit: mas / yr}
#       value: !astropy.table.SerializedColumn {name: pmy_e}
#     x:
#       __class__: astropy.units.quantity.Quantity
#       unit: &id002 !astropy.units.Unit {unit: deg}
#       value: !astropy.table.SerializedColumn {name: x}
#     y:
#       __class__: astropy.units.quantity.Quantity
#       unit: *id002
#       value: !astropy.table.SerializedColumn {name: y}
# schema: astropy-2.0
x y pmx pmy pmx_e pmy_e pm_corr g_mag bp_rp filter memberprob
[from data line 7720]
-0.03272396 -0.07690196 -0.7866073 -2.666119 0.634928 0.3821857 -0.06176553 19.37627 0.5949631 0 0.0
-0.1720163 -0.02618851 -0.5106452 -2.953168 0.4669389 0.2630042 -0.04426892 19.16824 0.7248116 1 0.9996994
0.04910078 0.02690988 0.2788673 -2.049519 1.507407 0.9479558 -0.6120561 20.03907 0.6354485 0 0.0
0.03193763 -0.02897055 4.761838 -1.680105 1.087888 0.6196716 -0.2843523 19.29938 nan 0 0.0
-0.128379 -0.0307421 0.514092 -2.520345 1.252859 0.8105522 -0.3706717 20.24451 0.8407192 0 0.0
0.03942233 -0.04188078 -11.79831 4.824606 1.921857 1.067521 -0.4032565 20.28815 nan 0 0.0
-0.09914008 0.001914708 -3.474948 -3.965496 2.495478 1.49393 -0.01231957 19.58469 0.5646877 0 0.0
0.07167814 0.004383592 -1.124665 -2.445173 0.6813772 0.4054614 -0.3225538 19.48269 0.6950455 0 0.0
0.03700433 -0.001918887 -0.3216427 -2.597884 0.3695161 0.244243 -0.09687744 18.62332 0.6064568 0 0.0
-0.008307765 -0.01508954 -0.4700725 -2.833226 0.07061869 0.0477532 -0.09892613 15.6027 0.5866899 0 0.0
-0.2132723 0.1716271 0.3707037 -1.323467 0.9645706 0.5576742 -0.2739467 19.98445 0.7587318 1 0.9818212
-0.03901867 -0.02316794 0.3074034 -2.7063 0.5220113 0.3070058 -0.2292582 19.01425 0.5137844 0 0.0
-0.0129863 0.04650684 0.4524043 -3.205904 0.3058466 0.1546684 0.05366577 17.95473 0.8154945 0 0.0
0.2924538 0.142567 -7.081624 -7.626153 0.5995412 0.3423114 -0.1271617 19.55792 1.457283 1 0.0
0.1320885 0.05882589 -0.5324199 -2.262545 0.700536 0.3827253 -0.385541 19.5012 0.6699371 1 0.9997709
-0.0403978 0.02251167 -0.02113389 -3.484227 1.391267 1.043345 0.1895863 18.91744 0.5302887 0 0.0
0.02875633 0.01556322 -4.267414 -1.178947 1.385814 0.7071364 -0.5995085 18.79355 nan 0 0.0
0.04262884 -0.03341473 1.005645 -0.7084684 3.136415 2.144469 0.3108469 20.39992 0.4225616 0 0.0
0.05526938 0.01161788 -9.362439 2.843837 3.153904 2.494909 -0.5605543 20.34513 0.3952827 0 0.0
0.01288777 0.03398318 -1.781795 -4.101772 3.167346 1.478266 -0.3889136 20.10796 nan 0 0.0
0.04784687 0.06915325 -2.443576 -2.864502 2.958621 2.230845 0.2249741 20.69188 0.9531002 0 0.0
0.2298998 -0.06311012 -2.739756 -2.278086 2.882089 1.370704 -0.611878 20.60733 0.8446617 0 0.0
-0.05402066 0.02424007 -0.744778 -2.084596 1.444024 1.231888 0.1488074 20.4396 0.403574 0 0.0
0.06879037 0.04798177 -0.4004444 -1.750475 1.013274 0.6581355 -0.5396483 19.13349 0.6007099 0 0.0
0.06865706 -0.05711324 -3.143955 1.653295 3.346467 4.035693 -0.6188438 20.86864 0.5640793 0 0.0
0.02959132 0.005740606 1.364206 -5.020081 1.098184 0.8635704 -0.4807038 19.43336 nan 0 0.0
0.1014838 -0.01258465 2.147119 -3.041492 0.9830434 0.6033025 -0.3751369 20.01523 0.7298851 0 0.0
-0.02399096 -0.01624491 0.3547688 -2.956885 0.6973568 0.4380595 -0.489819 18.69147 0.5021343 0 0.0
0.03288572 0.07480856 4.276856 -4.064037 1.730958 1.273993 -0.478934 20.29786 nan 0 0.0
0.1045249 0.04872242 0.841038 -2.150778 1.3511 0.8476895 -0.2241602 20.23914 0.5756493 0 0.0
-0.2891802 0.1358441 -14.55837 -0.03854211 2.045626 1.819411 -0.4381229 20.56775 0.9950352 0 0.0
-0.03277277 0.06942218 -0.8083377 -2.555345 0.8788236 0.6146842 0.008972088 19.86308 0.5681992 0 0.0
-0.06494354 -0.01506617 1.547924 -2.996174 1.105611 0.7439225 -0.2415061 20.12044 0.5063267 0 0.0
0.0399671 0.009413747 -2.452715 -2.765097 1.245021 0.8458803 -0.2600087 19.47036 0.4410114 0 0.0
-0.07928579 -0.05378704 -0.3539947 -3.088448 1.542499 0.6567065 -0.5232163 19.53693 nan 0 0.0
0.03105158 -0.0298501 -0.1370552 -2.829079 0.3176247 0.195192 0.0280007 18.37319 0.7201462 0 0.0
-0.02844253 -0.04285513 -1.453967 -2.513685 1.894148 0.9210152 -0.06067465 20.1753 nan 0 0.0
0.1265532 0.03113396 -0.9010984 -1.171902 1.388794 0.833628 -0.3454181 20.37231 0.7726517 0 0.0
-0.1096724 -0.0310015 -0.1299749 -2.299113 1.179073 0.7938264 -0.0507034 20.17806 0.7152863 0 0.0
0.01925287 0.08809751 -3.474853 0.7052315 2.309049 2.991072 -0.3847386 20.77326 0.6375828 0 0.0
-0.0515362 -0.02823996 0.7371971 -2.420462 1.21936 1.044958 -0.4243122 19.93089 0.4788322 0 0.0
0.04989176 0.05731338 -0.7501418 -2.632655 0.4411746 0.2827651 -0.1670948 18.87456 0.5924664 1 0.9999088
0.02894413 0.01605155 0.7000285 -5.98933 0.4103707 0.3191541 -0.2076319 18.03388 0.7296982 0 0.0
-0.04063185 -0.06299658 0.132639 -3.156869 0.3967068 0.2502736 -0.078217 18.68167 0.7076321 0 0.0
-0.1801297 -0.02770855 -1.115071 -2.517929 0.5697328 0.3213657 -0.130827 19.42027 0.6263618 1 0.9992966
0.09305773 -0.09618574 -0.2237912 -2.665072 0.4686012 0.2763731 -0.1410785 19.17056 0.6034775 1 0.9999244
0.2299833 0.05943367 -1.526865 3.781343 3.068666 2.574276 -0.5180738 20.9077 0.7456532 0 0.0
-0.03581475 -0.03923848 0.1832976 -2.5826 0.4574069 0.2790102 -0.07199197 18.72808 0.5612431 0 0.0
0.05326052 0.02896038 1.905414 -7.022943 2.83443 2.20318 -0.4888344 20.75816 nan 0 0.0
-0.1039795 0.02274951 -0.2891917 -1.152062 1.368536 1.105076 -0.2855659 20.34346 0.5843945 0 0.0
0.1243868 0.09291614 -0.4903947 -2.775562 0.4582669 0.261941 -0.2251918 18.91957 0.6724052 1 0.9998512
0.09676292 0.05501311 0.02340982 -2.947218 0.6748461 0.3815396 -0.3240492 19.4968 0.6818428 0 0.0
0.043009 -0.04362461 0.2297407 -3.535589 0.506967 0.2937848 -0.1409397 19.14549 0.6617661 0 0.0
-0.001096297 0.08901892 1.222288 -0.3329777 1.484537 1.699682 -0.05187936 20.41169 0.5546417 0 0.0
-0.1422929 -0.03178674 1.192818 -2.911432 0.5915806 0.3470298 -0.1259355 19.41726 0.6697197 1 0.9991151
0.01930046 -0.02593329 7.852543 -2.473702 1.737509 0.9272535 0.6193082 19.33995 0.5444202 0 0.0
-0.03389436 0.08624533 -0.4152977 -2.075646 1.082965 0.8025229 0.2154351 20.04507 0.5248032 0 0.0
-0.2198001 0.1714573 -6.806465 -4.459288 0.6739289 0.3728335 -0.118004 19.49289 1.378525 0 0.0
-0.06536101 -0.06072211 1.645611 -3.683199 0.7944684 0.457398 -0.004037275 19.64913 0.5630341 0 0.0
-0.008375425 -0.02173473 -0.1513376 -2.555666 0.0386725 0.02588795 -0.06677029 13.31985 1.32628 1 0.9999964
0.01380188 0.02254684 0.6039167 -3.097967 0.5574789 0.2956435 -0.1102265 18.64826 0.655571 0 0.0
0.1272443 0.05912514 0.9870723 -4.758153 2.051983 1.44304 -0.5610641 20.58284 0.8496075 0 0.0
0.1491597 -0.1255483 4.060589 -14.64039 2.899765 1.645733 -0.2510241 20.6273 2.117197 0 0.0
-0.08535152 -0.03014647 1.053339 -1.88607 0.6739253 0.4050482 -0.06610097 19.48518 0.6915245 0 0.0
0.07473543 -0.08605504 6.236592 -3.782263 2.401455 1.860055 -0.5568842 20.75003 0.5921154 0 0.0
0.1355148 -0.3578777 0.3518593 -2.541451 0.5299964 0.2972451 -0.1601841 19.14846 0.6927471 1 0.9982064
-0.02732374 -0.07939449 -0.4909164 -2.080057 1.558784 1.643587 0.3919604 20.40691 nan 0 0.0
-0.2674207 0.1721811 -3.416755 -3.512948 2.348204 2.381748 -0.4222497 20.78413 0.6306038 0 0.0
-0.1069544 -0.03901323 -0.2344863 -2.204433 0.9090325 0.6015266 -0.01982994 20.0232 0.606041 0 0.0
0.2124682 0.09529727 -0.2999752 -2.837704 0.3901187 0.2202337 -0.2259438 18.68571 0.6691952 1 0.9997172
-0.1503909 -0.03187666 -0.4637412 -1.853884 1.83023 1.741186 -0.3152378 20.67941 0.530653 0 0.0
-0.05229978 0.00278726 -0.2971648 -2.48022 0.1965332 0.1219429 -0.117245 17.67379 0.8153362 0 0.0
-0.0607603 0.02126444 -0.04299488 -2.234343 0.4205014 0.3122594 -0.009610779 18.57946 0.665184 0 0.0
0.3104034 -0.2104331 -5.062581 -3.163194 1.781177 1.129375 -0.1489536 20.51268 0.888195 0 0.0
0.04178349 -0.03520988 -0.5304055 -2.428925 0.3564029 0.1864614 0.01119931 18.46827 0.7028732 0 0.0
0.08425873 0.1202356 0.1073978 -5.522561 1.752107 1.291531 -0.1930084 20.40387 0.5580711 0 0.0
0.06126346 0.1383568 -1.057786 -6.335313 0.5730981 0.3770492 -0.1605206 18.35145 0.6911736 0 0.0
-0.04219665 0.05557435 0.1359575 -1.677962 1.039944 0.6434013 -0.2652665 19.98158 0.4937134 0 0.0
0.006486572 0.02418837 -6.222065 -6.029133 2.427485 1.454652 0.7464842 19.08231 nan 0 0.0
0.03152514 0.138441 0.2406241 -2.853938 0.3190906 0.2102952 -0.1949857 18.33819 0.7145844 1 0.9999103
0.002862973 0.009600805 -0.9470758 -2.571196 0.5183232 0.2296128 -0.02813053 16.04841 nan 0 0.0
-0.03311543 -0.03973908 6.03736 0.3781261 0.8476609 0.3742663 -0.07550373 18.86232 nan 0 0.0
-0.08706222 -0.4003774 -0.04427921 -2.65255 0.3086964 0.1693487 -0.1627529 18.38633 0.7171803 1 0.9994101
0.05383407 -0.06988767 0.6136234 -2.700208 1.114817 0.646607 -0.4322916 20.14152 0.3765945 0 0.0
0.02793069 0.1429432 -0.5446412 -1.607142 1.246445 0.865068 -0.05337746 20.29055 0.4877968 0 0.0
-0.1179655 0.03492922 -3.329072 -2.050967 1.899255 1.209117 -0.5485971 20.27408 0.7165699 0 0.0
0.2391995 -0.01115997 -27.59145 -26.59035 0.6676085 0.3765815 -0.2623926 19.35303 1.939777 0 0.0
-0.04319058 0.08602174 0.9337513 -3.176441 0.4527526 0.2938757 -0.07375717 19.00936 0.6015949 0 0.0
0.02655243 -0.02815188 3.176999 1.283965 3.347763 1.35406 -0.2505592 20.26274 nan 0 0.0
-0.007932617 -0.02596908 -0.8648679 -2.146275 0.08762994 0.05776092 -0.0741136 15.52748 1.011339 0 0.0
0.02244665 0.01905024 3.832904 -7.16161 2.069002 0.9607425 -0.4295433 19.36654 nan 0 0.0
-0.04195449 0.02328094 0.6888754 -3.48945 0.8381509 0.6035115 0.1154028 19.4721 0.681015 0 0.0
0.04340834 -0.06775431 -0.3594662 -2.028626 0.5362687 0.2964486 -0.1117099 19.3348 0.7064781 0 0.0
0.03721801 0.001317959 -3.612715 -6.465425 1.263266 0.9315189 -0.04962099 19.28751 0.4704342 0 0.0
-0.05674672 -0.0284986 -1.013803 -0.5004157 1.833471 1.793898 -0.5023662 20.46971 0.572485 0 0.0
0.0770574 -0.1011939 -0.4752738 -2.634646 0.4058297 0.2342153 -0.1055167 18.94539 0.6155491 1 0.9999279
0.02222011 0.07513004 1.989214 0.4009606 2.841815 2.357698 -0.3998596 20.78107 0.4180355 0 0.0
-0.1727608 0.17545 0.649446 -2.218977 0.743095 0.4184321 -0.1022601 19.66384 0.6272602 0 0.0
0.005959976 0.07976273 -1.38676 -2.143547 0.6785874 0.4187951 -0.004000158 19.52769 0.6329365 0 0.0
0.05633769 -0.0537483 1.789335 -2.071191 0.9289858 0.5242983 -0.1521184 20.00789 0.7088127 0 0.0
0.2250306 0.04754405 -1.912016 -2.084204 2.3249 1.75243 -0.478927 20.7788 0.6851482 0 0.0
0.103379 0.05407141 -0.09892759 -2.939564 1.264297 0.7211855 -0.4536361 20.17886 0.7385635 0 0.0
-0.008957791 0.07835532 -1.525179 -2.057329 0.9078656 0.6944255 0.1063709 19.89699 0.577364 0 0.0
-0.1523764 -0.03047383 -0.5592428 -2.516047 0.6680675 0.4081519 0.01442088 19.69736 0.6637154 1 0.999752
0.07597398 -0.1082862 0.8763847 -3.614823 1.65453 1.350809 -0.351082 20.65626 0.6763706 0 0.0
-0.01736075 -0.03391397 -0.1139388 -2.148341 0.9712213 0.5073508 -0.2317768 19.6477 0.6598091 0 0.0
0.06485012 -0.04801377 0.8965165 -4.684951 1.862146 1.618405 -0.290517 20.64978 0.6420307 0 0.0
-0.06711975 0.004561808 -0.6903273 -2.999896 0.7720456 0.5262781 0.1722918 19.61633 0.6153965 0 0.0
0.06535982 -0.003272774 -0.3170366 -3.243246 0.9916448 0.5959529 -0.2915573 20.15178 0.6033726 0 0.0
-0.05018088 -0.0303406 0.5862513 -2.609177 1.863146 1.143993 -0.4352708 20.25314 nan 0 0.0
0.02205726 0.01964525 0.1783045 -2.644004 0.6450446 0.3868699 -0.3913683 18.79769 0.4829388 0 0.0
0.2147528 0.06010362 -0.2682506 -2.977286 1.575101 1.054193 -0.4820576 20.42219 0.7182598 0 0.0
-0.03425131 0.01949781 -1.277284 -2.302137 1.151165 0.9661312 0.4175001 19.79622 nan 0 0.0
0.06356303 0.06008635 2.222964 -3.608034 1.136711 0.7180558 -0.33495 19.98103 0.6226559 0 0.0
0.008699114 0.04999304 0.8911658 -1.779747 1.011749 0.5203544 0.1078362 19.14125 0.6361465 0 0.0
-0.123936 -0.04401872 0.3331641 1.967525 2.123069 2.954041 -0.2782185 20.85637 0.6873627 1 0.9960049
-0.1175478 -0.1214872 -0.1797534 -2.724213 0.4419699 0.2706813 0.02328643 19.01785 0.6734886 1 0.9998887
0.1425602 0.05449451 -1.6103 0.0875562 3.925106 3.728644 -0.6588561 20.96192 0.2791138 0 0.0
-0.03346454 -0.03948339 0.1815771 -2.254538 0.7657732 0.5413247 0.02508857 19.63139 nan 0 0.0
0.1252958 -0.0634511 -0.2138719 -2.782493 2.018565 1.513011 -0.5259505 20.52836 0.8549671 0 0.0
0.09456731 0.004319515 -0.6140755 -2.63614 0.7222869 0.4249877 -0.3171171 19.47829 0.6271381 0 0.0
0.2841285 0.2713033 0.3534669 -3.905118 0.9638976 0.5283951 -0.2383722 19.95332 0.8511677 0 0.0
0.01136777 -0.05936643 -1.601346 -0.9381168 1.292253 0.9088875 -0.2345579 20.18516 0.5133686 0 0.0
-0.01377281 -0.01649659 -0.362226 -2.453174 0.9347745 0.567107 -0.4187797 17.85619 0.5606251 0 0.0
-0.003192889 -0.04419023 8.138844 -2.271515 1.596357 0.7584128 -0.06537802 19.60801 0.7000999 0 0.0
0.02553194 -0.02857937 -5.43619 -5.11635 2.340243 1.181556 0.5845956 19.80771 nan 0 0.0
0.06961562 -0.0645341 2.794938 -3.335552 2.053956 1.583832 -0.3666947 20.70333 0.5971413 0 0.0
0.02002454 -0.02029885 -1.495595 -1.992208 0.8833696 0.4778867 -0.06422157 18.92646 0.5946732 0 0.0
-0.05022003 -0.02792206 0.88468 -3.276645 0.2970005 0.1914551 -0.06882238 18.17206 0.4749317 0 0.0
0.132996 -0.4783459 -4.106297 -4.840365 0.3048852 0.176383 -0.09104669 18.53389 0.8000965 1 0.0
-0.02068824 0.05048107 -0.1005871 -1.772986 0.6296925 0.2996866 0.09620256 18.99496 0.4387417 0 0.0
0.01943538 -0.1029005 -0.1982713 -2.673899 0.1407267 0.0787254 -0.1155223 17.09159 0.9322453 1 0.9999907
0.07058247 -0.1654663 3.446001 -4.731262 3.870597 2.697014 -0.487339 20.87972 1.157827 0 0.0
0.03599138 0.05538323 1.265518 -3.385158 0.5175859 0.3317005 -0.1285416 18.96991 0.5176315 0 0.0
-0.03344394 0.0258433 -0.3596131 -2.681459 0.5769762 0.4572654 0.3027782 18.99551 0.5796413 0 0.0
0.01579095 0.005443921 -7.885163 -2.90087 1.177555 1.042911 0.05697183 18.26526 nan 0 0.0
0.0214162 0.0700487 -1.287583 -1.817067 2.158495 1.859622 -0.3589594 20.64469 0.8538551 0 0.0
-0.03311536 -0.03949875 4.101204 -1.945016 1.64794 0.8985725 0.5422528 19.67638 nan 0 0.0
-0.1884445 0.1742121 7.537013 -9.496753 1.068582 0.5918397 -0.1119918 20.07534 2.111406 0 0.0
0.08440284 0.05731807 -0.7489302 -2.022979 0.9440299 0.4949385 -0.4380177 19.72002 0.5836582 0 0.0
-0.1127244 -0.1995504 1.84616 -1.569579 1.544054 1.077679 0.3958966 20.26653 0.4374046 0 0.0
-0.1040633 -0.03533302 -0.7280299 -0.7673867 0.9396956 0.5150522 0.1186569 19.73009 0.5175571 0 0.0
0.0677955 0.09271605 -0.152517 -2.77212 0.2973078 0.2057428 -0.1989999 18.27615 0.7907772 1 0.9999644
-0.009249646 -0.03780789 -0.02925313 -2.555985 0.06648578 0.04608684 -0.02898853 15.49049 0.7329426 1 0.9999952
-0.02904226 0.02315836 -0.06680233 -2.869936 0.7494423 0.368223 0.1894724 18.97109 0.6008263 0 0.0
0.008829098 -0.06077048 0.9992681 -2.932639 0.859062 0.4776482 -0.05622507 19.61838 0.5743752 0 0.0
-0.0556652 -0.01474338 0.1100721 -2.050161 0.3927222 0.2460449 -0.003336134 18.23171 0.6824532 0 0.0
0.06747356 -0.05484807 -3.622899 -4.450196 2.755107 2.461177 -0.4008707 20.97303 0.1583462 0 0.0
0.03075252 0.1212041 0.89184 -2.983884 0.8535666 0.5646704 -0.1630498 19.7585 0.8429832 0 0.0
0.02816291 0.02608781 -2.201556 -2.642628 1.470447 1.042246 -0.4773958 19.50116 0.7586632 0 0.0
0.07075315 0.002414587 0.06203364 -2.805039 0.3377282 0.1992854 -0.2969682 18.5435 0.6730309 0 0.0
-0.01349079 -0.01618001 1.185819 -1.13272 0.633983 0.5206591 0.1452043 18.44212 nan 0 0.0
0.01964872 -0.02113243 -2.564711 -2.11163 0.5538172 0.3703092 0.0626373 17.37867 0.5622501 0 0.0
0.04001883 -0.02098365 -1.064986 -1.290691 0.9678325 0.554398 -0.2600617 19.53239 nan 0 0.0
0.03394182 0.002772167 -2.698797 1.549722 1.309764 1.157466 -0.5246285 19.77109 nan 0 0.0
-0.1641566 0.1751139 0.5901165 -3.696346 1.20959 0.7635637 -0.2844338 20.25707 0.6583443 1 0.9961393
0.08071333 0.05673918 0.5803816 -3.55725 0.8660584 0.4602817 -0.4726778 19.54461 0.6766529 1 0.9993798
-0.1338572 -0.03004296 -0.9871437 -2.810853 1.314011 1.139568 -0.07611159 20.4386 0.9101105 0 0.0
-0.008880431 -0.1196483 0.1128486 -3.340022 0.6340398 0.3959936 -0.0957351 19.54889 0.5691566 1 0.9995686
0.01883971 0.07305609 0.1236279 -3.359653 1.141811 0.5908344 0.02692119 19.98589 0.6506939 0 0.0
0.009982223 -0.03833425 -1.015144 -2.279044 1.16862 0.6054198 0.3810754 18.22623 0.7639484 0 0.0
0.06061036 -0.05598136 1.406023 -1.739207 2.528491 1.837353 -0.5376916 20.77794 nan 0 0.0
0.116072 0.05481124 -1.367199 -1.097091 1.175505 0.6695504 -0.4538856 19.90453 0.645977 0 0.0
