scripts/get_globular_clusters/output/NGC_6522.csv
# %ECSV 0.9
# ---
# datatype:
# - {name: x, unit: deg, datatype: float64}
# - {name: y, unit: deg, datatype: float64}
# - {name: pmx, unit: mas / yr, datatype: float64}
# - {name: pmy, unit: mas / yr, datatype: float64}
# - {name: pmx_e, unit: mas / yr, datatype: float64}
# - {name: pmy_e, unit: mas / yr, datatype: float64}
# - {name: pm_corr, datatype: float64}
# - {name: g_mag, unit: mag, datatype: float64}
# - {name: bp_rp, unit: mag, datatype: float64}
# - {name: filter, datatype: int64}
# - {name: memberprob, datatype: float64}
# meta: !!omap
# - comments: [deg deg mas/yr mas/yr mas/yr mas/yr dimless mag   mag   zeroone float]
# - __serialized_columns__:
#     bp_rp:
#       __class__: astropy.units.quantity.Quantity
#       unit: &id001 !astropy.units.Unit {unit: mag}
#       value: !astropy.table.SerializedColumn {name: bp_rp}
#     g_mag:
#       __class__: astropy.units.quantity.Quantity
#       unit: *id001
#       value: !astropy.table.SerializedColumn {name: g_mag}
#     pm_corr:
#       __class__: astropy.units.quantity.Quantity
#       unit: !astropy.units.Unit {unit: ''}
#       value: !astropy.table.SerializedColumn {name: pm_corr}
#     pmx:
#       __class__: astropy.units.quantity.Quantity
#       unit: !astropy.units.Unit {unit: mas / yr}
#       value: !astropy.table.SerializedColumn {name: pmx}
#     pmx_e:
#       __class__: astropy.units.quantity.Quantity
#       unit: !astropy.units.Unit {unit: mas / yr}
#       value: !astropy.table.SerializedColumn {name: pmx_e}
#     pmy:
#       __class__: astropy.units.quantity.Quantity
#       unit: !astropy.units.Unit {unit: mas / yr}
#       value: !astropy.table.SerializedColumn {name: pmy}
#     pmy_e:
#       __class__: astropy.units.quantity.Quantity
#       unit: !astropy.units.Unit {unit: mas / yr}
#       value: !astropy.table.SerializedColumn {name: pmy_e}
#     x:
#       __class__: astropy.units.quantity.Quantity
#       unit: &id002 !astropy.units.Unit {unit: deg}
#       value: !astropy.table.SerializedColumn {name: x}
#     y:
#       __class__: astropy.units.quantity.Quantity
#       unit: *id002
#       value: !astropy.table.SerializedColumn {name: y}
# schema: astropy-2.0
x y pmx pmy pmx_e pmy_e pm_corr g_mag bp_rp filter memberprob
[from data line 2514]
-0.03424232 -0.01699752 -0.1043012 -2.767159 0.4449939 0.3669184 0.1799282 18.19674 1.37752 0 0.0
-0.002649584 -0.001715688 2.907007 -6.230119 0.1256252 0.1035745 0.09082363 15.72349 1.51351 0 0.0
0.04875571 -0.01701505 -0.1229816 -2.326857 0.4142116 0.3203217 0.06977912 17.61393 1.705488 0 0.0
-0.01530413 -0.00505088 3.208042 -6.254529 0.5623125 0.448425 -0.2395853 18.48745 nan 0 0.0
0.05810722 -0.0164002 -9.25199 -8.256279 1.25954 1.07534 0.472171 18.92987 nan 0 0.0
0.003479668 -0.005425507 1.698566 -5.915541 0.2478111 0.1976046 -0.3188324 15.84503 1.012398 0 0.0
0.01882954 -0.002388828 -4.97997 -8.522313 1.098679 0.9498016 0.4508145 18.68062 nan 0 0.0
0.001366229 -0.0009069461 -6.014554 -4.280943 1.047613 0.8891673 0.3609067 17.45079 nan 0 0.0
0.06454315 0.009522412 -2.363638 -7.888652 0.4920306 0.3980307 -0.04438363 18.26727 1.304537 0 0.0
0.04891277 -0.01992383 -0.6451388 -9.209228 0.3191928 0.2624848 0.1700708 17.53549 1.676796 0 0.0
0.04191397 -0.01721982 -9.583984 -18.78794 1.759114 1.555778 0.144588 12.01069 2.980108 0 0.0
0.01188196 0.00395609 2.358049 -3.044593 0.1398489 0.1201666 0.3426826 14.94338 2.091434 0 0.0
-0.03474943 -0.002129917 19.90869 8.08449 0.9145018 0.7293386 0.176228 18.40388 nan 0 0.0
0.04892167 -0.001907018 3.099834 -0.01279181 0.3923545 0.3201295 0.06916615 17.50854 1.511358 0 0.0
0.0393496 -0.02239722 2.088183 -0.5323135 0.3940796 0.3282843 0.2826091 18.10236 1.504522 0 0.0
0.004906386 -0.003296966 2.690246 -6.360798 0.1088698 0.0893771 0.02300504 13.1879 2.134621 0 0.0
0.0003094543 0.006665237 -3.350529 -7.758944 0.1486941 0.1227684 0.02817521 14.75932 2.187989 0 0.0
0.005750852 -0.01970784 -2.775116 -8.657583 0.231349 0.1981808 0.224984 16.77201 nan 0 0.0
0.005488336 0.009789322 3.358812 -7.214926 0.4503648 0.3936643 0.2658706 17.61695 1.269567 0 0.0
-0.01393217 0.007923108 3.093171 -6.868813 0.1909182 0.1586811 0.1156792 16.64291 1.084856 0 0.0
-0.01826775 0.02049565 -4.075526 -7.300497 0.2112806 0.1757746 0.1299778 16.84661 1.652163 0 0.0
0.04667369 -0.006805913 -6.907068 -5.474596 0.2322235 0.1863632 -0.01909724 16.50364 1.806858 0 0.0
0.06409704 0.01428726 -2.8183 -7.294987 0.140972 0.1090495 -0.1215329 15.13342 1.866028 0 0.0
0.01203833 -0.01380134 -7.609704 -7.046607 0.4082599 0.3408033 0.3332982 17.78744 1.609657 0 0.0
-0.01002159 0.007194974 1.504822 0.6912064 0.1518567 0.1246768 0.07152719 15.71425 1.652431 0 0.0
-0.02505003 -0.01556617 -1.380907 -0.7635285 0.1110811 0.09152411 0.08711206 14.76143 2.281161 1 0.0
-0.03355975 -0.004473639 3.508049 -8.200695 0.4104255 0.3447429 0.1090887 18.00577 1.415827 0 0.0
-0.02119753 0.004286414 10.64006 6.857504 0.59622 0.5140007 0.04587243 16.09443 1.291273 0 0.0
0.05162447 0.01344195 2.81793 2.285522 0.6735077 0.5720979 -0.01487114 18.15358 1.314497 0 0.0
-0.0111322 0.01503406 -0.9223952 -6.948635 0.4832387 0.4030555 0.2762062 18.07403 1.453896 0 0.0
-0.008541445 0.00126898 1.666607 -6.731467 0.475519 0.4377861 0.41354 17.77589 nan 0 0.0
0.006305569 -0.01964874 3.266407 -6.604919 0.2800939 0.2370736 0.4012112 16.31463 1.599997 0 0.0
0.05141666 -0.03055475 -3.471452 -6.892577 0.3116173 0.2620542 -0.03647876 17.24 2.082745 0 0.0
-0.01036745 0.02986187 1.583366 -1.14659 0.1300479 0.102495 0.1186008 15.86311 1.583885 0 0.0
-0.03361165 -0.007245034 4.831247 -0.2806748 0.8433957 0.690426 -0.003887282 18.51826 1.27293 0 0.0
0.05024867 0.009971287 -3.425871 2.28187 0.2135792 0.171172 -0.01991497 16.53665 1.659202 0 0.0
0.0004944142 0.007891661 1.310461 -5.99717 0.7244636 0.6387482 0.4594704 17.9963 nan 0 0.0
-0.01002368 0.02779815 -5.626342 -1.026498 1.260524 1.120939 0.339047 18.75112 1.447577 0 0.0
0.006543338 -0.01913378 4.675143 -2.73594 0.4759879 0.4112211 0.3481737 17.20909 nan 0 0.0
-0.02634114 -0.02785555 -0.0638541 -6.739474 0.7230024 0.5251149 -0.1194686 18.55952 nan 0 0.0
-0.03535902 0.003313441 -0.1702236 -5.016916 0.2009813 0.1694073 -0.00167512 16.37707 1.624284 0 0.0
-0.02706049 -0.005164019 -4.051367 -5.030019 0.2292598 0.1958275 0.1102734 17.06212 1.873676 0 0.0
0.02313332 -0.01358206 2.929518 -6.273776 0.2061894 0.1728133 0.1992781 16.7205 1.153666 0 0.0
0.06072159 0.02543021 -2.782054 -1.008482 0.625057 0.5387831 -0.2097688 18.39436 1.365278 0 0.0
0.04406107 -0.0005066511 -5.375939 -3.501562 0.4510712 0.3769514 0.05236066 17.9216 1.359871 0 0.0
-0.02576231 -0.0192132 2.010337 -8.274031 0.7586727 0.6398843 0.173832 17.78425 1.426441 0 0.0
-0.03409095 0.003714428 -2.639299 -10.28739 0.5000831 0.4283212 0.1359171 18.23541 nan 0 0.0
-0.006796974 -0.009156453 3.601301 -9.1816 0.8735999 0.7126459 0.1304795 18.26719 1.209997 0 0.0
-0.02800525 -0.02750506 -3.268608 -7.584381 1.146503 0.878594 -0.393021 18.73467 1.062551 0 0.0
0.004774261 -0.003874886 -5.670023 -1.017292 0.2285918 0.186569 0.04834907 15.67848 nan 0 0.0
0.03325045 -0.01482662 -1.942882 -1.802017 0.3828951 0.3163305 0.2162583 17.55017 0.6313419 0 0.0
0.03427973 -0.01757928 0.4149079 -3.224568 0.2205344 0.185508 0.2031885 16.50109 1.895559 0 0.0
0.004087941 0.01014416 -7.077962 -4.388858 0.3177715 0.2684239 -0.0251028 17.41155 1.271992 0 0.0
-0.02283578 0.004827737 -5.826361 -10.06211 0.6641264 0.5618124 0.1779321 17.85713 1.384506 0 0.0
-0.02566028 -0.005220867 -7.387191 -2.0087 0.9235263 0.8303253 0.1166646 18.71021 nan 0 0.0
0.005884797 0.01179392 -1.614815 -8.056359 0.6803823 0.5539108 0.02916536 17.08491 nan 0 0.0
-0.02294385 0.01513121 -5.951639 -11.5833 0.8019954 0.7226661 0.6287526 17.75558 1.121185 0 0.0
0.04376191 -0.01983178 -1.303649 -3.160809 0.4470658 0.3600445 0.4236309 17.71776 1.473345 0 0.0
0.0502063 -0.02149804 -0.9955496 -3.601709 0.2664897 0.2185828 0.307768 17.28172 1.475272 0 0.0
-0.04055751 -0.01247758 -3.963071 -2.023238 1.050233 0.8510649 0.111241 18.50981 nan 0 0.0
0.004800666 -0.004183878 6.330237 -7.851395 0.7665016 0.6776472 0.2056302 15.66868 nan 0 0.0
-0.005766198 -0.01745717 -0.6204453 -6.303148 0.1771171 0.1475967 0.09536415 15.91464 1.63459 0 0.0
0.05038898 -0.02586596 0.3937457 -1.256645 0.2493632 0.2226301 0.4396688 16.81573 1.362475 0 0.0
0.0543565 -0.01580298 1.456969 -5.867271 0.1797637 0.1475764 0.06140446 16.40689 1.945333 0 0.0
0.03393978 -0.007514082 -3.954395 -6.39259 1.22031 1.157889 0.4577469 18.95149 1.573616 0 0.0
-0.03260289 -0.02201711 1.837976 -2.353002 0.2050143 0.1699637 0.09656978 17.24228 1.296848 0 0.0
0.005884449 0.005942178 1.55255 -6.374813 0.5014671 0.438191 0.244764 17.17682 1.484929 0 0.0
0.05699402 -0.02289026 -3.740529 -4.718294 0.5368262 0.4421455 0.1396913 17.47471 1.671773 0 0.0
-0.02647931 -0.005018903 -4.785607 -6.673331 0.2645167 0.2231543 0.0105912 17.35536 1.838609 0 0.0
-0.009809499 -6.055932e-05 -4.758582 0.4279919 0.2262231 0.1893825 0.1427734 16.96293 1.72721 0 0.0
-0.02603096 -0.002096726 -5.030305 -7.473962 0.5313589 0.4525858 0.3028562 18.31727 1.329119 0 0.0
0.03137546 -0.01305218 -0.3818996 -5.684097 0.5452373 0.4819656 0.4961501 17.95665 1.707853 0 0.0
0.05116515 -0.006159631 -4.183192 -8.056464 0.3853472 0.3169721 0.09877625 17.29264 nan 0 0.0
0.06363063 -0.01251069 -5.217829 -5.17916 0.2600938 0.2136275 0.042933 17.16214 nan 0 0.0
-0.02893716 -0.001964018 -2.779363 -7.886393 0.2340072 0.1976955 -0.009458825 16.99657 1.89112 0 0.0
-0.02320792 0.01439873 -3.348004 -5.19378 0.1565189 0.1234794 -0.03460672 16.28278 1.24139 0 0.0
0.01306915 -0.009418388 0.2148114 -4.00785 0.4137079 0.3416991 0.2238749 17.41794 1.448828 0 0.0
0.05859567 0.005534025 -5.216102 -9.771082 0.7525176 0.6365143 0.2268443 18.63535 1.542774 0 0.0
-0.03083674 -0.01043513 -0.3807326 -0.9750455 0.1663965 0.1366844 0.04647989 16.38179 1.700461 0 0.0
0.06326945 0.001056511 -4.970549 -6.584253 0.2148081 0.1754581 0.02285481 16.64843 1.934072 0 0.0
-0.04005573 -0.01213978 -8.797176 -5.993694 0.8181072 0.631389 -0.0877369 18.72057 nan 0 0.0
0.05627798 -0.02792525 -4.27473 -2.011654 0.351941 0.2793659 -0.1655831 17.03236 1.787945 0 0.0
-0.00323126 0.01185508 -9.273063 -10.00049 1.588373 1.337633 0.3007856 18.83961 nan 0 0.0
-0.01020816 0.02289053 -1.601886 0.1980023 0.9660394 0.9036909 0.0688817 18.61645 1.254482 0 0.0
0.006650706 0.006315969 1.712197 -6.450546 0.2260739 0.1899444 -0.01587377 16.48882 1.10355 0 0.0
0.05707837 -0.01402495 -1.764344 -0.3302156 0.3397232 0.280889 0.426753 17.16953 1.711008 0 0.0
0.005883626 -0.007931876 4.18736 -5.66214 0.4108711 0.3727859 0.682478 16.7081 nan 0 0.0
0.004748231 0.004242791 3.425794 -6.297891 0.2094826 0.1751152 0.2164359 16.47593 1.514266 0 0.0
0.05474483 -0.03010831 -4.316765 -5.887562 1.029959 0.8500873 0.4533312 17.52477 1.676792 0 0.0
0.009079489 -0.01584571 2.512936 -7.494731 0.3258697 0.2731746 0.4044722 17.24917 1.539183 0 0.0
-0.002675486 -0.02087691 1.38031 -2.296871 0.8530787 0.7505988 0.5334998 18.60207 nan 0 0.0
0.0534722 -0.03907406 -5.121871 -2.581395 1.371873 1.235735 0.4654279 19.13642 nan 0 0.0
0.01404631 -0.01148609 -6.070478 -3.983405 0.2919283 0.2621651 0.4698707 17.49753 1.416775 0 0.0
-0.01054726 -0.01885756 -2.014644 -5.246286 0.2194592 0.1787566 0.05965294 16.0678 1.778838 0 0.0
0.03615581 -0.01600829 -5.759734 -6.291701 0.2015176 0.1632415 0.1458496 16.99502 1.7012 0 0.0
0.01195865 -0.01730513 -4.084873 -1.65115 0.5306539 0.4713579 0.5179232 16.31363 1.839977 0 0.0
-0.009098168 0.02188928 1.968504 -7.946084 0.2955344 0.2425431 0.1046988 17.66123 1.573519 0 0.0
0.01396622 -0.01742937 -2.28728 -5.209224 0.4594163 0.3990032 0.2213732 17.60473 nan 0 0.0
0.000335829 -0.007258408 2.767458 -7.020481 0.2577234 0.215668 0.1283439 16.89225 1.372663 0 0.0
0.0606527 -0.0007805377 2.584984 -1.296549 0.7244287 0.5729558 -0.07877272 18.72158 1.212429 0 0.0
-0.01316753 0.02001008 0.6533133 4.068047 0.7926636 0.7443866 -0.1912645 18.7133 1.530287 0 0.0
0.006359355 -0.0047638 0.05611063 -5.292496 0.5422596 0.4540648 -0.2947982 15.98865 nan 0 0.0
0.05480927 -0.009112249 -0.4256128 -4.859136 0.3111716 0.2512929 0.007748894 17.1139 1.180451 0 0.0
0.008789992 -0.003686333 2.457333 -7.137968 0.3386825 0.3012271 0.4392041 15.87487 0.9512196 0 0.0
0.0137568 -0.003696435 2.817886 -6.237913 0.1940953 0.160549 0.1928978 15.20344 1.62436 0 0.0
0.009105793 -0.01707023 6.56364 -9.331216 0.7646946 0.6851599 0.5355817 18.38847 nan 0 0.0
-0.009255789 0.01187187 -2.370547 -11.74277 0.5838156 0.490329 0.1361873 16.99957 nan 0 0.0
0.000150914 0.001164444 3.541858 -9.165135 1.075353 0.9111033 0.1627254 14.71759 0.9257431 0 0.0
0.05970049 -0.002591941 -4.748344 0.9871558 1.432454 1.145646 -0.04372649 19.1225 nan 0 0.0
-0.03255099 -0.01921139 -0.3710831 -5.903898 0.3652755 0.3043149 0.08715283 17.99727 1.501808 0 0.0
0.06323902 -0.005237722 -3.252769 -6.000297 1.0414 0.8733245 0.4454989 18.43491 nan 0 0.0
-0.02510968 0.0113446 -3.804775 -8.415129 0.2048688 0.1705349 0.03312232 16.76631 1.817333 0 0.0
-0.02795679 -0.01201928 -0.6310781 -6.066897 0.2914435 0.2375985 0.1205717 17.54528 1.764967 0 0.0
0.03784736 -0.01357705 2.532083 -6.297653 0.1872939 0.1556972 0.164515 15.79918 0.8777628 0 0.0
1.881174e-05 0.002898224 8.642758 -5.562473 0.7232635 0.6141589 0.1938456 16.84825 0.9552765 0 0.0
0.01499738 -0.01117342 -1.427854 1.736818 0.2816945 0.2354675 0.2777877 16.95051 1.29083 0 0.0
-0.03263609 -0.001438738 -6.973179 -5.979585 0.9347239 0.8062584 0.08850897 18.08662 1.367371 0 0.0
0.05813317 -0.01719367 -0.8921793 -1.870508 0.1011719 0.08170855 0.2188294 13.525 2.334424 1 0.0
0.009001506 -0.001927777 1.681164 -5.470761 0.3952563 0.3462452 0.2317995 17.03827 nan 0 0.0
0.05608255 0.0001167005 1.94903 -3.925882 0.3575485 0.2878349 -0.06192086 17.72122 1.616257 0 0.0
-0.02834959 -0.02411198 -0.5415445 -1.082839 0.2589443 0.2138348 0.06915629 17.65255 1.307482 0 0.0
0.05348324 -0.01863301 -1.45394 -1.980278 0.2894574 0.2255792 0.2614017 16.72071 1.407543 0 0.0
0.0002830235 0.003584869 3.120439 -7.517868 0.6944661 0.5998498 0.2627117 17.50611 nan 0 0.0
0.06152028 -0.007666602 -1.550264 -4.449037 0.1552986 0.1216221 0.3016034 15.42502 1.114944 1 0.0
-0.001566447 0.002917285 5.178355 -8.330157 0.6742008 0.5719128 -0.01158259 17.56684 nan 0 0.0
-0.02357117 -0.01372331 4.672615 -5.49163 1.116106 1.012499 0.02248888 18.72756 1.060581 0 0.0
0.05677983 0.01819797 -2.533148 -6.096849 0.2399451 0.1889672 -0.08106647 16.61522 1.750348 0 0.0
0.004589244 -0.005677322 3.30156 -6.482975 0.480454 0.4111038 0.3840071 17.08431 nan 0 0.0
0.03290905 -0.008764955 -4.017594 -7.769803 0.3137934 0.2645618 0.2606758 16.87608 1.685182 0 0.0
-0.01205368 -0.01264168 -1.912028 -3.077411 0.8654141 0.6751193 -0.05815698 17.22403 1.662599 0 0.0
0.0009172355 0.01484394 -2.363729 -1.978806 0.2890008 0.2374582 0.07198761 13.67998 4.283955 0 0.0
-0.03210605 -0.006517835 -0.4531436 -9.571503 0.491102 0.4084662 0.1533506 18.43961 1.445288 0 0.0
-0.009838537 0.0263257 3.534048 -5.002894 0.3939702 0.3221244 -0.01297016 17.60278 1.315901 0 0.0
-0.03043551 -0.02660741 4.995886 -6.761597 0.6601203 0.5528721 0.1226959 17.22028 1.654247 0 0.0
0.00382287 -0.01169307 2.433795 -6.998033 0.8882599 0.7278895 0.8434997 17.28436 nan 0 0.0
0.04549061 0.005733548 -1.36059 -1.984118 0.1457656 0.1156365 -0.03640913 14.92413 2.375176 1 0.0
0.04119862 -0.02233884 -2.094817 -5.515919 0.2061266 0.1679477 0.1714039 16.93018 1.740454 0 0.0
-0.005688807 0.01487621 -2.482758 -3.487612 0.102517 0.08272224 0.1624523 15.10654 2.040949 1 0.0
-0.03207733 -0.01362651 -3.167281 -4.500508 0.4066539 0.3342597 0.1040421 18.08413 1.486698 0 0.0
-0.01575614 0.01314897 -1.803495 -2.293809 0.08927057 0.07293163 0.05192637 14.78034 1.944975 1 0.0
-0.02819809 0.0004375474 0.4172424 -1.46064 0.2717869 0.2277649 0.1107704 15.57796 1.85523 0 0.0
0.0591292 -0.03018521 0.4607441 0.1646293 0.4182198 0.3447094 0.01442559 17.60175 1.298553 0 0.0
-0.03601373 -0.01270662 0.8720402 -5.823903 0.830157 0.7341705 0.2214025 17.03587 nan 0 0.0
0.01684739 -0.006443494 3.868094 -4.547919 0.3392437 0.2831671 0.2385562 17.35748 1.389095 0 0.0
-0.02016767 0.007098061 10.45911 -11.46953 1.20443 1.062164 0.2954429 18.69293 nan 0 0.0
-0.03154966 -0.01153208 6.821269 -9.009397 1.102549 0.8886347 0.0350622 18.90488 1.443478 0 0.0
0.0333861 -0.004244698 -13.47182 2.972207 1.198644 1.035292 0.2722379 18.20067 1.331705 0 0.0
0.009240424 0.01030975 3.378986 -6.289525 0.2911262 0.2368619 -0.02944344 17.33208 1.402954 0 0.0
0.05062179 -0.03545814 1.491377 0.6593974 1.735194 1.613096 -0.2311032 19.12505 nan 0 0.0
0.04258403 0.005273261 -4.460772 -7.179331 0.763328 0.5949862 -0.1123662 18.54078 1.393333 0 0.0
-0.01749752 -0.001515018 2.5585 1.065976 0.454898 0.3671306 -0.09613945 18.10403 nan 0 0.0
-0.0004568459 0.02026654 3.336848 0.3814774 0.3284123 0.2705517 0.1802753 17.26622 1.267141 0 0.0
-0.004234747 -0.002211654 5.535403 -4.229984 0.2588951 0.2168617 0.1957614 16.00151 1.486845 0 0.0
0.0005999947 -0.01007175 4.976166 -7.498445 0.961383 0.7730293 -0.2696852 17.84935 nan 0 0.0
0.06361074 -0.002333067 4.345136 -7.773582 1.249277 1.194759 -0.6067172 18.74877 0.9417877 0 0.0
-0.02614121 0.01524486 -6.525057 -6.315331 0.8996238 0.8141886 0.5714955 18.77132 1.749239 0 0.0
-0.02582386 0.01425503 0.4319856 -2.789997 0.6854618 0.5750202 0.2360075 18.75445 nan 0 0.0
0.01114014 -0.01406064 4.979173 -3.094838 1.032028 0.8773171 0.4013421 16.81992 1.720123 0 0.0
-0.02811739 -0.004639792 -2.748443 -5.836005 0.4754705 0.4029146 -0.03677387 18.16531 1.528011 0 0.0
0.05378524 0.002412515 0.7231107 -0.9410422 1.578064 1.514541 0.006331343 19.30642 nan 0 0.0
0.007072808 -0.002770669 2.958504 -6.985274 0.2280125 0.1960669 -0.7668846 13.18016 1.269213 0 0.0
0.03423177 -0.003501121 4.101212 -5.351762 0.3881591 0.3282874 0.2998211 17.13469 1.617243 0 0.0
0.06319413 0.007240184 -0.5596729 -1.897249 0.685775 0.5591181 -0.057693 18.55129 1.408167 0 0.0
-0.007351819 -0.008187559 -0.01135458 -5.445213 0.5075922 0.4265372 0.1139504 16.54871 1.255827 0 0.0
0.01071743 -0.01443825 -6.071237 -6.065941 0.109424 0.09009708 0.3050571 14.47013 2.236973 1 0.0
0.05339624 0.01600068 -1.0157 -6.839051 1.293156 0.9576568 -0.01496436 18.9556 nan 0 0.0
