scripts/get_globular_clusters/output/NGC_6144.csv
# %ECSV 0.9
# ---
# datatype:
# - {name: x, unit: deg, datatype: float64}
# - {name: y, unit: deg, datatype: float64}
# - {name: pmx, unit: mas / yr, datatype: float64}
# - {name: pmy, unit: mas / yr, datatype: float64}
# - {name: pmx_e, unit: mas / yr, datatype: float64}
# - {name: pmy_e, unit: mas / yr, datatype: float64}
# - {name: pm_corr, datatype: float64}
# - {name: g_mag, unit: mag, datatype: float64}
# - {name: bp_rp, unit: mag, datatype: float64}
# - {name: filter, datatype: int64}
# - {name: memberprob, datatype: float64}
# meta: !!omap
# - comments: [deg deg mas/yr mas/yr mas/yr mas/yr dimless mag   mag   zeroone float]
# - __serialized_columns__:
#     bp_rp:
#       __class__: astropy.units.quantity.Quantity
#       unit: &id001 !astropy.units.Unit {unit: mag}
#       value: !astropy.table.SerializedColumn {name: bp_rp}
#     g_mag:
#       __class__: astropy.units.quantity.Quantity
#       unit: *id001
#       value: !astropy.table.SerializedColumn {name: g_mag}
#     pm_corr:
#       __class__: astropy.units.quantity.Quantity
#       unit: !astropy.units.Unit {unit: ''}
#       value: !astropy.table.SerializedColumn {name: pm_corr}
#     pmx:
#       __class__: astropy.units.quantity.Quantity
#       unit: !astropy.units.Unit {unit: mas / yr}
#       value: !astropy.table.SerializedColumn {name: pmx}
#     pmx_e:
#       __class__: astropy.units.quantity.Quantity
#       unit: !astropy.units.Unit {unit: mas / yr}
#       value: !astropy.table.SerializedColumn {name: pmx_e}
#     pmy:
#       __class__: astropy.units.quantity.Quantity
#       unit: !astropy.units.Unit {unit: mas / yr}
#       value: !astropy.table.SerializedColumn {name: pmy}
#     pmy_e:
#       __class__: astropy.units.quantity.Quantity
#       unit: !astropy.units.Unit {unit: mas / yr}
#       value: !astropy.table.SerializedColumn {name: pmy_e}
#     x:
#       __class__: astropy.units.quantity.Quantity
#       unit: &id002 !astropy.units.Unit {unit: deg}
#       value: !astropy.table.SerializedColumn {name: x}
#     y:
#       __class__: astropy.units.quantity.Quantity
#       unit: *id002
#       value: !astropy.table.SerializedColumn {name: y}
# schema: astropy-2.0
x y pmx pmy pmx_e pmy_e pm_corr g_mag bp_rp filter memberprob
[from data line 4203]
0.03282066 0.0076012 -2.206647 -1.94069 0.7571799 0.5323635 0.1854035 19.2554 1.326933 0 0.0
0.006546893 0.003785187 0.3863476 -2.693563 1.646513 1.132112 0.01385076 19.92909 nan 0 0.0
-0.03840998 -0.01345763 -3.438636 -10.56067 0.6929408 0.4830799 0.2802868 19.01881 1.382833 0 0.0
-0.005450599 -0.01212204 -1.654261 -2.591929 0.07786465 0.05276934 -0.04044527 14.2155 1.742749 1 0.9999205
-0.06961449 -0.05960503 -5.711842 -2.631962 2.604141 1.710506 -0.2204967 20.50508 0.7827358 0 0.0
0.02543649 0.0398563 -9.56128 -1.111655 1.137688 0.7767412 0.2402125 19.74802 1.468039 0 0.0
-0.01314863 -0.07643652 0.6014603 -3.825915 3.439729 3.06977 -0.4254062 20.70104 1.119717 0 0.0
0.02923654 -0.06778007 -3.444656 -6.259852 0.200097 0.1364296 0.09948902 16.94601 1.549562 1 0.0
-0.01160529 -0.0250753 -2.248065 -4.106039 1.257889 0.7604611 0.5699588 19.14545 1.120033 0 0.0
0.04488879 -0.06152701 -1.210056 2.564588 2.73377 1.758215 -0.1878884 20.41702 1.393303 0 0.0
-0.06951287 0.04648939 -0.2476031 -2.273613 0.9524945 0.7310384 0.1427892 19.65464 1.320261 0 0.0
-0.001776366 -0.001826063 -0.6656058 -2.922578 2.275233 2.279752 -0.3759185 20.11283 nan 0 0.0
-0.001707119 -0.04917026 -11.67281 -10.22628 1.177245 0.8480073 0.1586692 19.82246 1.303339 0 0.0
0.04648899 -0.0005687785 -1.335533 -2.3924 0.2395117 0.1503631 0.2928255 16.86868 0.7932415 0 0.0
0.02540803 0.03508793 -3.876251 -3.571486 1.53917 1.075991 0.2237022 20.07133 1.294359 0 0.0
-0.006259825 -0.006276061 -1.46926 -2.49836 0.1113998 0.07440287 0.08988699 15.12145 1.603682 0 0.0
0.01746535 0.02729214 5.24323 -6.286203 4.133362 3.327137 -0.4342795 20.82427 nan 0 0.0
-0.02774712 0.002242859 -0.8890288 -3.201457 1.122206 0.6709358 0.5406614 19.14692 1.150311 0 0.0
0.001527966 -0.014529 -1.547816 -2.203277 0.9613935 0.6968712 0.07524404 19.39219 nan 0 0.0
-0.007827902 0.06900879 -0.8560342 -2.392668 1.482937 1.112671 -0.01344389 20.08053 1.43717 0 0.0
0.02051563 -0.01941741 0.2109878 -1.857218 2.622393 1.592779 0.3999683 20.1961 nan 0 0.0
-0.01182269 -0.0443052 -2.522038 -0.5481851 3.560777 1.65402 -0.1900516 20.194 nan 0 0.0
0.007424534 0.004658701 -1.701884 -2.483683 0.07775042 0.05387882 -0.1068389 13.9176 1.809721 1 0.9993473
-0.01836911 0.009029141 -1.872079 -2.663641 1.30281 0.7711855 0.5026964 19.50479 1.172415 0 0.0
0.03398291 0.04349335 -0.02129945 -2.189122 0.6842575 0.4771563 0.1978207 18.99358 1.281429 0 0.0
0.03063522 -0.0644235 4.985399 -6.329695 3.624329 2.861423 -0.5884492 20.8153 nan 0 0.0
0.06616017 -0.05832129 -4.051514 -3.299487 2.042301 1.446511 -0.3830533 20.22553 1.31002 0 0.0
0.006999565 0.006588964 -1.522559 -2.413798 0.08126602 0.05430205 -0.1422226 14.15653 1.76827 1 0.380005
0.04607996 -0.06439231 -3.10045 -1.80807 1.207008 0.8631081 0.2113643 19.80023 1.237423 0 0.0
-0.009331326 -0.003552571 -1.875615 -2.722043 0.0724354 0.04863793 -0.004367592 13.98542 1.796714 1 0.9994599
0.09735772 0.01371852 -10.86939 -8.82155 1.006501 0.7156108 0.1352259 19.65274 1.242775 0 0.0
0.08439436 -0.01116807 -4.600171 -3.802126 2.774624 1.918284 -0.2661211 20.61173 1.361584 0 0.0
-0.01892628 -0.02234302 -0.7976762 -1.390195 1.370505 0.9692811 0.2585904 19.85646 1.155134 0 0.0
-0.007533779 -0.02460003 -3.655047 -3.371179 1.229118 0.9068427 0.2394298 19.90795 1.082436 0 0.0
0.05610821 0.0146572 -1.260673 -3.096212 0.4153724 0.2922962 0.1717234 18.32117 1.549227 0 0.0
0.01442985 -0.009196932 -3.908378 -0.9731569 0.5757488 0.3944497 0.1923448 17.5259 0.8768082 0 0.0
-0.006904114 -0.008517232 -4.237864 -3.340511 2.391493 1.724676 -0.4899411 20.07417 nan 0 0.0
-0.03082141 -0.03930568 -1.505649 -2.218827 0.3373992 0.2391365 0.3026747 17.79869 1.418295 0 0.0
0.08088836 0.01436426 -5.062139 -7.029904 2.378151 1.799912 0.4144095 19.59596 1.520313 0 0.0
0.01806144 -0.02058431 0.250819 -0.08147799 1.989714 1.307837 0.4388547 20.19511 0.9879551 0 0.0
-0.001543074 -0.01665379 -1.863648 -2.562045 1.357528 0.8874551 0.2993646 19.92917 nan 0 0.0
-0.01325222 -0.008561646 -1.133089 -2.540684 0.2449078 0.1619239 0.05809974 16.98653 1.470683 0 0.0
0.01430041 0.05381615 -2.710192 -2.3246 0.4726406 0.3136664 0.2141844 18.41326 1.464573 0 0.0
0.01095466 -0.0772679 -6.366409 -5.8015 0.929246 0.6564225 0.1786225 19.2994 1.193476 0 0.0
0.01918317 -0.03553619 -3.067717 -3.315658 2.055427 1.400272 -0.3575353 20.20339 1.05551 0 0.0
-0.01207536 0.01351986 -3.182458 -3.716277 1.390605 0.7857022 0.4861112 19.54984 1.349161 0 0.0
0.02237061 -0.06928537 -4.594743 -9.291461 1.548262 1.092367 0.07825307 20.22829 1.181084 0 0.0
-0.005069692 0.05705178 2.388982 -4.152595 0.7215156 0.4611351 0.1967327 18.13388 1.619612 0 0.0
-0.03563226 -0.04056971 -1.632827 0.9682921 1.88897 1.396406 -0.1731959 20.32163 nan 0 0.0
-0.01892234 -0.04670558 -3.850686 -2.615589 1.672055 1.182196 0.5783201 19.85736 1.28916 0 0.0
0.04565969 -0.05269057 -3.039438 -1.546654 1.021246 0.7276626 0.04680775 19.64372 1.189301 0 0.0
0.006998546 -0.01050851 -2.790118 -3.220622 0.7134159 0.5030329 0.1776556 19.15335 1.121418 0 0.0
-0.05365469 -0.01582872 -2.495506 -1.367907 1.173025 0.7623953 0.3629686 19.52628 1.204082 0 0.0
-0.007795264 -0.009339355 -4.035645 -2.851315 0.9462183 0.6725904 0.2086885 19.56229 0.987236 0 0.0
0.007982462 -0.05815032 3.903571 3.293697 3.22147 2.050172 -0.152751 20.4819 1.734615 0 0.0
-0.002843639 -0.09373736 1.646032 4.599801 1.767841 1.20678 0.01794511 20.28904 1.199076 0 0.0
-0.02523823 0.004219439 -1.621293 -6.638287 1.73074 0.982974 0.4041874 19.29542 1.206011 0 0.0
-0.02687181 -0.0476608 -5.889731 -0.4514434 3.390509 2.491057 -0.4418186 20.74915 nan 0 0.0
0.03358241 -0.0139387 1.512392 -1.160307 1.827894 1.274645 0.03947843 20.19067 1.093298 0 0.0
0.01857195 2.451616e-05 -0.239871 -4.136022 2.275648 1.56524 -0.34155 20.14515 nan 0 0.0
-0.007478056 -0.03850078 2.854601 1.039554 1.899214 1.187702 0.6702598 19.68667 1.310715 0 0.0
0.001994759 0.02364657 -2.044864 -1.634796 2.444344 1.37426 0.5763433 20.12241 1.244295 0 0.0
0.006998315 -0.01436898 28.35536 10.39023 3.778884 2.683343 0.00229824 20.35105 nan 0 0.0
0.05094959 -0.05379901 -2.20506 -3.516598 1.056607 0.7655097 -0.01401149 19.52702 1.228668 0 0.0
0.06549716 -0.01853172 -1.073292 -3.188645 1.057511 0.7696356 0.09149841 19.75614 1.262661 0 0.0
0.01529837 -0.07784059 5.784671 -15.87977 1.44562 1.039445 -0.02418218 20.11193 1.333689 0 0.0
0.05067625 -0.02032683 -1.732422 -2.588627 0.4233284 0.2900276 0.1708439 18.22374 1.39365 0 0.0
0.01287893 -0.02383756 -2.667799 -2.783002 1.31386 0.8299472 0.3544375 19.77385 1.150118 0 0.0
0.05083758 -0.05925969 -5.378709 -4.943043 2.654513 2.083836 -0.4853918 20.44049 1.297047 0 0.0
-0.007098351 0.02928641 6.405517 -5.464597 2.642293 1.916986 -0.3365202 20.55956 1.275068 0 0.0
-0.008057551 0.01664825 5.803522 -2.360433 2.096272 1.188821 0.4729017 19.52046 nan 0 0.0
-0.04546016 -0.005418763 -0.1657031 -5.798746 2.631357 2.060845 -0.3190289 20.55374 1.276487 0 0.0
-0.01707482 -0.02727704 -2.630149 -2.957048 0.4809583 0.331133 0.1831736 18.29064 1.410349 0 0.0
0.05263739 -0.04931748 -0.3093527 -0.4428689 0.2285574 0.159505 0.1006218 17.18388 1.620489 1 0.0
-0.009650047 0.03733142 -3.392873 -3.45126 2.133885 1.589392 -0.3326752 20.26204 1.16794 0 0.0
-0.01660038 0.01068308 -4.579944 -3.8672 1.314472 0.7687998 0.5307092 19.10318 1.107845 0 0.0
0.01908981 -0.0195812 -1.397387 -3.971391 1.469031 0.9321405 0.3361983 19.9271 nan 0 0.0
-0.02372731 -0.008485095 2.652728 -4.147536 3.555344 2.608605 -0.3987683 20.75227 nan 0 0.0
-0.01140568 0.03689829 2.004934 -1.178513 2.229924 1.445594 -0.2452434 20.13613 nan 0 0.0
0.005339562 -0.01055038 3.05355 -0.3113556 1.867053 1.174414 0.5067913 19.51184 nan 0 0.0
0.001240123 -0.00795246 0.1908591 -0.6075627 0.8279146 0.5604462 0.2768613 18.74374 0.6280003 0 0.0
0.004475567 -0.01652226 -2.744469 -3.412941 1.333801 0.9828994 0.1918997 19.97978 nan 0 0.0
-0.002996106 -0.02506332 -1.583111 -3.166698 0.6775708 0.4764496 0.05011868 18.95426 1.157936 0 0.0
0.01159193 -0.007085183 -1.99849 -1.40129 1.452357 1.121768 0.2308329 19.97307 nan 0 0.0
-0.02563396 0.05828314 9.401994 -16.98548 1.793739 1.360213 0.06656693 19.82389 1.644688 0 0.0
-0.01758479 -0.008880743 -1.06307 -2.029271 0.5888528 0.3920334 0.2589252 18.73573 1.363062 0 0.0
-0.09816421 -0.00749188 -1.926981 -2.519756 0.1565601 0.1121683 0.1482171 16.52669 0.7186413 1 0.9691297
-0.01028023 0.02857664 -1.688202 -1.906078 3.535206 2.717462 -0.2116443 20.78152 nan 0 0.0
-0.03611745 0.02162497 -1.657382 -1.375344 1.757885 1.341547 0.06829755 20.27736 1.264662 0 0.0
0.03732883 -0.002804735 -1.787897 -1.825074 1.860449 1.315275 0.02549234 20.3412 1.075201 0 0.0
-0.004518503 -0.006640285 -1.82442 -1.990904 0.5305001 0.4038638 0.2668992 18.05202 1.388714 0 0.0
0.004037494 0.002185035 -0.2691964 1.159251 2.244742 2.035718 0.266254 20.37746 nan 0 0.0
0.003693669 -0.03030282 -3.413374 -2.465994 1.952653 1.167925 0.405258 20.11156 1.086613 0 0.0
0.005202427 -0.01119697 -1.112184 -1.543586 0.6043743 0.4393337 0.2829254 18.70819 1.184668 0 0.0
0.0132643 -0.01038889 -5.348386 -2.759629 1.171497 0.8484282 0.1880403 19.81734 1.159393 0 0.0
-0.001515639 -0.01783634 -5.520681 -1.560349 0.9492017 0.6491134 0.1694417 19.12834 1.158525 0 0.0
-0.01809386 0.002553735 -1.60326 -3.66021 0.5646283 0.3973502 0.1878634 18.72108 1.270452 0 0.0
0.07217834 -0.05560115 -2.545869 -3.955274 0.1936331 0.1340555 0.2084434 16.78077 1.58335 1 0.0
0.001967128 0.01160358 -3.757118 -4.584845 0.8260938 0.629287 0.1622233 19.02122 1.257177 0 0.0
-0.05317946 0.02463209 -1.125594 -7.73358 0.3073825 0.2226245 0.06075148 17.81682 1.410782 0 0.0
-0.01743446 -0.09763342 -10.05129 -3.030843 1.680566 1.210901 -0.2179972 20.14186 1.158756 0 0.0
-0.03011066 0.02198524 -1.445263 -4.341426 1.223522 0.907733 0.1228756 19.72039 1.362959 0 0.0
0.03424795 -0.08217236 -5.325887 -3.86962 0.4575495 0.3134735 0.155212 18.40079 1.681063 0 0.0
0.01650652 0.03599742 -2.675957 -2.739912 1.963326 1.085188 0.4507554 19.88758 1.520245 0 0.0
-0.0928067 -0.02044605 0.2734759 -2.293832 1.19479 0.8547992 0.1559575 19.852 1.308365 0 0.0
0.0340038 0.02090271 -1.277745 -2.790996 0.2873017 0.1971138 0.1414053 17.62659 0.7052994 0 0.0
0.02488952 -0.01688911 -0.5767082 -2.301962 0.4422445 0.2701515 0.1891186 17.82751 1.446175 0 0.0
0.01665737 0.03575898 -23.19277 -5.140691 3.526536 1.643084 -0.1589673 20.21361 nan 0 0.0
0.0007600969 -0.03027225 -3.312501 -5.549053 0.787849 0.5606208 0.1024049 19.09328 1.181772 0 0.0
-0.05875042 -0.02455919 -2.717807 -0.2172285 0.3296465 0.2308981 0.1749592 17.81029 1.286634 0 0.0
0.08243653 -0.007224192 2.831587 -6.570532 2.660261 1.852512 -0.3387645 20.64315 1.443727 0 0.0
-0.01129016 -0.0232671 -2.018623 -2.674032 0.7138798 0.5413278 0.2686275 19.12752 1.152279 0 0.0
0.00130841 -0.0318668 -1.940351 -2.647336 0.7753357 0.5381987 0.06934241 19.14064 1.195515 0 0.0
0.002282677 0.01909373 -1.515651 -1.651619 0.9428855 0.6601965 0.3167355 19.3532 1.247534 0 0.0
0.03492558 -0.06135577 0.08946135 -0.4083992 1.179636 0.7886254 0.1254905 19.37446 1.228518 0 0.0
-0.03465814 -0.08994683 -4.347422 1.010556 1.06346 0.8011892 0.2812064 19.76617 1.237959 0 0.0
0.06443312 0.06616659 -0.9979615 -3.558442 1.398047 0.973336 0.203527 20.02981 1.428717 0 0.0
-0.01972222 -0.01755952 -1.834931 -2.377536 0.5426879 0.3843504 0.23172 18.5922 1.352034 0 0.0
-0.07250697 0.03031136 0.6847168 -10.42464 1.184651 0.9369124 0.2479249 19.90658 1.438065 0 0.0
0.07326761 0.04270103 5.131774 -0.8990958 0.7177437 0.492832 0.1759907 19.15014 1.4018 0 0.0
0.03929566 -0.02556195 -1.804769 -2.759664 0.2348115 0.1594999 0.1334419 17.20801 1.439716 0 0.0
0.03169705 -0.09061547 -1.210431 -3.779941 0.661479 0.4808752 0.08325624 19.04503 1.332378 0 0.0
0.004640819 0.00202861 -2.911197 -2.738774 1.315508 1.057111 0.4523016 19.49669 nan 0 0.0
0.01422626 0.007925361 -1.816729 -2.996988 0.5938263 0.4135148 0.2020221 18.8565 1.185389 0 0.0
0.02211588 0.03335291 0.098964 -1.695649 1.338686 0.9482125 0.2108346 20.02295 1.488165 0 0.0
0.0005819395 -0.02014041 -4.951995 0.4424485 3.19872 2.018148 -0.1191401 20.60439 nan 0 0.0
0.06677013 -0.02209728 -8.051666 -5.121787 2.683895 1.971774 -0.3532036 20.38754 1.573727 0 0.0
-0.01027423 -0.03983805 -1.376114 -2.744823 0.8727536 0.6234253 0.17634 19.40454 nan 0 0.0
0.003777287 0.01220244 -1.112017 -3.757999 1.255531 0.954584 0.2491777 19.77268 1.352551 0 0.0
0.06229673 0.07345381 -0.633381 -2.195872 3.351237 2.610016 -0.5330998 20.6645 nan 0 0.0
0.004750586 0.003768108 -1.923524 -1.666821 0.8551291 0.605087 0.05232234 19.06025 nan 0 0.0
0.008217641 -0.02688508 -7.76136 -5.168071 0.7918394 0.5547759 0.1708995 19.04883 1.220324 0 0.0
0.03059512 -0.06055157 -1.348544 -2.327199 2.622958 1.826481 -0.4425472 20.58237 1.057745 0 0.0
0.00447626 0.001662405 -0.1545015 0.3375815 2.310711 1.325977 -0.04120118 19.90008 nan 0 0.0
0.02884763 -0.08888286 -2.414385 1.695898 3.493079 2.183018 0.5935593 20.48813 0.8860683 0 0.0
-0.008629994 -0.0313979 -4.778987 -0.6493699 0.4052824 0.2838385 0.03940444 18.17146 1.503546 0 0.0
0.009480322 -0.008546022 -2.162074 -3.603459 1.284957 0.9045844 0.2149722 18.89502 1.130638 0 0.0
0.001487042 0.001727331 -1.810905 -2.733929 0.1155626 0.08070873 0.1006629 15.68928 1.590825 1 0.9998543
-0.004558997 -0.02307591 -3.301428 -0.7049127 1.18808 0.8286791 0.03038209 19.803 1.200047 0 0.0
-0.0302296 0.004571119 -2.024749 -3.204683 0.5073247 0.3838364 0.1463393 18.61213 1.341352 0 0.0
0.04022152 -0.004066448 -1.175006 -2.946136 1.506959 0.9557564 0.3431868 19.94927 1.141382 0 0.0
0.04103387 0.0448663 -0.1835317 -2.357236 2.423987 1.702008 -0.4044307 20.32104 1.551083 0 0.0
-0.03678752 0.01546593 -4.359439 -6.150796 3.227106 2.67308 -0.4923527 20.65329 1.556688 0 0.0
0.004380293 0.002101099 0.3040549 3.984418 2.230191 1.558319 0.2047886 19.33378 nan 0 0.0
0.01404795 0.007528654 -3.855061 -2.60551 0.835557 0.5837585 0.1431032 19.10417 nan 0 0.0
0.008589111 -0.008645135 -1.879988 -3.21317 1.02664 0.729049 0.1671168 19.67975 1.189365 0 0.0
0.01402049 0.007198686 -1.548755 -1.913264 0.6528072 0.4585894 0.1715565 18.96571 0.8262253 0 0.0
0.0601148 -0.06117715 4.325098 -7.196626 2.328904 1.73629 -0.4908782 20.31643 1.344423 0 0.0
0.07283024 0.02311092 -0.4408422 -4.502342 2.584869 1.920064 -0.4096535 20.21399 1.51005 0 0.0
0.004516598 -0.01908573 -4.655573 -2.24032 3.199662 2.472356 -0.2252171 20.77427 nan 0 0.0
0.04796689 -0.07479764 -2.889644 -6.844422 0.2454381 0.1682936 0.1342053 17.29718 1.311769 1 0.0
0.08572239 0.005018635 -1.500107 -2.903898 1.842891 1.296379 0.1778178 20.27218 1.26391 0 0.0
0.002776401 0.01987192 -3.982496 -2.65171 1.588067 1.100761 0.2220199 20.07886 1.21232 0 0.0
-0.02649358 -0.08370386 -7.598353 0.1616213 2.579338 1.825993 -0.4262288 20.47496 1.031946 0 0.0
0.02914969 0.07924025 -5.946602 -2.894536 0.497527 0.3627437 0.1669647 18.63259 1.631571 0 0.0
-0.01817574 5.509577e-05 -1.214341 -2.353841 0.1854207 0.132199 0.1883022 16.49842 0.7663898 0 0.0
0.005080449 0.02154268 -1.796358 -2.486069 0.5233161 0.3718732 0.37639 18.47234 1.448095 0 0.0
-0.009644973 -0.02440373 -2.038671 -2.710467 0.3020653 0.2201748 0.2617955 17.68839 1.425117 0 0.0
0.007423613 -0.009884833 -0.9772627 -2.23967 1.175245 0.8061741 0.3223945 19.70677 nan 0 0.0
-0.01777434 -0.02471558 -6.081537 -4.647975 2.391243 1.701567 -0.4115937 20.31794 1.247 0 0.0
0.02562775 0.03630668 0.001527324 -1.826293 1.524454 1.04981 0.1251039 20.08808 1.365818 0 0.0
0.07010973 -0.05411407 -4.881543 -5.818356 0.1817693 0.1247986 0.1465346 16.72776 1.566141 1 0.0
-0.06383207 0.04307084 -4.021642 -5.690183 0.2340154 0.1699694 0.05445028 17.16033 1.512079 0 0.0
0.02974124 0.08533599 -3.133662 -8.225218 0.4316348 0.3035088 0.1052691 18.4025 1.555094 0 0.0
-0.09915302 0.01065572 -2.013861 -1.671818 1.169977 0.8690566 0.1220804 19.81852 1.20632 0 0.0
-0.008260281 -0.02562624 -0.4489003 -3.000571 1.452522 1.056003 0.2704793 19.91175 nan 0 0.0
