scripts/get_globular_clusters/output/NGC_5986.csv
# %ECSV 0.9
# ---
# datatype:
# - {name: x, unit: deg, datatype: float64}
# - {name: y, unit: deg, datatype: float64}
# - {name: pmx, unit: mas / yr, datatype: float64}
# - {name: pmy, unit: mas / yr, datatype: float64}
# - {name: pmx_e, unit: mas / yr, datatype: float64}
# - {name: pmy_e, unit: mas / yr, datatype: float64}
# - {name: pm_corr, datatype: float64}
# - {name: g_mag, unit: mag, datatype: float64}
# - {name: bp_rp, unit: mag, datatype: float64}
# - {name: filter, datatype: int64}
# - {name: memberprob, datatype: float64}
# meta: !!omap
# - comments: [deg deg mas/yr mas/yr mas/yr mas/yr dimless mag   mag   zeroone float]
# - __serialized_columns__:
#     bp_rp:
#       __class__: astropy.units.quantity.Quantity
#       unit: &id001 !astropy.units.Unit {unit: mag}
#       value: !astropy.table.SerializedColumn {name: bp_rp}
#     g_mag:
#       __class__: astropy.units.quantity.Quantity
#       unit: *id001
#       value: !astropy.table.SerializedColumn {name: g_mag}
#     pm_corr:
#       __class__: astropy.units.quantity.Quantity
#       unit: !astropy.units.Unit {unit: ''}
#       value: !astropy.table.SerializedColumn {name: pm_corr}
#     pmx:
#       __class__: astropy.units.quantity.Quantity
#       unit: !astropy.units.Unit {unit: mas / yr}
#       value: !astropy.table.SerializedColumn {name: pmx}
#     pmx_e:
#       __class__: astropy.units.quantity.Quantity
#       unit: !astropy.units.Unit {unit: mas / yr}
#       value: !astropy.table.SerializedColumn {name: pmx_e}
#     pmy:
#       __class__: astropy.units.quantity.Quantity
#       unit: !astropy.units.Unit {unit: mas / yr}
#       value: !astropy.table.SerializedColumn {name: pmy}
#     pmy_e:
#       __class__: astropy.units.quantity.Quantity
#       unit: !astropy.units.Unit {unit: mas / yr}
#       value: !astropy.table.SerializedColumn {name: pmy_e}
#     x:
#       __class__: astropy.units.quantity.Quantity
#       unit: &id002 !astropy.units.Unit {unit: deg}
#       value: !astropy.table.SerializedColumn {name: x}
#     y:
#       __class__: astropy.units.quantity.Quantity
#       unit: *id002
#       value: !astropy.table.SerializedColumn {name: y}
# schema: astropy-2.0
x y pmx pmy pmx_e pmy_e pm_corr g_mag bp_rp filter memberprob
[from data line 5619]
-0.0353443 -0.01277554 -7.234305 -3.7545 1.902797 1.150651 -0.6176341 19.80387 nan 0 0.0
0.009361652 -0.02409352 -4.205414 -4.880595 0.1793215 0.1207925 -0.3931047 16.47634 0.7475748 0 0.0
0.0003564064 -0.03250052 -6.032356 -3.381478 0.9212447 0.6230787 -0.4027718 18.90001 1.097258 0 0.0
-0.001282895 -0.03327873 -9.968447 -4.999157 3.947596 2.173437 -0.3105419 20.44032 1.150528 0 0.0
0.04440016 0.0263927 -4.400011 -5.399205 3.322388 1.716479 -0.5546505 20.36421 0.8989449 0 0.0
-0.012958 0.007541222 -2.794122 -5.625443 1.643706 1.314221 -0.2031886 19.02813 nan 0 0.0
0.0290788 0.0242412 -5.170287 -3.143494 3.309192 2.042205 -0.6694719 20.36073 0.9706936 0 0.0
0.03027108 -0.1273629 -5.492611 -2.074401 0.6160017 0.4232735 -0.4239048 18.58624 1.300236 1 5.859889e-06
0.0384651 0.02664398 9.036859 -8.523131 2.870458 1.709094 -0.6065307 20.38184 -0.2804813 0 0.0
0.08471123 0.001134708 -6.555877 -6.435377 0.6348269 0.4053005 -0.2440951 18.85162 1.599291 1 0.0
0.01490574 0.02933041 -1.315544 -9.921785 2.500069 1.52077 -0.4166824 20.2346 0.8636951 0 0.0
0.01100439 -0.0023576 -10.06026 0.8687084 0.6927413 0.551554 -0.7834506 17.42632 0.7911978 0 0.0
-0.05864277 -0.007320083 -4.746932 -1.304016 1.315585 0.9396579 -0.4836159 19.61112 1.23551 0 0.0
-0.009401346 0.016533 -3.219019 -4.759091 0.367047 0.2310475 -0.3295557 17.90806 1.223299 0 0.0
0.01789355 0.06256719 -1.819875 -15.92115 2.623624 1.69008 -0.2392375 19.51478 1.275974 0 0.0
-0.02345937 -0.002440613 -3.807793 -4.147151 0.5215955 0.36076 -0.4387299 18.3226 1.241171 0 0.0
0.01054845 0.01367182 -2.038949 -6.21104 1.430922 0.9479449 -0.521996 19.36024 nan 0 0.0
0.1139319 0.04095907 -5.754512 -4.251574 4.095207 2.318831 0.2470138 20.76039 1.615345 0 0.0
-0.0489642 -0.001404069 -9.148749 -3.388925 2.460972 1.587679 -0.4472044 19.8489 0.8248138 0 0.0
-0.0002463027 -0.02660681 -3.390234 -4.739853 0.6715941 0.4631692 -0.4218161 18.7888 nan 0 0.0
0.01483311 0.02811353 -3.840647 -2.526639 4.038569 1.83333 0.0727542 20.4265 0.7949009 0 0.0
0.01889771 -0.06949785 -4.188321 -2.611804 1.866313 1.193253 -0.4261307 20.02499 0.941534 1 0.4700034
0.04926119 0.02560761 -6.952586 -25.99312 2.029671 1.130786 -0.5639542 19.92159 1.537781 0 0.0
-0.007123542 0.03599965 -4.231504 -4.731939 1.487903 0.8063689 -0.3459155 19.74875 0.8400917 0 0.0
-0.01800166 -0.03191143 -5.085449 -4.405319 2.30169 1.534016 -0.5211064 20.21938 0.8332253 0 0.0
-0.004576518 0.01472911 -4.235553 -5.166192 1.326106 0.6422998 -0.06329287 18.8988 nan 0 0.0
0.01409862 0.03540738 -1.474807 -5.514552 1.963497 1.292618 -0.3848134 20.20716 0.7672272 0 0.0
0.005648007 -0.03266476 -10.17 -5.135293 1.796325 1.208458 -0.1680898 19.55156 nan 0 0.0
0.04937996 -0.0132795 -5.500438 -5.307335 1.978762 1.708706 -0.1336842 20.0746 0.9885521 0 0.0
0.004167584 0.006149876 -6.17792 -2.315228 0.9369356 0.7505844 -0.7699126 17.76843 nan 0 0.0
-0.01525771 -0.01091854 -2.773916 -6.895679 1.02765 0.7620041 -0.681325 18.35655 nan 0 0.0
-0.01492912 -0.02595601 -17.21224 -2.239044 2.258673 1.593471 -0.5217443 19.99995 nan 0 0.0
0.005455161 -0.0324702 -0.4605191 -2.943454 2.129301 1.063261 -0.3608295 19.22606 1.081564 0 0.0
0.04859031 0.06948851 -6.901038 -3.03322 3.71868 2.927471 -0.3897795 20.80068 1.641819 1 0.4461151
0.02297834 -0.003493319 -3.190617 -4.543114 0.2931731 0.1896643 -0.2991023 17.34947 1.196717 0 0.0
0.06167569 -0.0305121 -6.334073 -1.507682 3.015313 1.595612 -0.1525232 20.49521 0.9806728 0 0.0
-0.006084362 0.01664398 -3.238248 -3.769163 0.6585298 0.3988173 -0.2934135 18.07864 1.034243 0 0.0
0.0994955 0.08161407 -5.93361 -3.449349 1.355559 0.7744813 0.05541675 20.04041 1.469452 1 0.2766911
-0.00232101 0.01448507 -1.682011 -3.456025 1.946304 0.8654016 -0.02306139 19.01266 nan 0 0.0
0.1182505 -0.02748728 -8.357962 -4.227752 1.009527 0.693467 0.0501275 19.68376 0.9439163 1 0.004258815
0.002033759 0.03571768 -0.414797 -3.615383 3.942791 1.932433 -0.2474027 20.51781 0.8404636 0 0.0
-0.01471089 -0.03220825 -4.635517 -3.68526 1.463291 1.073557 -0.4351022 19.65299 0.8183327 0 0.0
0.02079362 -0.01103433 -8.276903 -2.448403 1.972533 1.13758 0.3185315 19.56534 1.3193 0 0.0
0.1009831 0.05701107 -4.131382 -4.305802 2.507029 1.816334 -0.2208959 20.59948 0.8872719 1 0.4232736
0.002962053 0.01812045 -14.08415 -3.307136 2.09696 1.429245 -0.4390266 19.57735 nan 0 0.0
0.03798261 0.02673197 -19.76264 0.847994 2.62047 1.582975 -0.5023186 20.45396 0.4836502 0 0.0
0.02094932 0.02782976 -5.239646 -3.85339 0.87977 0.5519696 -0.3143416 19.26646 1.057907 0 0.0
-0.02917564 -0.03183871 -7.364364 0.9515685 0.6667762 0.4388219 -0.5158347 18.6816 1.302004 0 0.0
0.02807982 -0.001587732 -8.834967 -6.787335 1.9341 1.778908 -0.2615499 19.78045 0.9584026 0 0.0
0.05590152 -0.09440748 1.246738 -7.078189 0.3095334 0.2254723 -0.3887761 17.51653 1.378267 1 0.0
-0.01892025 0.02495021 -2.01199 -2.100616 1.711805 0.7020778 -0.04882277 19.38553 1.035152 0 0.0
0.03917598 -0.06589331 -6.378032 -2.724904 1.386152 1.001983 -0.4073053 19.7339 1.04903 1 0.492439
0.04147085 0.05167059 -6.735449 -4.620283 1.08768 0.6698169 -0.2977775 19.57483 1.074564 1 0.5115309
0.003010685 0.0275275 -2.357547 -7.184557 2.017309 1.184864 -0.3752893 19.86872 0.8254795 0 0.0
-0.01387151 -0.008801107 -5.480595 -4.306047 0.3095332 0.2217979 -0.6040044 17.03471 1.273379 0 0.0
-0.05671806 0.0143222 -4.09016 -4.880031 0.3416622 0.2132375 -0.4681288 17.48721 0.4198723 1 0.9817169
0.09426672 0.06150983 -19.28949 -4.477674 2.143118 1.40585 -0.1578327 20.45678 1.366053 1 0.0
0.01561883 0.03556729 6.400165 -8.180572 2.812928 1.723617 -0.2848144 20.30815 0.8817978 0 0.0
0.03275736 0.05000031 -4.197796 -4.671604 0.1447721 0.09143099 -0.2508542 16.42762 1.437266 1 0.9962152
0.04751334 -0.06602791 -6.72181 -4.209107 0.8604352 0.5215514 -0.3669083 18.9471 1.256069 1 0.2853956
-0.04624246 0.004293028 -4.529304 -3.803387 1.882462 1.467658 -0.495182 20.10555 1.231836 0 0.0
-0.06422812 0.03726528 -3.833048 -4.858107 1.183123 0.7890422 -0.4979924 19.50057 0.930748 0 0.0
0.01008905 0.005825056 -3.764437 -5.838076 0.604912 0.5059394 0.04119546 17.41924 nan 0 0.0
-0.05837127 0.01533181 -4.49033 -4.573488 0.4435412 0.2745199 -0.4952193 17.88101 1.387299 1 0.9805092
-0.05553499 0.01292311 -6.550379 -4.130798 1.005218 0.6770249 -0.5302264 19.16568 1.272739 1 0.5979812
0.0187178 0.02883363 -3.331362 -4.733536 0.736388 0.4642616 -0.322949 19.04176 1.177401 0 0.0
-0.02377012 -0.01106574 -4.141412 -3.577848 1.217717 0.6868565 -0.6199187 19.14674 1.291897 0 0.0
-0.01959839 -0.01074408 2.64856 -10.08782 2.067807 1.327638 -0.7171536 19.561 nan 0 0.0
0.03883099 -0.03460499 -0.1104621 -2.899398 3.446071 1.537815 0.08701357 20.28902 nan 0 0.0
-0.025824 -0.06814192 -2.372452 -0.9758197 0.5871333 0.3797198 -0.4692316 18.50937 1.449768 1 0.0
0.1194576 -0.04134803 -6.460486 0.9782316 0.3933435 0.2552292 -0.03117629 18.29407 1.269133 1 0.0
-0.006615018 0.0159344 9.969362 -9.825797 2.012676 1.002376 -0.0899822 19.24899 nan 0 0.0
0.1218661 0.03785651 -0.2527435 -0.4777278 4.283795 2.279108 0.294789 20.75812 1.173546 0 0.0
0.0249909 0.02859908 -7.934489 -4.613414 1.955904 1.457765 -0.5851034 19.98062 0.9577522 0 0.0
0.02717192 -0.01105929 -10.2442 -3.271401 0.9172001 0.6112202 -0.3096704 18.54472 1.289305 0 0.0
0.06150722 0.02778426 -2.627189 -5.620993 1.751115 1.192519 -0.4149564 20.20839 0.948288 0 0.0
0.025898 0.03524015 -2.856558 -4.545302 1.267103 0.9959207 0.06029236 19.37484 nan 0 0.0
0.1163217 -0.0428155 -7.425383 -4.474252 0.1670738 0.1088483 -0.05510091 16.7441 1.197477 1 0.0
-0.04950981 -0.03296343 1.75159 -3.476538 2.012572 1.242975 -0.555556 20.0406 0.3374233 0 0.0
0.0484163 -0.01192465 -5.871173 -6.017086 2.247655 1.562274 -0.05789095 20.18667 0.9849472 0 0.0
-0.003357908 0.005943924 -3.580086 -5.634108 0.5514734 0.3040937 -0.1858888 17.03444 nan 0 0.0
0.02707565 -0.01055571 -5.788032 -5.015404 1.244437 0.7425566 0.1927131 19.18238 nan 0 0.0
-0.008425809 0.02942298 1.996164 -2.703109 0.9304295 0.4336047 -0.389191 18.81441 1.303562 0 0.0
-0.02114762 -0.03227848 -8.839932 -1.980947 2.5205 1.758071 -0.5277212 20.33566 nan 0 0.0
0.009839754 0.03565602 -3.707607 -4.676141 1.920436 1.112206 -0.3107291 20.20897 0.9523468 0 0.0
0.01861744 0.06149127 -7.3056 -2.688894 0.8451744 0.5323036 -0.3106488 19.26257 1.139616 1 0.006968418
0.002201423 -0.006095217 -1.567036 -8.050535 0.6394696 0.347616 -0.1708066 16.78968 nan 0 0.0
0.008535969 0.02894232 -1.927317 -6.07814 0.5893421 0.3648989 -0.3153744 18.6461 1.226633 0 0.0
0.01372328 0.02826252 -2.242461 -4.540093 2.366069 1.273556 -0.3497925 20.30072 nan 0 0.0
-0.01098219 -0.05949412 -5.601894 -3.96518 3.681326 1.795173 -0.4997657 20.43493 0.7414207 0 0.0
-0.05784772 -0.05248929 -2.21223 1.56986 0.3459446 0.2474771 -0.4065486 17.56074 1.245583 0 0.0
0.008230232 -0.008250947 0.3139404 -4.783198 0.7852486 0.3886098 -0.337351 17.15733 0.7615004 0 0.0
-0.002404732 -0.007289224 -3.665737 -4.098656 0.1804534 0.1273129 -0.3902205 15.6947 1.364662 0 0.0
0.02022365 -0.06696525 -0.7736294 -4.993851 1.056303 0.6601452 -0.4101152 19.24271 1.027252 1 0.1495639
0.01036979 0.02982328 -4.049391 -4.527221 0.3432546 0.2185562 -0.292478 17.88894 1.241968 0 0.0
-0.009777872 0.03628545 -2.352471 -6.329739 3.36651 2.193494 0.3796689 20.26447 nan 0 0.0
-0.02513601 -0.036453 -5.25859 -3.468504 1.888325 1.51912 -0.6053553 19.94925 0.9661541 0 0.0
-0.01017604 0.03643417 -3.816787 -1.890772 1.733283 0.8570218 -0.3758702 19.83507 nan 0 0.0
-0.07554496 -0.05735376 -10.88975 -6.968507 1.137474 0.7487869 -0.4349027 19.60065 1.068628 0 0.0
0.00681316 -0.0766216 -8.522499 -2.518557 2.631895 1.62709 -0.4812272 20.33684 1.079332 0 0.0
0.04395129 0.02213958 -0.3890241 -3.30388 1.552241 0.8272674 -0.5128168 19.70808 1.099243 0 0.0
-0.005143311 0.01334052 -9.482175 -5.025841 1.103367 0.672793 -0.00294633 18.6811 nan 0 0.0
-0.02146979 -0.002081427 -3.705492 -4.457788 0.6789996 0.4463131 -0.1792074 17.90851 1.221144 0 0.0
0.02895971 -0.002610411 -0.3218641 -2.784958 2.665978 2.304726 0.07025464 19.9124 nan 0 0.0
0.06031337 0.02834219 -2.423333 -5.670854 2.152307 1.199065 -0.407139 20.2424 0.8136673 0 0.0
0.003083417 0.03594653 -9.17268 -5.146281 1.330737 0.8289604 -0.3444089 19.76699 0.9321823 0 0.0
-0.06851975 -0.05759104 -1.004625 -0.5533727 0.6995765 0.4837021 -0.3873549 18.93781 1.417589 0 0.0
0.01592225 -0.0120669 -3.434207 -2.713577 0.9266459 0.6718522 0.0008971609 18.60992 nan 0 0.0
0.05500081 0.07097557 0.08194943 -3.374061 1.481701 0.8582438 -0.02039266 20.06848 1.103287 0 0.0
-0.06564822 -0.04820428 -5.066502 5.828162 1.003476 0.7181527 -0.3141343 18.34248 1.569979 0 0.0
-0.01899257 0.02469461 -5.104877 -4.832484 3.878414 1.953134 0.1899094 20.18418 nan 0 0.0
0.05108085 -0.01203325 -4.224284 -3.175779 1.164031 0.8609207 -0.1810492 19.62839 0.9279861 0 0.0
-0.0604431 0.02670939 -5.687138 -7.956924 4.565064 3.527457 -0.3215024 20.87797 0.8439331 0 0.0
-0.02168857 0.003777885 -4.005934 -4.630699 0.1355457 0.09325781 -0.3376886 15.96557 1.443303 0 0.0
-0.008288523 -0.1186215 -3.757592 1.256669 1.693114 1.127461 -0.4429293 19.93773 1.377089 1 2.220574e-06
-0.003731956 0.009636533 -4.542618 -4.324303 0.1918424 0.1319665 -0.2113987 16.00786 1.087689 0 0.0
0.02253533 -0.03265273 -4.858116 -6.237426 1.447847 0.7051196 -0.2733638 19.42336 1.048162 0 0.0
-0.003781272 0.03063644 -9.501863 -2.862942 0.9938962 0.6118147 -0.3291025 19.1846 1.108749 0 0.0
0.0344546 -0.01090211 -5.192114 -4.562507 1.097684 0.7524427 -0.003877873 19.31802 1.109118 0 0.0
0.004817802 -0.009593419 -7.160441 -6.073953 0.6377288 0.3918213 -0.3682196 17.46289 nan 0 0.0
0.06656345 0.02953083 -2.275129 -5.537791 0.8530835 0.5405895 -0.3244353 19.32429 1.481031 1 0.5859356
0.007867856 -0.0142972 5.476892 -0.3810043 1.357103 0.6715936 0.07972872 19.1369 nan 0 0.0
-0.0252602 -0.02576427 -8.388707 -2.91175 1.711614 1.126694 -0.7247975 19.33902 0.9786739 0 0.0
-0.003611646 0.01570954 -0.02215134 -6.351119 0.6853704 0.4119362 -0.1822362 18.31514 0.9131413 0 0.0
-0.02973802 -0.01220468 -5.381749 -4.308213 0.186398 0.120661 -0.3595656 16.14036 1.502747 0 0.0
0.081062 0.06051077 -2.36749 -6.821349 2.763686 1.451493 -0.1654755 20.54549 1.397179 0 0.0
-0.05139543 0.02659798 -3.552911 -4.402361 2.038023 1.393375 -0.5407241 20.19433 0.943306 0 0.0
0.08228029 -0.005175873 -4.575599 -3.920228 0.9503371 0.6726027 -0.232395 19.39715 1.05628 1 0.8340951
0.02934061 -0.1059964 -6.569834 -3.472062 1.286993 0.9012137 -0.4639712 19.67156 1.198643 1 0.4289714
0.03269265 -0.06886943 3.102291 -3.05118 1.292842 0.8859138 -0.4622794 19.66134 1.2495 0 0.0
0.1220428 -0.05233097 -13.53787 -5.777052 0.7043329 0.4557292 -0.005365628 19.20386 1.479582 1 0.0
-0.003621295 -0.03348861 -2.949292 -6.149169 2.12289 1.257736 -0.47385 19.92852 nan 0 0.0
0.0307223 0.002267876 -5.995381 -2.813514 0.6793773 0.4648652 -0.3051512 18.88594 1.046494 0 0.0
-0.0281373 -0.00467003 -5.09317 -4.90555 0.381125 0.2703964 -0.4290653 17.84307 1.332037 0 0.0
-0.008792514 -0.03169995 -7.152744 -4.726074 1.650837 0.9111861 -0.575218 19.62638 0.8576031 0 0.0
-0.0113275 -0.007785963 7.206602 -12.11191 1.155552 0.927863 -0.6010308 18.39359 nan 0 0.0
-0.001898687 0.007759772 -8.975864 -6.138639 0.7535514 0.6580626 -0.006502114 18.33755 nan 0 0.0
-0.009480665 -0.02331152 1.038596 -6.183378 1.226316 0.8902524 -0.4785598 19.60062 0.8678226 0 0.0
-0.00695883 -0.04748497 -1.949572 -5.522213 2.442483 1.785448 -0.448379 20.40531 0.8489571 0 0.0
-0.07385173 0.03285795 -5.817618 -0.6087483 3.106146 2.369332 -0.4492079 20.50591 0.8859062 0 0.0
-0.004178428 0.01365339 -1.808448 -2.031289 0.6227823 0.4221095 -0.2210139 17.53227 1.020185 0 0.0
0.01619649 -0.02608979 -12.19008 -5.237252 2.479441 1.039499 -0.01547511 19.48984 0.9965134 0 0.0
-0.03708072 -0.01236059 -3.049231 -3.564882 0.4325531 0.3055875 -0.4297709 17.98061 1.581684 0 0.0
0.01727174 0.0356661 -5.026832 -2.443333 2.081802 1.51611 -0.5522005 20.0698 0.624176 0 0.0
-0.006169089 0.02017256 -4.005907 -4.831531 0.0713634 0.04477618 -0.2534286 14.56547 1.561452 1 0.9897008
-0.01507264 -0.03152549 -4.475337 -4.080154 1.29589 0.9955099 -0.4410552 19.65463 0.9770393 0 0.0
-0.002176075 0.007778838 -1.439751 -7.839908 1.262271 0.8782518 -0.2516009 18.00346 nan 0 0.0
0.06958335 -0.04312671 -4.153324 -4.560044 0.448652 0.2820775 -0.244107 18.27412 1.315001 1 0.9727453
-0.07854087 0.02914905 -4.875774 0.03426569 2.663241 1.955452 -0.5057725 20.5145 1.394852 0 0.0
-0.01985345 -0.003820477 -3.749284 -2.979066 1.005461 0.7109546 -0.4501495 19.04667 1.007158 0 0.0
-0.003803545 -0.005423895 -5.512694 -7.807072 0.6648307 0.4836927 -0.3636368 16.56879 0.9187651 0 0.0
0.1065961 -0.02581015 -4.253652 -4.922064 2.962719 1.83682 -0.2426689 20.62671 0.791893 0 0.0
-0.004154328 0.01405774 -13.23499 -1.270354 2.077008 0.9899715 0.176689 19.03438 nan 0 0.0
-0.03147017 -0.02176503 -1.410074 -4.8902 2.111318 1.503236 -0.665484 19.87349 0.8058567 0 0.0
0.005459724 0.02931263 -5.36906 -4.633202 0.9428473 0.6413309 -0.4052627 19.30674 1.075132 0 0.0
0.06272046 0.02166446 -2.914761 -5.45394 1.976619 1.193824 -0.3516069 20.34476 0.9571724 0 0.0
-0.05191689 -0.003870379 -5.431927 -2.437696 1.542486 1.02037 -0.5211499 19.80604 1.023155 0 0.0
-0.03896885 -0.04434399 0.9997615 -6.21528 2.156671 1.403439 -0.6123281 20.01962 1.077789 0 0.0
-0.02041277 -0.03068754 -2.489773 -6.663199 1.85442 1.333053 -0.6289233 19.98783 nan 0 0.0
-0.006423905 0.03751415 -5.493519 -5.038616 2.650209 1.356126 -0.2978431 20.2986 0.6230888 0 0.0
0.03518067 -0.005374951 -10.14167 -6.748609 1.809256 1.355931 -0.2434838 19.38849 1.052969 0 0.0
0.01052342 0.00728221 -4.546195 -4.690061 0.2228672 0.1468256 -0.2780114 16.17845 1.22479 0 0.0
-0.03690754 -0.02111905 -6.899778 -3.537691 2.593073 1.911574 -0.6394088 20.18811 0.8101597 0 0.0
0.01636409 0.02310451 -2.404721 -6.429352 0.9824626 0.5903765 -0.4000108 19.29278 0.8935337 0 0.0
-0.01457052 -0.01050641 -1.074832 -6.72106 1.076606 1.007118 -0.6556338 18.66632 nan 0 0.0
