scripts/get_globular_clusters/output/NGC_6569.csv
# %ECSV 0.9
# ---
# datatype:
# - {name: x, unit: deg, datatype: float64}
# - {name: y, unit: deg, datatype: float64}
# - {name: pmx, unit: mas / yr, datatype: float64}
# - {name: pmy, unit: mas / yr, datatype: float64}
# - {name: pmx_e, unit: mas / yr, datatype: float64}
# - {name: pmy_e, unit: mas / yr, datatype: float64}
# - {name: pm_corr, datatype: float64}
# - {name: g_mag, unit: mag, datatype: float64}
# - {name: bp_rp, unit: mag, datatype: float64}
# - {name: filter, datatype: int64}
# - {name: memberprob, datatype: float64}
# meta: !!omap
# - comments: [deg deg mas/yr mas/yr mas/yr mas/yr dimless mag   mag   zeroone float]
# - __serialized_columns__:
#     bp_rp:
#       __class__: astropy.units.quantity.Quantity
#       unit: &id001 !astropy.units.Unit {unit: mag}
#       value: !astropy.table.SerializedColumn {name: bp_rp}
#     g_mag:
#       __class__: astropy.units.quantity.Quantity
#       unit: *id001
#       value: !astropy.table.SerializedColumn {name: g_mag}
#     pm_corr:
#       __class__: astropy.units.quantity.Quantity
#       unit: !astropy.units.Unit {unit: ''}
#       value: !astropy.table.SerializedColumn {name: pm_corr}
#     pmx:
#       __class__: astropy.units.quantity.Quantity
#       unit: !astropy.units.Unit {unit: mas / yr}
#       value: !astropy.table.SerializedColumn {name: pmx}
#     pmx_e:
#       __class__: astropy.units.quantity.Quantity
#       unit: !astropy.units.Unit {unit: mas / yr}
#       value: !astropy.table.SerializedColumn {name: pmx_e}
#     pmy:
#       __class__: astropy.units.quantity.Quantity
#       unit: !astropy.units.Unit {unit: mas / yr}
#       value: !astropy.table.SerializedColumn {name: pmy}
#     pmy_e:
#       __class__: astropy.units.quantity.Quantity
#       unit: !astropy.units.Unit {unit: mas / yr}
#       value: !astropy.table.SerializedColumn {name: pmy_e}
#     x:
#       __class__: astropy.units.quantity.Quantity
#       unit: &id002 !astropy.units.Unit {unit: deg}
#       value: !astropy.table.SerializedColumn {name: x}
#     y:
#       __class__: astropy.units.quantity.Quantity
#       unit: *id002
#       value: !astropy.table.SerializedColumn {name: y}
# schema: astropy-2.0
x y pmx pmy pmx_e pmy_e pm_corr g_mag bp_rp filter memberprob
[from data line 8417]
0.01582666 0.003622392 -3.893256 -7.298987 0.1629323 0.1354181 0.1590532 17.12562 1.496773 0 0.0
-0.01614939 0.02588109 -4.214211 -7.394094 0.1068652 0.08824755 0.06667595 16.28156 1.717965 0 0.0
-0.05659492 0.04273375 -1.787915 -7.178975 0.7189959 0.611448 0.2211037 19.36356 0.8905449 0 0.0
-0.04753321 -0.02352625 -6.80636 -9.847269 0.9086293 0.7939018 0.1242889 19.54325 1.020136 0 0.0
-0.0347111 0.07122318 3.891226 -2.24225 0.7690142 0.6465641 0.172787 19.48459 1.123543 1 0.0
-0.06647582 -0.03313191 0.2972487 -3.494613 0.3906653 0.3233376 0.08734742 18.47388 1.310003 0 0.0
-0.0127729 -0.008313323 -4.128707 -7.310973 0.06656567 0.05723458 0.2448692 14.05269 2.252646 1 0.9979981
0.008488297 0.002908103 -2.85059 -8.503232 1.007421 0.8381731 0.06856417 16.84887 1.268592 0 0.0
0.03294807 0.02423249 0.277464 -2.742817 0.6564275 0.5471471 0.1323594 16.64157 1.577404 0 0.0
-0.04272825 0.06862392 2.226498 -1.502505 0.8200474 0.689692 0.1928449 19.20376 1.375183 0 0.0
0.00978901 0.04259608 0.7100931 -9.339076 0.8289207 0.6967211 -0.02593867 19.48038 0.959774 0 0.0
0.01007016 0.00398941 -3.940156 -7.220236 0.2316163 0.1987858 0.3969812 17.12535 1.713833 0 0.0
-0.0618312 0.03694159 -4.029104 -6.57738 0.5070052 0.4334822 0.2303336 18.98504 0.8686676 0 0.0
0.0009947634 0.02975251 -4.31613 -6.771218 1.05032 0.8248208 -0.259648 19.52653 1.474918 0 0.0
0.02913441 0.02093025 -4.076588 -6.941579 0.2399642 0.2036579 0.2935193 17.68783 1.574123 0 0.0
-0.06774098 0.03083393 -4.224857 -6.181915 0.6391664 0.5297132 0.002486453 19.06559 1.271053 0 0.0
0.03101377 0.05677825 -0.3909219 -5.723583 1.273993 1.016962 0.005170797 19.55627 nan 0 0.0
0.02328444 0.06619709 0.439142 -9.084521 1.133047 0.930937 0.0379644 19.8594 0.8730679 0 0.0
-0.05781603 0.04571991 -1.352118 -4.642448 0.4313465 0.3552685 0.1878018 18.71238 nan 0 0.0
0.0131607 0.03777579 0.5772364 -7.542798 1.25871 1.064789 -0.2909165 19.82187 1.352163 0 0.0
-0.02174685 0.005263415 -3.742352 -7.025965 0.3420229 0.2933901 0.3132655 18.34006 nan 0 0.0
-0.04570389 0.05152122 0.2344695 -5.696708 0.7287303 0.6342741 0.4522478 19.20363 1.107706 0 0.0
0.01365398 0.04066154 -3.219958 -1.879546 1.422829 1.14108 -0.1684428 19.83368 nan 0 0.0
-0.02199431 0.06445982 0.5120852 -0.3844963 1.362531 1.185478 0.03904333 19.87049 0.8689537 0 0.0
-0.05162181 0.05640663 -3.586233 -3.896892 1.761552 1.412625 -0.726216 19.2961 1.185616 0 0.0
-0.0527766 0.03407665 -0.1625844 -4.167398 0.6841664 0.5745046 0.1902029 18.61532 0.9153824 0 0.0
-0.01861608 0.03929883 1.036435 -5.601719 0.7420261 0.6268434 0.2973768 19.24407 1.185421 0 0.0
-0.0377761 0.01500671 -4.355779 -7.974193 0.9231244 0.843243 0.2450752 19.56709 0.9098568 0 0.0
-0.04539854 0.06370169 -6.815265 -5.355718 2.149534 1.679732 -0.241173 19.80249 nan 0 0.0
-0.0294366 -0.0314342 -0.9945596 -8.296884 0.1054103 0.09036599 0.2574719 16.09908 1.56181 0 0.0
-0.01987019 -0.03950354 -1.694326 -2.670557 0.2761479 0.2367896 0.317368 17.88243 nan 0 0.0
-0.0001205502 0.02337053 -4.214845 -7.421625 0.1620704 0.1349499 0.1652979 17.10991 1.600616 1 0.9927906
-0.03321599 0.02670623 -3.166103 -8.181212 1.171249 1.021009 0.5883074 19.67351 nan 0 0.0
-0.01044267 0.01996914 -4.896022 -7.815362 0.6503986 0.5370271 0.05726973 19.2265 1.00065 0 0.0
0.00140918 -0.008693919 -4.378733 -6.480238 0.4016506 0.3362352 0.2203632 17.53511 nan 0 0.0
-0.06059013 0.003544738 -1.192794 -4.229586 0.30486 0.257386 0.101373 18.25087 1.337223 0 0.0
-0.01905157 0.0126855 -4.974442 -3.203194 1.085114 0.9743856 0.703749 19.14686 1.126348 0 0.0
-0.02308325 0.06104158 -8.805093 -0.7986653 0.08558197 0.07045389 0.03994861 15.71796 1.745818 1 0.0
-0.04941363 0.002580556 -0.7691087 1.07971 0.2599587 0.2204467 0.1584988 17.95309 1.270119 0 0.0
-0.02211001 0.005799293 1.908809 -4.890261 0.4842639 0.4112757 0.2566607 18.74693 nan 0 0.0
0.01716312 0.07911308 -2.213102 -0.7183379 0.2948008 0.2460162 0.1164957 18.12327 1.514568 1 0.0
-0.05951265 0.02154318 0.278164 -3.515872 0.2958549 0.2434393 0.05787447 18.07344 1.351355 0 0.0
-0.06061432 -0.03855238 -2.28837 -10.01929 2.126837 1.813338 0.1209384 19.50737 1.141199 0 0.0
0.0204431 0.007363703 -4.427291 -6.630066 0.3178315 0.2655341 0.179621 18.14412 1.692875 0 0.0
0.001046203 -0.008737784 -6.215932 -9.75991 0.6615805 0.5487746 0.1114298 17.52442 nan 0 0.0
-0.006476684 0.04951051 -4.203845 -3.977408 0.7529024 0.6101712 -0.08467818 18.8917 1.499149 0 0.0
0.02532995 0.05020344 -1.102761 -4.37918 0.6539829 0.5547482 0.2340468 19.28915 1.521538 0 0.0
-0.07109707 -0.02341932 -1.012043 -4.849684 1.040839 0.891445 0.3253265 19.81592 1.646626 0 0.0
-0.055923 0.04696276 -8.869207 -12.26198 1.806583 1.328636 -0.6150476 19.85488 nan 0 0.0
0.01542058 0.05642549 -3.904871 -7.220933 0.1790011 0.1478609 0.07968751 17.03405 1.61731 1 0.9622691
0.01673435 0.004297434 0.4842964 -4.24987 0.500546 0.4155594 0.06369988 18.56322 1.466028 0 0.0
-0.01044561 0.04602351 0.01924422 -6.581171 1.191155 0.9768691 0.2489833 19.90041 nan 0 0.0
-0.04745926 0.03436564 6.109137 -1.144947 1.319557 1.177872 0.463971 19.38115 1.118956 0 0.0
-0.05555994 0.04718041 -6.817485 -5.403859 0.6394787 0.5410726 0.3072975 18.92445 1.068062 0 0.0
-0.07646083 -0.02614158 -0.612511 -3.122588 0.5718218 0.4816662 0.1640371 19.10577 1.362751 0 0.0
-0.04793569 0.00274346 -4.053216 -6.946246 1.177163 0.999934 0.1727976 19.95765 0.7625675 0 0.0
-0.07671849 0.003156996 -5.478233 -6.9565 0.530235 0.4656979 0.1803593 18.8072 1.353844 0 0.0
-0.0239167 -0.02691409 -4.034403 -7.571408 0.2032488 0.1750131 0.4776122 17.02283 1.726361 0 0.0
-0.02459802 0.0006545445 -0.4803909 -11.13438 1.897056 1.68799 0.4241966 19.55988 nan 0 0.0
-0.05846179 -0.04058994 -3.963837 -4.631438 0.6588986 0.5461258 0.01591346 18.86437 1.096691 0 0.0
-0.009094139 0.02090388 -3.484393 -7.590027 0.7791911 0.6123455 -0.2442632 19.20173 2.318838 0 0.0
-0.05986886 0.05096571 -2.112839 -10.21974 1.27638 1.087338 0.407746 19.62203 1.257647 0 0.0
0.02429053 0.04379885 -1.047295 -0.5112743 0.2739162 0.2368979 0.3516324 17.83496 1.428503 1 0.0
-0.06224782 -0.03761696 -5.55412 -8.6334 1.761529 1.354937 -0.240628 19.95604 1.079826 0 0.0
-0.004115923 0.05121581 -1.783733 -5.589505 0.6098579 0.5140452 0.1854268 19.11533 nan 0 0.0
-0.0729815 -0.03345154 -3.458257 -6.223271 1.185651 1.019643 0.4688943 19.76755 1.462137 0 0.0
-0.07435599 -0.0003677598 4.011408 -5.109881 0.4149679 0.3502238 -0.08515162 18.58819 1.436052 0 0.0
-0.05556031 0.0478003 -1.510813 -4.330243 0.6958988 0.5756236 0.215672 19.20554 nan 0 0.0
-0.04636296 0.02067716 0.03968559 -7.636449 0.8421869 0.7175293 0.2134108 19.6104 0.9987564 0 0.0
-0.001598863 0.02136208 -2.395325 -3.085519 0.9129368 0.7967065 0.6238279 19.19959 1.223616 0 0.0
-0.03341064 -0.008799137 -3.273806 -7.291878 0.6958428 0.5858834 0.1080775 19.05133 nan 0 0.0
-0.006165425 0.05041461 -5.335034 -5.71564 0.3891051 0.3255131 0.1629604 18.6594 1.459761 0 0.0
-0.007695829 0.04724639 -4.239594 -7.462416 0.8513432 0.6973462 -0.03099409 19.38961 nan 0 0.0
0.02490548 0.01544214 -4.028666 -7.533324 0.3822337 0.3363734 0.4846824 18.16238 1.643763 0 0.0
0.01986046 0.07155945 2.848329 -7.507794 0.6554681 0.5555298 0.1986816 19.31824 nan 0 0.0
-0.05565906 -0.003583735 -3.835891 -4.789446 0.5719093 0.4833921 0.1763796 19.1701 nan 0 0.0
-0.02736957 0.07846022 -3.399968 -2.042437 2.891455 2.306096 0.4013582 20.3562 nan 0 0.0
0.04862975 0.05510363 1.007469 -1.610509 0.3277523 0.2732939 0.114453 18.25455 1.533857 0 0.0
0.03079613 0.02653541 -5.553746 -8.498397 0.4071 0.3577935 0.7217753 17.80499 nan 0 0.0
-0.05342003 0.02535207 -1.270817 -3.348186 0.07231806 0.06046961 0.07079913 14.90628 2.412824 1 0.0
-0.009842539 -0.01399877 -4.116926 -5.98188 0.3881316 0.3249902 0.8827177 16.77782 1.70879 0 0.0
0.00574089 0.02209243 1.867752 -3.535907 0.3948094 0.3283465 0.07715939 18.32529 1.78219 0 0.0
-0.001703195 0.05341697 -4.726453 -4.035841 0.6448663 0.5401546 0.1050438 19.14683 1.225632 0 0.0
-0.05550316 -0.004132958 6.06851 -4.483265 0.1304908 0.1101485 0.03459678 15.73217 1.478855 0 0.0
-0.05477036 0.0281074 -6.471902 -6.46277 1.717691 1.502434 0.7516761 19.981 nan 0 0.0
-0.06219662 -0.03667088 -3.208973 -2.334963 0.505043 0.4137842 0.04004551 18.88051 1.423134 0 0.0
-0.02396875 0.0738511 -21.03005 7.512117 1.344822 1.129363 -0.03370997 19.03126 0.9142323 0 0.0
-0.058906 -0.03495592 -6.524826 1.179902 0.4015554 0.3370918 0.1678233 18.70095 1.307867 0 0.0
-0.05404354 0.02712936 -8.114858 -2.865217 0.9591508 0.8370386 0.3806851 19.6014 1.27162 0 0.0
0.0384619 0.0611757 -2.935944 -3.816951 0.9849124 0.8181249 -0.03470242 19.63734 nan 0 0.0
0.01323843 0.03718641 -4.153365 -2.46528 1.263276 1.036485 0.04197435 19.98247 0.6588402 0 0.0
0.005769176 0.05975874 -2.283745 -6.590399 1.028779 0.8758046 0.2056367 19.84573 nan 0 0.0
0.02345348 0.01656594 -0.5300146 -7.058774 0.6547144 0.5533485 0.0250557 19.0907 1.273418 0 0.0
-0.01835658 0.03882776 -1.831436 -3.264029 1.284577 1.111416 0.4119019 19.82225 nan 0 0.0
0.01134467 0.03588394 -5.311195 -3.675648 1.744854 1.383184 0.2271084 19.77773 nan 0 0.0
-0.04469772 0.06318705 -3.939908 0.06566272 0.6451449 0.536435 -0.06501634 19.10238 1.505289 0 0.0
0.03276769 0.0275647 -2.612602 -9.377137 0.4756314 0.3975625 0.1436287 18.38204 1.51532 0 0.0
0.02742113 0.01570464 -3.23047 -4.967687 0.3782978 0.318794 0.1506814 18.39989 1.307749 0 0.0
0.03008419 0.07046759 -1.726088 -8.33268 1.226953 1.04831 -0.06653851 19.64585 1.108963 0 0.0
-0.01580448 -0.0192944 -1.350409 -6.118217 0.8176791 0.6943285 0.878042 17.39911 1.757425 0 0.0
-0.02980551 0.06762573 1.883031 -3.224463 0.2881257 0.2389365 0.1071312 17.99666 1.321732 0 0.0
-0.0390461 0.01325523 -6.590436 -6.588659 1.950971 1.461344 0.4383344 19.96329 0.526001 0 0.0
-0.05354693 -0.02414752 -1.308709 1.018549 0.128959 0.1083471 0.1533465 16.76608 1.303226 1 0.0
-0.04597764 -0.02394126 -3.72768 -6.742146 0.1854262 0.1568773 0.2495092 17.27683 1.601593 0 0.0
0.0248621 0.04697443 1.094761 -6.420395 2.637015 2.266227 0.3781723 19.86441 0.9530849 0 0.0
-0.02037263 0.0058016 0.5917624 -0.2240111 0.7677695 0.6570124 0.3167403 19.44829 1.249008 0 0.0
-0.03444029 0.04084305 2.054476 -2.608957 0.2359296 0.1991905 -0.08691239 17.35657 1.582331 1 0.0
-0.07489164 0.02066605 -1.303266 0.7741487 0.4853971 0.4098947 0.1197007 18.92534 nan 0 0.0
0.0197459 0.02115971 -4.183425 -7.276898 0.0880666 0.07519507 0.167441 15.22834 2.065452 1 0.9966122
-0.05436215 -0.004412659 -0.8104893 -4.338391 1.821563 1.577227 0.3249682 19.53231 0.9896355 0 0.0
0.03314048 0.05454973 -1.331666 -9.571317 1.343123 1.217943 0.4179189 20.00002 nan 0 0.0
-0.04654703 -0.02574018 0.5510796 -3.008801 0.3137171 0.2649716 0.07578297 17.08303 1.416922 0 0.0
0.01751912 0.04047206 -5.159174 -8.45537 0.8659351 0.7401039 0.307073 19.62791 1.569597 0 0.0
-0.01078362 0.05257331 -3.295481 -3.941158 0.1695174 0.1395978 0.1330351 17.01299 1.978917 1 0.0
-0.05482854 -0.004945085 -3.141406 -8.081311 2.524249 2.212467 0.3889878 19.81515 0.8719711 0 0.0
-0.00603396 0.02365262 -6.464541 -3.407351 0.6372148 0.5355779 0.1569031 19.28989 1.282499 0 0.0
0.002991716 0.02197621 -4.808348 -7.900378 0.4931315 0.4099999 0.04591218 18.28578 nan 0 0.0
-0.003001044 0.07286997 -1.072757 -0.9864449 0.8271528 0.6961332 0.1485924 19.68814 nan 0 0.0
-0.08228804 -0.002958948 -6.879927 -6.742838 0.866912 0.747838 0.3563011 19.39341 1.604843 0 0.0
-0.03936413 0.02929399 0.7978225 -7.629223 0.1890786 0.1559078 0.1992908 17.23084 1.674326 0 0.0
-0.03057998 -0.02275423 0.8072999 -0.6022206 0.6961151 0.5971161 0.1846604 19.12621 1.284069 0 0.0
0.04077212 0.0634063 -3.077756 -4.638028 1.003539 0.8382946 0.08110115 19.54695 1.014261 0 0.0
-0.07196211 0.02213514 -1.954864 -4.282539 0.5532105 0.4705738 0.1710691 18.1091 1.521288 0 0.0
-0.06675638 0.03227088 -4.196667 -0.3599884 1.183899 1.011462 0.0937574 19.13256 1.147787 0 0.0
-0.0116841 -0.007212638 -3.965818 -7.925138 0.2490634 0.2038666 0.119031 17.11634 1.661498 0 0.0
-0.01797163 0.06021684 -1.711167 -2.708854 0.3251969 0.2675025 0.1441197 17.72513 1.341099 0 0.0
-0.05113977 0.02924054 -13.5904 -11.35314 2.082219 1.764187 0.04733202 19.64209 nan 0 0.0
0.01103691 0.06533725 -3.697208 -8.288494 0.0684969 0.05618545 0.015982 14.6622 2.325074 1 0.0
-0.02167662 0.03749762 -5.183521 -4.160332 1.309771 1.144209 0.6018488 19.59287 nan 0 0.0
-0.00766919 0.03885216 -4.234776 -8.646674 0.1840383 0.1512022 -0.1134624 16.90562 1.649713 1 0.0
-0.03104413 -0.03008241 -4.36622 -3.779684 0.4255761 0.3596447 -0.04450476 18.34822 1.382721 0 0.0
-0.06986652 -0.005268048 -1.158951 -3.652819 0.5183777 0.4385542 -0.06997951 18.85069 1.433695 0 0.0
-0.07745862 -0.01095038 -4.93205 -5.858664 2.187502 1.936826 0.3009569 19.34549 1.311934 0 0.0
-0.03807572 -0.01305815 -0.274514 -4.19776 0.3665966 0.3080671 0.1307554 18.4101 1.269938 0 0.0
-0.0599328 -0.01042616 1.561714 -7.631134 1.776164 1.510007 0.2019957 19.99343 nan 0 0.0
-0.008111083 0.04920711 1.53437 -5.65836 1.134245 0.931833 0.07870044 19.67764 1.296759 0 0.0
0.009791236 0.06363031 -0.3177562 -4.307389 0.2621149 0.2187346 0.1384931 18.00971 1.424438 0 0.0
-0.01856177 0.02722151 -1.942859 -8.687736 0.1322617 0.1093818 0.08285841 16.66804 1.839517 1 0.0
-0.0582487 -0.008647437 6.451443 -2.862324 2.225763 1.624256 0.2102196 20.03777 nan 0 0.0
0.006699017 0.001563569 -4.179973 -7.014048 0.1735467 0.1444277 0.1311653 16.88714 1.452881 0 0.0
-0.002507129 0.04084181 -1.731573 -3.253157 1.291262 1.063633 0.1084497 17.99925 1.424509 0 0.0
-0.07363662 0.007958396 0.578136 -5.682333 0.9197099 0.8052316 0.4838571 19.41694 1.047195 0 0.0
-0.04456238 0.05156374 -4.295728 -5.012926 1.79801 1.571734 0.2820468 19.91857 0.8347378 0 0.0
-0.07626739 0.02210688 -0.08205779 -7.765002 1.071814 0.9192459 0.3322184 19.73912 nan 0 0.0
-0.0403411 0.06891873 -4.273803 -5.656578 0.6868479 0.5751118 0.2716624 18.9159 1.517679 0 0.0
-0.03073328 0.04845658 -5.841646 -9.412607 1.069497 0.898331 0.262891 19.84311 1.222984 0 0.0
-0.007770694 0.01201766 -3.224038 -8.710452 1.143624 0.8820519 -0.3863371 19.26138 nan 0 0.0
0.004730671 0.04687657 -0.9764081 -10.62461 1.307065 1.11994 0.3945739 19.84397 1.380507 0 0.0
-0.04277791 0.007735619 -2.809123 -7.939605 1.219119 1.043644 0.3090099 19.58862 1.186216 0 0.0
0.005765261 -0.002975858 -2.753381 -4.481353 0.4531848 0.3970265 0.5968294 17.39285 1.465307 0 0.0
-0.02908236 -0.003996875 -0.1330273 2.427478 1.216128 1.104745 0.2753516 19.77796 nan 0 0.0
0.006855327 0.01141501 -3.612209 -7.137685 0.7855072 0.6812658 0.5183847 18.57541 nan 0 0.0
0.002707479 0.05797169 1.042947 -2.977792 1.176157 0.9203839 -0.2487672 19.55344 nan 0 0.0
-0.008598853 -0.006111759 -3.808807 -7.706738 0.1769101 0.1537375 0.3041572 16.02038 1.768101 0 0.0
0.02628662 0.0388144 -5.04933 -7.104585 1.869567 1.525957 -0.1979925 19.90309 nan 0 0.0
-0.08252217 -0.00209322 0.3068178 -8.39279 1.20583 0.9291979 -0.0598535 19.52732 nan 0 0.0
0.01796601 0.07084839 -3.049616 -6.91432 1.137179 1.004645 0.4754551 19.5846 1.333605 0 0.0
-0.07899887 0.001432736 -0.5381515 -5.078521 0.8327185 0.7341613 0.5257047 19.34582 nan 0 0.0
0.02372791 0.07537514 -5.11164 -4.395921 1.096013 0.9258829 0.06407911 19.9265 nan 0 0.0
0.0005797283 0.02471711 -2.05437 -6.085719 1.0453 0.8582766 -0.0495862 19.61314 nan 0 0.0
-0.009324732 -0.007059782 -4.256349 -7.060756 0.1883636 0.1673752 0.5873292 16.8295 1.380456 0 0.0
-0.08111277 0.01689951 1.449388 -6.468808 1.142504 0.9633828 0.2254568 19.9217 nan 0 0.0
0.03579379 0.07251786 -12.36792 -13.16994 2.058094 1.736268 0.1753441 19.83933 1.055437 0 0.0
0.03698054 0.05516625 0.751203 -3.455801 1.357877 1.17519 0.007550507 19.89408 0.6994953 0 0.0
-0.03267163 0.0275819 -3.975509 -6.870122 0.349214 0.2922324 0.2186448 18.44857 1.547657 0 0.0
0.043055 0.06239819 -3.026134 -3.64185 0.6217602 0.5276475 0.08188649 19.07474 1.179237 0 0.0
-0.04050922 0.03804823 -3.025241 2.750751 0.2413269 0.2027909 0.2901799 17.61896 1.368427 0 0.0
