scripts/get_globular_clusters/output/NGC_5286.csv
# %ECSV 0.9
# ---
# datatype:
# - {name: x, unit: deg, datatype: float64}
# - {name: y, unit: deg, datatype: float64}
# - {name: pmx, unit: mas / yr, datatype: float64}
# - {name: pmy, unit: mas / yr, datatype: float64}
# - {name: pmx_e, unit: mas / yr, datatype: float64}
# - {name: pmy_e, unit: mas / yr, datatype: float64}
# - {name: pm_corr, datatype: float64}
# - {name: g_mag, unit: mag, datatype: float64}
# - {name: bp_rp, unit: mag, datatype: float64}
# - {name: filter, datatype: int64}
# - {name: memberprob, datatype: float64}
# meta: !!omap
# - comments: [deg deg mas/yr mas/yr mas/yr mas/yr dimless mag   mag   zeroone float]
# - __serialized_columns__:
#     bp_rp:
#       __class__: astropy.units.quantity.Quantity
#       unit: &id001 !astropy.units.Unit {unit: mag}
#       value: !astropy.table.SerializedColumn {name: bp_rp}
#     g_mag:
#       __class__: astropy.units.quantity.Quantity
#       unit: *id001
#       value: !astropy.table.SerializedColumn {name: g_mag}
#     pm_corr:
#       __class__: astropy.units.quantity.Quantity
#       unit: !astropy.units.Unit {unit: ''}
#       value: !astropy.table.SerializedColumn {name: pm_corr}
#     pmx:
#       __class__: astropy.units.quantity.Quantity
#       unit: !astropy.units.Unit {unit: mas / yr}
#       value: !astropy.table.SerializedColumn {name: pmx}
#     pmx_e:
#       __class__: astropy.units.quantity.Quantity
#       unit: !astropy.units.Unit {unit: mas / yr}
#       value: !astropy.table.SerializedColumn {name: pmx_e}
#     pmy:
#       __class__: astropy.units.quantity.Quantity
#       unit: !astropy.units.Unit {unit: mas / yr}
#       value: !astropy.table.SerializedColumn {name: pmy}
#     pmy_e:
#       __class__: astropy.units.quantity.Quantity
#       unit: !astropy.units.Unit {unit: mas / yr}
#       value: !astropy.table.SerializedColumn {name: pmy_e}
#     x:
#       __class__: astropy.units.quantity.Quantity
#       unit: &id002 !astropy.units.Unit {unit: deg}
#       value: !astropy.table.SerializedColumn {name: x}
#     y:
#       __class__: astropy.units.quantity.Quantity
#       unit: *id002
#       value: !astropy.table.SerializedColumn {name: y}
# schema: astropy-2.0
x y pmx pmy pmx_e pmy_e pm_corr g_mag bp_rp filter memberprob
[from data line 4126]
-0.05861779 0.01163491 0.1395811 -0.6783308 2.748719 2.25621 -0.25726 20.28935 1.018843 0 0.0
0.02164746 0.06420713 2.954532 4.341173 2.616465 2.351808 0.008772883 20.71291 0.8804379 0 0.0
0.02687439 0.1292716 -25.3937 -18.4885 1.157699 0.7305437 0.1625915 19.43941 1.563948 0 0.0
0.009702742 0.006761881 0.4938688 1.859788 0.2141233 0.1664335 -0.03627965 15.81915 nan 0 0.0
0.01616864 -0.0005145739 -0.08927057 -0.393593 0.06151694 0.05359131 0.03060769 14.32354 1.473252 1 0.9965904
0.04360581 0.06517569 -3.198936 -0.4539832 1.429949 0.8195886 -0.06093684 19.91142 1.108402 0 0.0
-0.0382378 0.1023242 -2.006701 -3.411219 0.6274588 0.6770052 -0.1304371 18.82635 1.240227 1 0.0
-0.0250284 0.002468348 0.856043 4.151261 0.5617235 0.5834909 0.2611152 18.01176 1.165499 0 0.0
-0.03572229 0.08385163 -1.787959 -0.2918964 3.002353 2.412351 0.1861124 20.41698 0.7700481 0 0.0
-0.0483305 0.08629674 -3.667254 -1.677608 1.683391 0.8784777 -0.06875758 19.53763 0.9852505 0 0.0
-0.05282302 0.07605696 -5.085299 -5.82968 1.339661 0.8908213 -0.001829657 19.63825 1.292625 0 0.0
-0.01642731 0.0304416 1.50894 1.474654 0.4139289 0.4218609 0.07808026 17.0801 1.290041 0 0.0
0.02908298 0.05719542 3.335153 -1.668152 1.795867 0.8993127 0.08871212 19.89919 0.6947403 0 0.0
-0.06515714 0.09464918 -8.477188 -1.161206 2.751478 1.534025 -0.1176552 20.36492 1.070339 0 0.0
0.05125798 0.1013349 -8.376852 -2.21505 1.921806 1.133993 -0.07632292 20.10701 1.055704 0 0.0
-0.06209206 0.01625375 0.4383048 -0.01560222 0.2373119 0.168572 -0.04329634 17.0221 1.308384 1 0.9977368
-0.01337771 0.1302197 -10.26389 -1.41709 0.3288962 0.244446 0.02084718 17.89424 1.20763 1 0.0
-0.03010706 0.04831414 5.216766 -3.201906 2.901435 1.49951 0.03070202 20.09226 nan 0 0.0
0.05039789 0.08308254 -7.529812 -2.34672 1.796457 0.7674984 0.2505059 19.51512 1.068884 1 0.0001655021
-0.006872375 0.06413161 -3.753772 -1.149842 3.089169 2.121012 0.009393474 20.52794 nan 0 0.0
-0.00335649 -0.01437445 0.1638937 -0.962001 0.2354972 0.4869033 -0.6145576 16.42677 nan 0 0.0
-0.008107989 -0.01444753 1.246965 -4.209899 0.8809376 0.7903289 -0.0570323 17.27993 1.126202 0 0.0
-0.03345404 0.04852544 -11.40328 3.187013 1.828314 1.782327 -0.009865797 19.88948 1.055086 0 0.0
-0.05136676 0.1133244 -6.641195 -1.376979 1.639029 1.103991 -0.007535043 19.85355 0.6834278 0 0.0
0.01609439 0.03213545 -5.817208 -3.485067 2.66832 1.725773 -0.3939191 20.10521 nan 0 0.0
-0.05404853 0.1040211 -7.13785 0.05303737 2.966279 2.521065 -0.1567565 20.23257 1.10153 0 0.0
0.01751216 0.05066291 -1.619695 -2.488286 1.463896 1.198009 0.02516706 19.83241 1.166742 0 0.0
-0.007416773 0.06852224 0.9456228 0.7154747 0.8076584 0.4952599 -0.08721128 18.74176 1.076389 1 0.9608222
0.03939837 0.06411901 -2.736046 -0.6638448 1.153384 0.6820744 -0.07840227 19.63863 0.7547417 0 0.0
0.06584299 0.05373557 -4.196631 -1.236599 1.369446 0.8571968 -0.1087213 19.85845 1.347683 0 0.0
-0.0324026 0.004454995 2.232216 0.1864308 1.44472 1.391309 -0.1330541 19.66352 0.7345657 0 0.0
-0.01128295 0.07974428 -12.95323 -5.065273 0.6074309 0.4262397 0.01437785 18.72427 1.461277 1 0.0
0.03517777 0.03322722 1.005088 0.5168938 1.450801 1.006761 0.131629 19.92972 0.7546825 0 0.0
-0.03350743 0.004194801 1.665518 -1.73567 1.403446 1.345257 -0.1330522 19.77287 0.7406311 0 0.0
-0.003754642 0.08029102 -7.712128 -4.368916 0.8785444 0.5082203 0.007331072 19.01311 1.267883 1 0.0
-0.08627488 0.06163243 -2.008263 -7.395111 4.202643 3.929254 -0.2129735 20.72323 0.9243622 0 0.0
0.0005002451 0.01295416 0.869531 -2.390361 0.7997658 0.7255409 -0.1343709 16.9185 1.128339 0 0.0
-0.0104905 0.07759298 -2.4619 -1.129589 1.165664 0.5972169 0.04821372 19.24245 0.9350185 1 0.2513428
0.04657717 0.1170183 -7.40733 1.74862 2.790184 2.210049 0.08083108 20.59573 0.7920399 0 0.0
0.03215774 0.02191886 -0.7430025 0.2152438 0.8456119 0.689727 -0.02657482 19.14417 0.6249504 0 0.0
-0.05240274 0.07563401 0.5138332 -0.736577 0.7923757 0.5952941 -0.06299748 19.03365 1.082275 0 0.0
0.03453519 0.04064729 -1.377642 3.599723 2.825211 1.896832 -0.007328576 20.47504 nan 0 0.0
0.00164276 -0.009758574 0.1018352 0.2384768 0.3851872 0.3276714 -0.00909868 15.79737 1.171271 0 0.0
-0.06846877 0.0623949 -1.255381 0.9979326 1.713358 1.105466 -0.02216876 19.9564 0.8449821 0 0.0
0.01053222 0.05119147 1.442021 -0.01628091 1.112274 0.6627978 -0.02642122 19.46634 0.8885136 0 0.0
0.03068806 0.03299012 -0.5796183 0.8611049 1.02933 0.6403178 -0.07473459 18.85999 0.9170589 0 0.0
-0.03350745 0.0172487 -8.204496 1.734228 0.7259645 0.640136 -0.2371302 18.74058 1.130962 0 0.0
0.04307769 0.1021291 -6.558964 -3.606231 1.20224 0.7053979 0.04456477 19.42075 1.054876 0 0.0
-0.06195195 -0.002789051 -2.617663 4.800482 0.2599092 0.221251 -0.08631413 17.57263 1.182375 1 0.0
-0.008728126 -0.008134316 2.507768 -1.313227 0.8129258 0.5657598 -0.1029458 16.7082 0.6626225 0 0.0
-0.04312108 -0.003805038 2.849889 2.796509 2.544996 2.056133 -0.3449117 19.83503 0.7434959 0 0.0
0.02406508 0.03624801 0.06594138 -0.03515136 1.846876 1.665106 -0.05874273 20.29542 1.244293 0 0.0
-0.0364135 0.0170176 -2.062844 -2.700652 0.9660945 0.7552421 -0.1406509 18.5979 nan 0 0.0
-0.04072188 0.01865048 -6.479848 -1.468488 1.119017 0.6156399 -0.169992 19.1581 0.900835 0 0.0
0.0810789 0.0844233 -9.667479 -3.332299 2.00728 1.061589 0.06768143 20.16112 1.350763 0 0.0
-0.02155746 -0.005254649 -0.460161 0.7492856 0.3843899 0.6386272 -0.3997604 17.91575 1.100525 0 0.0
0.003294582 0.05060128 0.6492695 -2.166976 1.497672 1.005291 0.04636777 19.58343 0.8054008 0 0.0
-0.005034222 0.002432951 2.359035 -2.254216 0.5016259 0.3732309 0.07082962 16.55133 nan 0 0.0
-0.01362684 0.004308031 -0.8397822 0.5221827 0.3152947 0.2759992 -0.08878805 17.48768 1.021141 0 0.0
-0.03680367 0.01638786 15.16887 0.01529547 2.997092 2.051255 -0.04633776 19.45552 nan 0 0.0
-0.0421123 0.028144 0.5218942 -1.448424 0.2311027 0.3670717 -0.3321275 16.62683 0.876894 0 0.0
-0.004367344 0.001506048 -0.1278663 0.145829 0.810892 0.7852241 0.2062433 16.9587 nan 0 0.0
0.0189383 0.04051143 -4.097216 -2.679509 0.8638495 0.5989724 0.006276088 18.96745 1.091002 0 0.0
-0.03205906 0.003589301 -0.7484833 0.7327187 0.9149726 0.8821656 -0.1336857 19.20323 0.8664169 0 0.0
-0.00978471 0.07879095 -1.400735 -0.1429439 2.602295 1.060848 0.1025913 20.06911 0.8910084 0 0.0
0.01895535 0.03561717 0.06493579 0.0231393 0.1570924 0.1310521 -0.03964433 16.67851 0.4000645 1 0.9990074
-0.04135335 0.1061476 -6.086915 0.3213865 0.2179141 0.1965815 -0.1236941 17.18235 1.404005 1 0.0
-0.03509853 0.00455219 0.4300644 -0.1166799 0.2777558 0.2423472 -0.1221255 17.71172 1.140434 0 0.0
-0.0004713531 -0.009625033 0.1964364 0.6021991 0.9979991 0.8842342 0.03346969 16.7603 0.7596855 0 0.0
0.00179977 0.1086572 -9.259037 -5.038159 0.9345802 0.5601354 0.04259764 19.21438 2.011974 1 0.0
0.0004821306 0.1025804 9.013096 -12.60706 2.709146 1.385692 0.1483155 20.31021 nan 0 0.0
0.06285629 0.08023665 2.250017 0.9271917 1.815358 1.62388 -0.06307845 20.25777 0.8640652 0 0.0
-0.05695784 0.01754979 0.8538325 0.2149726 0.6217987 0.3898173 -0.1023672 18.44195 1.2356 0 0.0
0.0697696 0.08357978 -4.209899 0.4736311 0.3252319 0.2560184 -0.101322 18.01131 1.410734 1 0.0
-0.005157018 0.07796392 1.765864 17.64716 1.950444 1.342298 0.02979555 19.92831 2.079878 0 0.0
-0.03167752 0.0166282 4.196713 1.993252 2.380417 3.194015 -0.2892613 20.52202 nan 0 0.0
-0.0197467 0.03615089 0.714655 0.245699 2.624825 1.246136 0.08797033 20.01546 1.050871 0 0.0
-0.04415792 0.09384641 0.7639781 -0.7723894 1.327633 0.8313411 -0.08731891 19.63744 0.9591618 0 0.0
-0.02956363 0.04841368 0.4346328 -1.680563 1.078357 0.7366425 -0.0653495 19.32934 0.7854576 0 0.0
-0.02309142 -0.004046138 2.891751 0.7579343 0.7868842 0.8746984 0.2042003 18.71454 nan 0 0.0
-0.07185324 0.03706774 4.812867 -0.9611486 2.28592 2.302052 -0.09912814 20.32998 0.9933872 0 0.0
0.00686355 0.004721531 -0.6897574 -5.974493 0.6947081 0.6414483 -0.1435966 17.33341 0.9433365 0 0.0
-0.04681533 0.004358604 5.596908 -2.228547 2.813657 1.486385 -0.1274965 20.06417 0.5718842 0 0.0
0.008195062 -0.007195802 -3.803592 3.579063 0.8392029 0.9381118 0.2612652 17.62054 nan 0 0.0
-0.03569362 -0.001921813 -7.154471 -2.262579 0.3208603 0.2711855 -0.1123073 17.92362 1.04953 0 0.0
0.00456299 0.05236738 -2.527421 -0.1235493 2.276321 1.581225 -0.01221096 20.17572 0.5389824 0 0.0
-0.04091065 0.04865672 0.01098792 -2.01929 1.304428 1.032568 0.1930919 19.51205 0.8767719 0 0.0
0.03617817 0.08100932 -1.497974 0.5561051 0.2218293 0.1632235 -0.0308413 17.37167 1.236439 1 0.0
-0.07715293 0.03675013 1.403761 0.6644755 1.864122 1.251365 -0.1188596 20.10709 1.043636 0 0.0
-0.001129931 0.0507082 1.443108 -1.167148 2.027693 1.434223 -0.04461319 20.0624 0.960741 0 0.0
-0.06385028 0.04720381 0.06229646 0.1403632 0.1942628 0.1693024 -0.05694362 17.02579 0.4794216 1 0.9945618
-0.03945855 0.02330933 2.00165 -2.38308 2.288154 1.131897 -0.1810619 20.15912 0.6058044 0 0.0
-0.06052433 0.05573417 -2.906904 1.43201 0.9361314 0.595079 -0.07653421 19.17566 1.371038 1 0.01763813
-8.099643e-05 0.04048483 0.8756021 0.6317859 1.730287 0.9957688 -0.06126093 20.0194 nan 0 0.0
-0.03625768 0.09722552 -12.78279 -4.034548 1.035176 0.8041062 -0.1301439 19.09697 1.490602 0 0.0
0.006093986 0.02009868 0.38924 0.02564949 0.06745272 0.05808651 -0.02319719 14.81557 1.406233 1 0.9993868
-0.01691128 0.02466979 0.1052221 0.6237785 0.9138227 0.7302328 -0.08896809 19.13371 nan 0 0.0
-0.03427698 0.05243108 -5.410077 -1.400136 1.28561 1.2418 0.02042052 19.58613 0.8976059 0 0.0
-0.05561881 0.0369797 -7.943205 -5.164971 0.6071913 0.4402995 -0.07363776 18.55645 1.322071 1 0.0
-0.04479041 -0.001170684 -0.1039765 0.406345 1.462747 0.9134827 -0.1293084 19.82104 0.7006893 0 0.0
0.0571619 0.05888943 -5.814491 -1.587678 2.341472 1.35668 -0.1010643 20.30961 1.110516 0 0.0
-0.07079081 0.04664048 -8.313714 0.2283811 2.311792 1.132274 -0.1179498 20.05948 0.9377899 0 0.0
0.0568284 0.0437493 -4.957004 -1.39 1.767536 1.426215 -0.3194537 20.1425 0.912344 0 0.0
-0.007598438 0.1287676 -1.004059 -3.674239 2.784844 2.094145 -0.1141061 20.34011 0.8363838 0 0.0
-0.03577186 -0.01150058 1.582121 -2.955673 2.228084 1.693729 -0.1908533 20.12196 0.6569881 0 0.0
-0.08460332 0.05514292 -7.211087 -1.250399 2.412073 2.364697 -0.1254497 20.43669 1.093596 0 0.0
-0.006540038 0.007872519 0.4360558 1.778965 0.3230599 0.2721868 0.006558563 17.2435 nan 0 0.0
-0.04444768 0.04811937 -1.283449 -2.957887 2.373976 2.557923 -0.1243754 20.35128 0.7460251 0 0.0
-0.02719547 -0.005543754 -1.300199 -0.6648143 1.22216 1.750286 -0.6094147 19.25593 0.8517208 0 0.0
-0.07421796 0.06100122 1.088998 0.2807586 2.904551 2.568665 0.04937183 20.51169 1.072075 0 0.0
0.005300176 -0.00480356 -7.910253 1.086619 0.1061141 0.09126573 0.01535525 14.32259 1.663028 0 0.0
0.0415919 0.1164814 1.771192 -1.077841 1.187954 0.6498802 0.006980645 19.54152 0.9740772 1 0.757285
0.02404765 0.05754547 -10.42339 1.782568 0.2938289 0.2296995 -0.03179766 17.80678 0.9977703 0 0.0
-0.06425644 0.003688949 -6.492004 -4.060344 1.340714 1.014469 -0.2939143 19.61346 1.006643 0 0.0
0.003052489 -0.004955943 -4.822445 -0.7252808 0.8240145 0.7915127 -0.2770938 15.6568 1.030031 0 0.0
-0.1027579 0.07934445 -12.90748 -2.729185 1.490127 1.0009 -0.032663 19.3778 2.144651 0 0.0
-0.07095777 0.03130894 -6.479331 -0.7842388 1.869097 1.745138 -0.06246641 20.07105 1.934248 0 0.0
0.07750197 0.09100221 -0.4960911 -0.5860266 0.7120061 0.4211853 -0.02233887 18.95994 0.4398766 1 0.8509678
0.02825336 0.0418723 0.2463081 -0.3303357 0.09361479 0.07960685 -0.02550632 15.65144 1.399604 1 0.9989958
-0.03494427 0.00213379 4.23317 -6.001435 2.407778 2.404328 -0.2729123 20.33346 0.6922646 0 0.0
0.001196527 0.04191151 -2.736728 -1.134607 2.697677 1.42104 0.09713055 20.123 nan 0 0.0
-0.04570525 -0.0007138246 -2.181446 -2.164585 2.0824 1.385241 -0.2159386 20.24934 0.6736679 0 0.0
-0.07638209 0.05470722 -5.24374 -3.22754 0.5490947 0.4530539 -0.06727076 18.67872 1.193464 1 0.0
-0.103925 0.08068841 -4.49906 -1.272693 1.212252 0.7661013 -0.06847391 19.49511 1.348959 1 0.0005131001
0.05253314 0.07279572 -3.988163 0.5315366 1.179088 0.6380604 -0.03418054 19.58237 1.52816 1 0.02002413
0.04006086 0.05816751 -12.67413 -3.248082 2.072131 1.789135 -0.02743382 20.42912 0.9744511 0 0.0
0.001949685 0.0416826 -4.727673 2.614202 3.053526 2.072262 -0.03690493 20.52643 nan 0 0.0
-0.03164385 0.02305981 -0.7251445 -4.369064 1.288793 1.237043 -0.06104557 19.89551 0.8052979 0 0.0
0.03131299 0.04084034 0.5745144 -0.9039206 1.118702 0.6971216 -0.05939846 19.56879 0.7709084 0 0.0
0.02784444 0.05928664 0.5530285 -0.8795232 2.253692 0.8991398 0.2191757 19.68698 0.8638477 0 0.0
-0.006478662 0.04544729 0.1649405 0.9055037 2.443892 1.378406 -0.5071489 19.90498 0.8004227 0 0.0
0.03885626 0.1223965 -9.93235 -6.556352 0.6515573 0.5409349 0.04817619 18.64518 1.487986 0 0.0
-0.05839331 0.02238502 3.218805 -1.340835 3.095436 2.872014 -0.134974 20.57664 0.8092289 0 0.0
-0.02207168 0.01437173 -4.51672 -1.286366 1.688931 1.30499 0.01265156 19.95786 0.791338 0 0.0
-0.01916541 0.03663179 2.433683 -2.918086 2.648913 2.159475 0.08239201 20.50348 1.328995 0 0.0
-0.03608673 0.02555897 0.435608 -1.605281 1.147931 1.109158 -0.02902826 19.35509 0.9068661 0 0.0
-0.06153647 0.1136361 -14.29497 -1.612086 1.134721 0.7397254 -0.0829426 19.48563 1.799154 0 0.0
-0.03767611 -0.0002716371 1.54696 -1.246172 1.06151 0.8295124 -0.3342229 19.26379 0.8627911 0 0.0
-0.04420081 0.0195437 -1.288661 0.8559467 2.391215 1.34587 -0.1796434 20.28184 0.8229065 0 0.0
-0.06293706 0.0001812571 -1.037549 -2.42665 1.553726 1.483291 -0.1364264 19.85887 0.7776566 0 0.0
0.01510755 0.01677781 1.27441 4.391623 0.8507017 0.7212551 0.3190888 18.5989 1.066515 0 0.0
-0.08441137 0.1011867 -12.17269 -4.908892 2.842575 1.742572 -0.1480212 20.32819 1.341452 0 0.0
0.04441595 0.09410175 -3.909043 0.116749 0.7508303 0.4071069 0.02367871 18.86659 1.417122 1 2.814666e-05
-0.02615902 0.03071174 0.04137688 -0.3280011 0.9157449 0.676022 0.02277342 19.07931 0.7878551 0 0.0
-0.006172596 0.03830622 -6.431412 -2.937717 0.4764341 0.3324257 -0.05607036 18.34914 1.229681 0 0.0
-0.02852001 0.04151737 1.262068 2.46044 0.8071484 0.6034168 -0.03922408 18.95128 0.9749508 0 0.0
0.007578087 0.1207339 -4.530108 -0.6118277 1.024224 0.5799196 0.03572189 19.27449 1.246824 0 0.0
-0.03007243 -0.004427847 -0.1826076 -0.3572132 0.1764624 0.1853247 0.2383465 16.44635 1.31284 0 0.0
0.02318646 0.01420714 0.05295879 0.2444926 0.1592813 0.1523395 -0.190032 16.65381 0.5160732 0 0.0
-0.01506501 0.06153947 -4.378887 -1.650988 0.6214659 0.4206376 0.01477774 18.58359 1.023005 1 0.0
-0.04761675 0.05142353 1.130591 4.85037 2.430532 2.639049 -0.00748767 20.53444 0.8033752 0 0.0
-0.03480047 0.02601391 3.035377 2.295186 2.267524 2.972048 -0.1868332 20.4261 1.108559 0 0.0
0.002490923 0.001513818 1.053721 -0.5574665 0.7352722 0.5589711 0.05095156 13.25164 1.323059 0 0.0
-0.0006432435 0.0242304 -0.7954087 4.110319 1.057568 0.5861721 -0.2000853 19.08327 nan 0 0.0
0.005603914 -0.01323408 0.1509965 -0.04611233 0.463037 0.2673951 -0.04526499 17.71143 nan 0 0.0
-0.0008624478 0.02487127 -2.580624 3.993945 0.5815321 0.3932107 -0.08587588 18.1493 0.4952011 0 0.0
-0.02816003 0.01423869 0.8696518 0.05606606 0.6925104 0.5806634 -0.2693783 18.51882 1.114531 0 0.0
0.02271701 0.009015575 0.2112196 -0.4894105 0.111449 0.1058591 -0.1667554 15.83353 1.360241 1 0.998076
0.024115 0.04053952 -0.07436966 -0.6598086 0.389016 0.3853263 -0.0499068 18.28087 0.5170765 0 0.0
0.00482891 0.04205623 1.557468 -0.2912317 1.697032 0.9072174 -0.07801949 19.77756 0.8604736 0 0.0
-0.01331362 0.04101314 -2.430406 2.454601 2.425697 1.513143 -0.05152526 20.30146 0.7069836 0 0.0
-0.0465385 0.01316703 -3.796578 -7.368481 2.681478 1.336355 -0.1512679 20.25101 1.092684 0 0.0
0.02258005 0.02106246 0.006257141 -0.9824201 0.2964555 0.4962477 -0.7068445 16.97831 1.237959 0 0.0
0.004475828 0.03865737 2.015217 -1.192875 1.506913 0.749618 -0.009430156 19.61085 0.991312 0 0.0
