scripts/get_globular_clusters/output/NGC_6760.csv
# %ECSV 0.9
# ---
# datatype:
# - {name: x, unit: deg, datatype: float64}
# - {name: y, unit: deg, datatype: float64}
# - {name: pmx, unit: mas / yr, datatype: float64}
# - {name: pmy, unit: mas / yr, datatype: float64}
# - {name: pmx_e, unit: mas / yr, datatype: float64}
# - {name: pmy_e, unit: mas / yr, datatype: float64}
# - {name: pm_corr, datatype: float64}
# - {name: g_mag, unit: mag, datatype: float64}
# - {name: bp_rp, unit: mag, datatype: float64}
# - {name: filter, datatype: int64}
# - {name: memberprob, datatype: float64}
# meta: !!omap
# - comments: [deg deg mas/yr mas/yr mas/yr mas/yr dimless mag   mag   zeroone float]
# - __serialized_columns__:
#     bp_rp:
#       __class__: astropy.units.quantity.Quantity
#       unit: &id001 !astropy.units.Unit {unit: mag}
#       value: !astropy.table.SerializedColumn {name: bp_rp}
#     g_mag:
#       __class__: astropy.units.quantity.Quantity
#       unit: *id001
#       value: !astropy.table.SerializedColumn {name: g_mag}
#     pm_corr:
#       __class__: astropy.units.quantity.Quantity
#       unit: !astropy.units.Unit {unit: ''}
#       value: !astropy.table.SerializedColumn {name: pm_corr}
#     pmx:
#       __class__: astropy.units.quantity.Quantity
#       unit: !astropy.units.Unit {unit: mas / yr}
#       value: !astropy.table.SerializedColumn {name: pmx}
#     pmx_e:
#       __class__: astropy.units.quantity.Quantity
#       unit: !astropy.units.Unit {unit: mas / yr}
#       value: !astropy.table.SerializedColumn {name: pmx_e}
#     pmy:
#       __class__: astropy.units.quantity.Quantity
#       unit: !astropy.units.Unit {unit: mas / yr}
#       value: !astropy.table.SerializedColumn {name: pmy}
#     pmy_e:
#       __class__: astropy.units.quantity.Quantity
#       unit: !astropy.units.Unit {unit: mas / yr}
#       value: !astropy.table.SerializedColumn {name: pmy_e}
#     x:
#       __class__: astropy.units.quantity.Quantity
#       unit: &id002 !astropy.units.Unit {unit: deg}
#       value: !astropy.table.SerializedColumn {name: x}
#     y:
#       __class__: astropy.units.quantity.Quantity
#       unit: *id002
#       value: !astropy.table.SerializedColumn {name: y}
# schema: astropy-2.0
x y pmx pmy pmx_e pmy_e pm_corr g_mag bp_rp filter memberprob
[from data line 14767]
0.006517522 -0.01042149 -0.03816486 -2.621571 0.3047097 0.3025462 0.1822406 17.28388 1.693202 0 0.0
-0.08928935 0.09579876 -0.5824257 -2.975223 0.1810651 0.1673816 0.3111483 17.48403 1.860613 1 0.01507055
0.007554759 0.0700084 -7.548956 -12.50985 1.117019 1.144237 0.5187314 19.73492 1.451124 0 0.0
-0.04330893 0.05094356 0.4723166 -2.439932 1.683152 1.623707 0.7027372 20.1128 nan 0 0.0
0.02143818 0.0004799032 -0.8066398 -3.012868 1.737372 1.960945 0.6590574 20.04032 1.255722 0 0.0
0.005357831 0.1067571 1.063506 1.424427 1.628588 1.764428 0.6297603 20.27842 1.899691 1 0.03756408
0.02058321 0.09124653 0.8101186 -13.94304 3.294258 2.630648 0.522769 20.44144 nan 0 0.0
-0.04330893 0.05113322 -4.164184 -7.352334 1.55409 1.394914 0.6893732 20.05898 1.4233 0 0.0
-0.01145427 0.0466024 0.2751033 -4.238334 1.558561 1.839423 0.4806752 19.78574 nan 0 0.0
0.02815024 0.07907974 -5.321055 -4.751782 1.881925 1.822997 0.4774264 20.23057 0.995388 0 0.0
-0.01612289 -0.002189343 -1.368744 -3.934772 0.2989443 0.2564383 0.3748489 17.96939 1.842625 0 0.0
-0.09093726 0.08663282 1.293863 -6.604445 0.266724 0.2370659 0.3014873 18.20729 2.317587 1 0.0
-0.07220397 0.04848384 -0.7260839 -3.508933 1.307094 1.278021 0.6322714 19.92529 1.402767 0 0.0
0.04603077 0.04069863 -1.005473 -3.481858 0.1395483 0.1286324 0.2502694 16.84516 1.95332 1 0.9651124
0.001513384 0.08680699 -4.58017 -7.306929 1.813992 1.90832 0.5995925 20.36146 -0.9972191 0 0.0
-0.06427029 0.07302658 -0.6410087 -1.602268 1.374361 1.476187 0.5986104 20.18415 nan 0 0.0
0.07062191 0.1127516 -1.888727 -3.557189 1.666511 1.803119 0.6006708 20.39805 1.908337 1 0.07258266
-0.09594142 0.07948971 2.329035 -2.516761 0.4043351 0.3570752 0.3004014 18.74074 1.625345 1 0.0
-0.02567293 0.04976975 -6.35429 -5.639705 1.55805 1.48349 0.5501994 20.14111 1.842148 0 0.0
-0.002086987 0.1127453 -7.653977 -7.710801 1.663964 1.715863 0.6790966 20.07229 1.171146 0 0.0
0.05832629 0.08753101 -3.190511 -4.335201 1.149992 1.16135 0.6356528 19.55043 1.552631 0 0.0
-0.05496501 0.02628232 -0.4852434 -5.29114 1.657023 1.512183 0.7048744 19.80631 1.533949 0 0.0
0.08453586 0.08808759 6.889672 0.7483852 1.228885 1.220467 0.5474003 19.74761 1.550814 0 0.0
-0.06262263 0.0740682 -2.99286 -5.277841 0.276388 0.2428394 0.2564954 18.20455 1.599766 1 0.0
-0.04480404 0.04963216 -3.987416 -5.756218 0.6817367 0.6723432 0.4381084 18.77776 1.058702 0 0.0
-0.04938117 0.03073577 1.174128 -0.5780215 1.665816 1.722202 0.6756097 20.33606 nan 0 0.0
0.05628277 0.04638234 -6.163977 -5.893216 1.293624 1.420503 0.3327256 19.58844 1.620474 0 0.0
0.07446845 0.02885478 -0.15869 -2.829678 0.5320462 0.5791338 0.4107987 19.00526 1.459713 0 0.0
-0.008433378 0.1133103 0.7449597 -1.372725 1.033112 1.043641 0.4874641 19.71762 1.690931 1 0.07884121
-0.05407857 0.1134345 4.871842 -4.058627 2.289058 2.402789 0.4215074 20.72453 nan 0 0.0
-0.07433988 0.04629998 -2.412725 -2.898964 0.7438914 0.7271003 0.6299984 19.24324 1.656452 1 0.03093223
0.0199117 0.127976 -0.2380222 -4.017321 0.4047009 0.365629 0.4033743 18.62687 1.532072 1 0.02518432
0.09838813 0.08959908 2.773724 0.9778751 2.302851 2.344724 0.3554377 20.73269 1.937691 0 0.0
0.04404786 0.013671 -1.576611 -2.35691 0.4314546 0.3957811 0.1496156 18.8001 1.664841 0 0.0
-0.05404806 0.1130475 -2.369413 -6.016312 1.149658 1.14602 0.5168394 19.79944 1.514376 0 0.0
0.009812775 0.02922252 0.1720265 -6.296654 2.578555 2.174826 0.3644297 20.3068 2.038158 0 0.0
0.01036185 0.07182766 -1.044659 -4.936809 1.466994 1.590049 0.5724808 20.18449 1.628954 0 0.0
-0.06613159 0.0695903 -3.429384 -6.875561 1.031251 1.107941 0.5824011 19.72448 1.361765 0 0.0
0.07843301 0.1069017 -6.927713 -12.32745 0.3499509 0.3201438 0.3496673 18.3814 1.62755 1 0.0
0.05625175 0.07379187 -3.413057 -6.271873 1.300656 1.335775 0.6383854 19.69987 1.756863 0 0.0
-0.1001215 0.07999648 0.0001347498 -2.8676 0.3238746 0.2916228 0.2887428 18.42771 1.86511 0 0.0
0.06863951 0.07664455 -2.515617 -6.451238 2.148613 2.348741 0.4860442 20.25187 1.246874 0 0.0
-0.03775549 0.06923483 0.9136109 -1.115888 2.939504 2.545508 -0.002735064 20.73166 2.212641 0 0.0
-0.06884704 0.07436218 -3.311098 -6.507759 0.9005182 0.9645406 0.5251307 19.52394 1.366756 0 0.0
0.08099634 0.09366159 -3.004908 -2.616267 1.565054 1.638223 0.6531239 19.8077 nan 0 0.0
-0.005229728 0.08136677 -3.427495 -5.034799 1.673673 1.402195 0.4035814 20.32643 0.6123219 0 0.0
0.0002013828 0.009473337 -1.624798 -3.617245 0.2441374 0.2227003 0.3691698 17.60622 1.849009 0 0.0
0.01033151 0.02276471 -27.73282 -26.70703 2.023028 1.89558 0.2898809 19.82631 nan 0 0.0
-0.04876951 0.1172212 -2.311808 -5.77126 1.136821 1.110252 0.3764192 19.8888 0.9350281 0 0.0
0.07962511 0.02595096 -2.769603 -5.067851 1.984749 2.004107 0.5324505 20.51284 0.8277874 0 0.0
0.09228601 0.08271922 -2.165019 -3.441247 2.595921 2.930053 0.7780469 20.4356 0.6321545 0 0.0
0.1064745 0.06872128 -3.931977 -4.928674 2.464469 2.307121 0.3738348 20.57868 nan 0 0.0
-0.04925922 0.02472762 -1.479488 -3.709084 0.1579608 0.1458537 0.512681 16.84359 1.869632 1 0.8845293
0.03086582 0.0768769 -1.84091 -5.453882 0.5110244 0.4279455 0.3159714 18.63067 1.681139 0 0.0
-0.02863265 0.04533436 -0.9194602 2.466588 0.3280573 0.3533976 0.565626 18.0924 1.683266 1 0.0
0.03651096 0.03977368 -1.926968 -3.30436 1.608763 1.839155 0.4746014 20.3061 nan 0 0.0
0.03107914 0.1007802 -2.173003 -5.2937 1.657225 1.808313 0.6313152 20.33785 1.547253 0 0.0
-0.07784742 0.09812423 -3.903952 -1.301331 1.366397 1.288674 0.554772 20.08637 1.670668 0 0.0
0.0220176 0.04616507 1.235653 -0.4748716 0.907436 1.005566 0.5956671 19.32873 1.692322 1 0.1105418
0.02644213 0.01527834 -1.118858 -3.731105 0.1428249 0.1295734 0.3048196 16.8141 1.965747 0 0.0
-0.04535232 0.1108632 -4.167096 -7.359439 0.8714827 0.9030786 0.4658827 19.32366 1.352543 0 0.0
0.05911951 0.09155743 -0.5430237 -3.481568 1.74258 1.856468 0.6237427 20.38746 nan 0 0.0
0.08853359 0.06496803 -0.7788872 -3.630557 1.434649 1.424483 0.4628281 20.18539 nan 0 0.0
-0.005290791 0.05917979 -6.070286 -5.972318 1.821019 1.923445 0.633442 20.39128 0.9968357 0 0.0
-0.03388027 0.08709339 0.7582616 -4.029137 0.9871088 0.9909678 0.5332389 19.72346 2.143139 1 0.06407253
0.02311618 0.02722488 0.6839761 -3.58396 0.544028 0.5084654 0.4909962 18.58576 1.815434 0 0.0
-0.02338457 0.04207287 -6.288154 -8.685804 0.2220134 0.1939474 0.3882489 17.58022 nan 0 0.0
-0.09649098 0.06894329 -2.179689 -4.122221 1.41377 1.346238 0.60821 20.26359 1.489189 0 0.0
0.06638117 0.09724409 -4.906474 -10.09896 0.6729107 0.6273849 0.8385308 17.59247 1.465666 0 0.0
0.01899673 0.0716415 -0.2706834 -3.117283 0.4598576 0.4200196 0.2882572 18.40262 nan 0 0.0
0.043956 0.03655668 -2.283567 -3.071165 1.315351 1.451434 0.4480613 20.21148 1.719545 0 0.0
0.07852548 0.07169796 -4.091096 -5.357237 0.2854354 0.2552857 0.3177067 18.16076 1.543863 1 0.0
0.02250553 0.08146734 -0.5972399 1.832401 2.904604 3.140588 0.7311814 20.42844 1.467876 0 0.0
-0.09716223 0.06926792 -2.389729 -6.182093 1.535581 1.381192 0.5481277 20.07389 1.476313 0 0.0
-0.08221196 0.04833042 -3.157657 -5.297065 1.121158 0.9729631 0.6388817 19.50817 1.917858 0 0.0
0.05487957 0.02616311 -0.305222 -4.128296 0.9356824 0.9142273 0.6143668 19.14749 1.626167 0 0.0
0.03049988 0.05688897 -5.372038 -6.084355 0.9179636 0.8133606 0.254278 18.88489 1.730324 0 0.0
0.01557907 0.1308399 -3.857114 -5.578313 1.448283 1.481338 0.4817224 20.27967 1.280708 0 0.0
0.1142856 0.06745496 -3.304822 -5.408835 0.9878807 1.03529 0.6051176 19.48252 1.494154 1 0.02418696
-0.03519265 0.05571206 -1.816011 -6.926104 0.4730766 0.3965682 0.2515105 18.81018 1.847706 0 0.0
0.09942557 0.08850358 -3.537505 -7.355589 1.296551 1.214508 0.4232355 19.83171 1.189116 0 0.0
-0.04446811 0.07025451 -2.529105 -4.464319 0.08337561 0.07904046 0.2007726 15.73866 2.022913 1 0.0
0.0739787 0.09208226 -2.418963 -3.372814 0.2611889 0.2638008 0.5599895 16.76401 1.843867 0 0.0
0.05277269 0.1125169 -1.204323 -3.968267 0.167652 0.1544843 0.3922551 16.78221 1.797329 1 0.3302758
0.08416937 0.1002536 0.5499856 -7.455561 2.018001 1.999566 0.5014862 20.37579 1.403419 0 0.0
-0.05331674 0.06069181 -2.310961 -0.6746217 0.160277 0.1529228 0.2354027 17.22779 1.67874 1 0.0
0.1304283 0.02329296 -1.530155 -3.600798 0.9120539 0.8797951 0.6696216 19.26117 1.677044 1 0.1867326
-0.0002257937 -0.001822458 -1.650142 -2.430967 0.4711602 0.4337719 0.2891132 15.40927 2.096804 0 0.0
-0.02497064 0.1094717 -2.48254 -3.404907 0.4269217 0.3732678 0.2472426 18.79463 1.578497 0 0.0
0.03428338 0.05602248 -4.883906 -10.48814 2.041858 1.857581 0.3148596 20.45876 1.554174 0 0.0
-0.0592351 0.1087485 -1.139455 -2.356555 0.4681215 0.4216195 0.330089 18.93036 1.510891 1 0.03247294
-0.06899982 0.06511393 -14.14384 -13.72337 1.584049 1.217007 0.1733821 19.97298 1.282501 0 0.0
0.04972241 0.06124059 -1.854749 -4.573674 1.563203 1.630877 0.5562575 19.718 1.473942 0 0.0
0.05872271 0.09907415 -1.990775 -4.03139 1.110525 1.149123 0.5665981 19.72645 1.489731 1 0.1547936
-0.07522314 0.1089406 5.267585 2.947853 0.8974366 0.9069406 0.5610541 19.50018 1.320755 0 0.0
0.08621435 0.07609877 -3.217568 -2.541354 0.1364064 0.122294 0.2322556 16.87453 1.777905 1 0.0
0.06711343 0.09788044 -2.028299 -7.559747 1.405173 1.434354 0.6342173 19.65026 0.6773434 0 0.0
-0.07693214 0.09545476 -1.188582 -3.866346 1.405276 1.284812 0.8994827 19.19433 1.743864 1 0.2014699
0.004289891 0.1300309 -2.754425 -5.484386 0.2770601 0.2620956 0.2887101 17.8827 1.351017 1 0.0
0.0818525 0.02626645 -5.742121 -3.142852 1.796514 1.813899 0.4945317 20.38955 nan 0 0.0
0.03031625 0.1106168 -1.434218 -5.36752 0.3179729 0.2828716 0.3742149 18.20011 1.559864 0 0.0
-0.03192733 0.1038218 -3.18021 -5.317616 1.243908 1.241702 0.5152804 20.11279 1.158186 0 0.0
-0.05725241 0.08072438 -2.867777 -5.264409 0.166032 0.1425158 0.2773279 17.1116 1.856884 1 0.0
-0.06646736 0.06349359 -2.649494 -6.699221 0.8202226 0.8292924 0.3593479 19.388 1.658089 0 0.0
-0.06155457 0.0807911 -3.75067 -6.211042 0.4619423 0.4275744 0.3328347 18.9408 1.532867 0 0.0
0.02503815 0.06411181 -4.137707 -8.663998 1.832267 1.825452 0.5708697 20.3602 0.800766 0 0.0
0.1060783 0.05428158 -1.165614 -6.237009 1.315967 1.317649 0.4633004 20.02735 1.726479 0 0.0
0.02369612 -0.0002080377 1.683907 -1.891347 1.089898 1.068789 0.4271719 19.02006 1.717325 0 0.0
-0.020699 0.1128643 1.396584 -3.552993 1.210253 1.183469 0.2582321 20.0304 1.082836 0 0.0
0.01768514 -0.00275391 -1.11053 -3.857177 0.08366286 0.07943553 0.2445043 15.55351 2.323145 1 0.9563268
0.05658658 0.1152513 -2.356705 -4.759391 0.344165 0.2937158 0.3422227 18.15982 1.831785 1 0.0002141986
0.01371818 0.06738928 -1.588267 -7.565603 1.823181 1.969484 0.5386649 20.28865 0.8792934 0 0.0
0.003527184 0.06774294 -0.747012 0.8582388 1.190353 1.418564 0.4663718 19.67258 1.626883 0 0.0
-0.05578813 0.06514705 -0.7342609 -6.580284 0.3057192 0.2855347 0.2614594 18.4037 1.867884 1 0.0
0.01512179 0.05616884 2.96467 -6.824351 1.179241 1.328504 0.6339145 19.9271 1.388405 0 0.0
-0.01801428 0.06509929 -2.184612 -3.404391 0.5039199 0.5366567 0.531382 18.69556 1.614206 1 0.1832363
0.04416831 0.1217034 0.4165759 -3.079138 2.267356 2.308123 0.5781107 20.47781 1.323063 0 0.0
0.04450475 0.06850738 -2.957296 -1.974372 0.2493586 0.2211231 0.2523853 17.7962 1.645061 1 0.0
-0.04608489 0.09249634 -1.411199 -6.313043 0.8298708 0.7449716 0.446612 19.08372 1.639185 0 0.0
0.1040945 0.07008555 -2.362776 -2.72335 0.1002929 0.09018773 0.2260381 16.19275 1.935734 1 0.0
-0.03674875 0.05673216 1.271931 -4.261224 1.728408 1.668154 0.3756015 19.77412 1.787498 0 0.0
-0.0211571 0.05391713 -3.970833 -8.611214 1.612871 1.713064 0.6464358 20.3203 1.418823 0 0.0
-0.08660486 0.0776299 -0.1873537 -1.357996 2.829016 2.733376 0.5076374 20.73823 nan 0 0.0
0.09311026 0.06877797 1.440941 -5.812279 0.3115805 0.2794281 0.2844624 18.35571 1.628115 1 0.0
0.09683379 0.03505128 -3.05502 -1.718199 1.674692 1.640872 0.4297115 20.3178 1.635853 0 0.0
0.05423881 0.02653312 -0.4441226 -2.287996 1.437565 1.496419 0.458063 20.2615 0.9207573 0 0.0
-0.04684794 0.07662473 0.7923946 -5.237361 0.8158966 0.8148098 0.5449536 19.31737 1.447681 0 0.0
-0.05667361 0.03144423 -0.2531958 -6.957725 1.264833 1.277337 0.6650168 19.96898 1.338987 0 0.0
-0.05258432 0.06793697 -7.908502 -6.767444 2.288083 2.367551 0.5409325 20.67575 0.532011 0 0.0
-0.02616074 0.09323653 -3.85254 -0.4253268 0.3945403 0.3610513 0.2646815 18.73113 1.510811 0 0.0
-0.05258451 0.05710979 -2.644206 -5.252396 0.8434895 0.899212 0.5126447 19.39728 1.594984 0 0.0
-0.05545223 0.07952701 -3.106213 -4.948486 1.484979 1.513579 0.5341479 20.3468 0.635664 0 0.0
-0.01465799 0.05916206 0.7949768 -2.51752 0.3115266 0.2638286 0.222247 18.08097 1.687082 0 0.0
0.008805966 -0.006307576 0.8127661 -2.681719 0.5144308 0.4932584 0.3926526 17.30927 1.923728 0 0.0
0.002642329 0.07679366 -1.927314 -7.022956 1.197515 1.223634 0.6524433 19.43734 1.428661 0 0.0
0.04297861 0.1051929 -3.286377 -4.500962 0.1185493 0.1099492 0.3808943 16.02602 1.946883 1 0.0
-0.01416987 0.04494802 -7.047594 -7.918419 2.262543 2.253164 0.5633055 20.6677 1.125715 0 0.0
-0.04663365 0.1205051 -4.120825 -5.711925 0.09693154 0.08368439 0.1185045 15.87701 1.923853 1 0.0
0.01844784 0.01722247 -0.9635426 -3.892375 0.6466771 0.6225141 0.5633998 18.07373 1.926908 0 0.0
-0.02106596 -0.004295862 -2.356655 -7.561678 1.813979 1.865549 0.6724609 20.21627 nan 0 0.0
-0.04895365 0.05241134 -3.539601 -6.48124 0.2155457 0.2022441 0.3429155 17.5092 1.854235 1 0.0
0.08346826 0.07696093 -5.743634 -12.73986 1.688527 1.810509 0.5389067 20.46999 1.271935 0 0.0
-0.04770184 0.1027599 -4.345836 -4.186629 0.1188506 0.1088471 0.1881714 16.49778 1.470401 1 0.0
0.09863301 0.06606863 -1.764621 -3.233134 1.508582 1.457813 0.421518 20.25029 1.615719 1 0.1139169
0.07440682 0.0537825 -3.93331 -5.278777 1.079667 0.978437 0.3980756 20.08826 0.8584538 0 0.0
0.08612442 0.01959322 0.7528768 -3.599113 0.4365038 0.3893755 0.1964765 18.83045 1.60527 0 0.0
-0.002392187 0.005736842 -1.933407 -4.306212 0.8746325 0.7896863 0.3682566 17.73461 nan 0 0.0
0.04032465 0.0652522 -1.739666 -6.425743 2.070852 2.177774 0.5205463 20.54022 1.04027 0 0.0
0.01643411 0.0001619422 -1.217123 -3.122893 0.4110575 0.3871586 0.3049575 18.90664 1.751425 0 0.0
-0.03296566 0.01870794 -3.166756 -3.925608 0.5245344 0.5511937 0.4477678 18.36972 1.957113 0 0.0
-0.01002015 0.06287553 0.002706218 1.175835 1.161487 1.025353 0.4469377 20.0885 nan 0 0.0
-0.07385088 0.07884813 -1.975151 -3.047756 0.2973818 0.2863032 0.2141541 18.36026 1.953547 0 0.0
-0.0315002 0.1008421 -0.369544 -10.92258 1.026435 0.9576419 0.5774414 19.10424 nan 0 0.0
-0.05505638 0.03536535 -7.619432 -13.05834 0.9205735 0.9223974 0.7044058 19.17589 1.484745 0 0.0
0.1101675 0.03915776 -2.323355 -6.044271 0.9495804 0.9615058 0.5240108 19.48665 1.687656 0 0.0
-0.02668006 0.02244771 -0.6432933 -2.286037 1.040884 1.112193 0.5140317 19.18821 1.905848 0 0.0
-0.0504488 0.04896014 -1.879576 -4.588356 0.3473144 0.338527 0.3070926 18.452 1.646641 1 0.07054062
-0.05465965 0.0394826 -2.249522 -11.68195 0.4400463 0.3966528 0.5245979 18.65797 1.578249 0 0.0
-0.01825841 0.05973428 -6.670103 -8.701299 1.395817 1.496932 0.6183257 20.16572 1.37611 0 0.0
-0.01914365 -0.003517795 2.327624 -3.399077 1.783717 1.186537 0.0806229 20.2722 nan 0 0.0
0.0391352 0.02523328 -1.105988 -3.265542 0.9877671 1.025653 0.4132247 19.27672 1.829929 0 0.0
0.003374703 -0.004510983 -2.177577 -5.377897 1.467962 1.609752 0.4254365 18.66755 nan 0 0.0
-0.006785791 0.09866223 -2.353616 -3.56177 0.9990476 1.064851 0.6465055 19.49912 1.53437 1 0.1473785
-0.01212535 0.09466135 -9.128271 -9.395311 1.997083 2.169061 0.5590628 20.51235 nan 0 0.0
-0.06921304 0.08071794 -3.363183 -6.096291 0.5291178 0.5756534 0.4524145 19.08331 1.924753 0 0.0
-0.006511127 0.1249395 -1.849119 -3.066486 1.49294 1.581511 0.3500366 20.22129 nan 0 0.0
-0.02497146 0.01103746 -0.7892755 -3.756675 0.09191222 0.08800758 0.3511146 15.88686 2.146383 1 0.8456481
