scripts/get_globular_clusters/output/NGC_6366.csv
# %ECSV 0.9
# ---
# datatype:
# - {name: x, unit: deg, datatype: float64}
# - {name: y, unit: deg, datatype: float64}
# - {name: pmx, unit: mas / yr, datatype: float64}
# - {name: pmy, unit: mas / yr, datatype: float64}
# - {name: pmx_e, unit: mas / yr, datatype: float64}
# - {name: pmy_e, unit: mas / yr, datatype: float64}
# - {name: pm_corr, datatype: float64}
# - {name: g_mag, unit: mag, datatype: float64}
# - {name: bp_rp, unit: mag, datatype: float64}
# - {name: filter, datatype: int64}
# - {name: memberprob, datatype: float64}
# meta: !!omap
# - comments: [deg deg mas/yr mas/yr mas/yr mas/yr dimless mag   mag   zeroone float]
# - __serialized_columns__:
#     bp_rp:
#       __class__: astropy.units.quantity.Quantity
#       unit: &id001 !astropy.units.Unit {unit: mag}
#       value: !astropy.table.SerializedColumn {name: bp_rp}
#     g_mag:
#       __class__: astropy.units.quantity.Quantity
#       unit: *id001
#       value: !astropy.table.SerializedColumn {name: g_mag}
#     pm_corr:
#       __class__: astropy.units.quantity.Quantity
#       unit: !astropy.units.Unit {unit: ''}
#       value: !astropy.table.SerializedColumn {name: pm_corr}
#     pmx:
#       __class__: astropy.units.quantity.Quantity
#       unit: !astropy.units.Unit {unit: mas / yr}
#       value: !astropy.table.SerializedColumn {name: pmx}
#     pmx_e:
#       __class__: astropy.units.quantity.Quantity
#       unit: !astropy.units.Unit {unit: mas / yr}
#       value: !astropy.table.SerializedColumn {name: pmx_e}
#     pmy:
#       __class__: astropy.units.quantity.Quantity
#       unit: !astropy.units.Unit {unit: mas / yr}
#       value: !astropy.table.SerializedColumn {name: pmy}
#     pmy_e:
#       __class__: astropy.units.quantity.Quantity
#       unit: !astropy.units.Unit {unit: mas / yr}
#       value: !astropy.table.SerializedColumn {name: pmy_e}
#     x:
#       __class__: astropy.units.quantity.Quantity
#       unit: &id002 !astropy.units.Unit {unit: deg}
#       value: !astropy.table.SerializedColumn {name: x}
#     y:
#       __class__: astropy.units.quantity.Quantity
#       unit: *id002
#       value: !astropy.table.SerializedColumn {name: y}
# schema: astropy-2.0
x y pmx pmy pmx_e pmy_e pm_corr g_mag bp_rp filter memberprob
[from data line 8461]
0.02592052 0.01887733 -1.015626 -4.005502 1.234767 1.082989 0.2479858 19.88335 nan 0 0.0
0.09397871 -0.01030857 -3.853552 -5.909147 1.330997 1.388028 0.7214861 19.47382 1.58106 0 0.0
0.08270267 -1.1432e-06 -0.1736415 -4.537524 0.5518223 0.5647092 0.4078587 18.86606 1.567396 1 0.9901007
0.005431604 -0.01222864 -0.9896837 -6.408117 0.5624203 0.5688415 0.3737302 19.10124 1.667051 0 0.0
0.03284893 -0.02958633 -0.2830319 -4.276179 0.4900141 0.4972822 0.4277372 18.75313 1.484468 0 0.0
0.1636401 0.07497937 -6.509533 -8.62737 0.3983759 0.3669122 0.3699016 18.38115 1.7943 1 0.0
0.08504198 -0.009939688 0.3818193 -5.228011 1.15142 1.049741 0.4350255 20.10994 1.390732 0 0.0
0.03701334 -0.02762294 -0.5911933 -4.493578 1.200498 1.139257 0.3995808 19.9878 1.377552 0 0.0
0.04291375 0.02509486 0.321061 -4.873117 0.673478 0.6750234 0.3501552 19.39281 1.648731 0 0.0
0.09842954 0.0743322 -4.461869 -4.737583 1.248757 0.9867716 0.0006613406 19.90535 1.531881 0 0.0
0.07102924 -0.006491889 -0.45793 -4.926999 0.7297979 0.7378632 0.499415 19.3849 1.722 1 0.9911673
0.08208848 -0.04875051 -2.61474 -5.921583 2.537908 2.452974 0.4370251 20.52546 1.246477 0 0.0
0.09473842 -0.01176637 -0.9531786 -4.613108 0.6378974 0.6483347 0.4140997 19.10782 1.665163 1 0.9700355
0.005613973 -0.01384417 -1.931891 -6.825039 0.8576174 0.8580279 0.3662295 19.7233 1.32362 0 0.0
0.002908693 -0.0007039471 0.9466188 -4.294755 0.7387539 0.7369699 0.2663296 19.23637 nan 0 0.0
0.1197111 -0.08507229 -5.640652 0.4494426 0.8446962 0.8055323 0.5962255 19.20877 1.595463 1 0.0
0.04518985 -0.02941637 0.5460724 -4.343648 0.8355765 0.8548752 0.3414588 19.49838 1.476767 0 0.0
0.03072402 0.02985248 2.444324 -5.194499 2.554305 2.172067 0.02729173 20.8088 1.389181 0 0.0
0.1355344 0.002634452 -0.4803448 -5.555962 0.5789727 0.5140271 0.3921763 19.02685 1.520992 1 0.9792689
0.1383003 0.001356417 4.677224 0.7085558 2.612716 2.960813 0.1412828 20.6316 0.6950951 0 0.0
0.08069504 -0.01105397 0.3386636 -4.917677 0.3870773 0.385776 0.5143621 18.13316 1.730396 1 0.9898788
0.06723021 -0.0003517263 0.4034775 -6.030386 1.620678 1.551806 0.6015491 20.28501 1.661905 0 0.0
0.04449112 -0.02378725 0.3048909 -7.730249 1.131685 1.125351 0.3943583 19.99043 nan 0 0.0
0.1685457 0.0002987457 -3.874945 -4.322108 0.1816256 0.1358248 0.1299791 16.78873 2.00913 1 0.0
0.01990099 -0.0009798597 2.009469 -5.668207 1.038046 1.030362 0.2056756 19.86896 nan 0 0.0
0.009626595 0.000205316 -0.2901874 -5.119703 0.7998307 0.7969546 0.3286746 19.52562 nan 0 0.0
0.05126952 -0.02428987 1.588667 -4.956784 0.8218298 0.7741865 0.3105042 19.35607 1.710773 0 0.0
0.1046322 0.0795688 -2.646415 -6.507939 1.676949 1.676055 -0.06923483 20.36721 1.752275 0 0.0
0.134802 -0.01076595 -0.5511968 -5.534957 0.3585838 0.3334103 0.4432473 18.13776 1.724634 1 0.9885455
0.08859365 -0.04469301 -2.111511 1.172549 2.652346 2.638345 -0.2342701 20.57787 1.640888 0 0.0
0.08943252 0.08697445 -1.354296 -6.139836 1.573655 1.56289 0.04769645 20.26526 1.415049 0 0.0
0.04036039 0.02736811 0.8426159 -4.874114 0.7800589 0.7743105 0.3813783 19.40454 1.835775 0 0.0
0.02509979 0.01954971 -0.4190493 -5.092063 0.07759703 0.06337809 0.143848 15.39848 2.05843 1 0.9997313
0.06954066 0.001762325 -2.552809 -6.718856 1.905474 1.830277 0.5682145 20.3475 1.655186 0 0.0
-0.005025149 0.005433411 -1.431146 -6.607165 0.6430287 0.6326927 0.3250975 18.19539 1.6318 0 0.0
0.001449602 -0.001848351 -3.779171 -7.311071 1.377221 1.240363 0.5247625 20.03268 nan 0 0.0
0.1854943 0.06038844 -8.015571 -12.81762 2.436701 1.992342 0.02384779 20.56442 1.438961 0 0.0
0.01676996 -0.003809322 -0.2306741 -5.454578 0.5169907 0.5146474 0.3092737 18.9292 1.485929 0 0.0
0.1155324 0.001433857 -4.278521 -7.399447 1.207248 1.24416 0.4848885 19.52982 1.578135 0 0.0
0.009474566 -0.002510746 -0.02188037 -4.914549 0.4742975 0.4748815 0.3051063 18.68965 1.396309 0 0.0
0.1428142 0.06962944 -2.261672 -2.658036 0.2947111 0.2216296 0.2166513 17.64676 2.089916 1 0.0
-0.005177045 -0.00632158 0.06646792 -5.235255 0.3524387 0.3585334 0.3297873 18.25083 1.672838 1 0.9978952
0.1582412 0.00146341 -2.004052 -5.720869 0.8864076 0.902594 0.4557692 19.5612 1.687273 1 0.7881559
0.1687357 -0.08608223 -1.107698 -2.135616 0.4073605 0.3796985 0.3976633 18.48822 1.577406 1 0.0
0.1035301 0.03135647 2.413328 -3.239066 1.529838 1.452873 0.5710284 20.11947 1.540392 0 0.0
0.1140325 -0.05743141 -1.516447 -5.191019 0.3552579 0.3228424 0.4053399 18.30159 1.643225 1 0.6363173
0.03382113 -0.03870732 -0.8334274 -3.740735 0.7421048 0.7543266 0.4221382 19.22283 1.431086 0 0.0
0.002239939 -0.002185001 0.8928969 -6.553616 0.5876888 0.4709977 0.2393331 16.4525 1.869119 0 0.0
0.07364296 -0.01049475 -0.6162266 -4.632446 0.5041717 0.4956762 0.5826969 18.68696 1.642702 1 0.9883351
0.1006844 -0.08678946 -7.639731 -5.994808 0.8669402 0.8911916 0.3917202 19.37535 1.447514 0 0.0
0.08296897 -0.05625842 -1.684368 -6.584028 2.216505 1.915903 -0.1541189 20.47749 1.026598 0 0.0
0.1405545 -0.1147825 -14.5049 -15.19478 0.6663438 0.5945511 0.1631828 18.96783 2.18099 0 0.0
0.003091076 -0.001443522 -2.696612 -7.361777 1.235005 1.235136 0.3925442 19.97818 nan 0 0.0
0.001662366 -0.009352815 -0.06830165 -5.468057 0.2177298 0.1827566 0.165385 17.27419 1.464331 0 0.0
0.1780144 0.05511673 -0.5219898 -8.201311 1.860932 1.875528 -0.1308496 20.28845 1.680485 1 0.5221026
-0.001711723 -0.01255573 -0.9979211 -5.397772 1.388721 1.40341 0.3692703 20.27964 1.276052 0 0.0
0.09613172 -0.04487195 -4.279991 -1.53407 1.846128 1.632223 0.02136414 20.47527 1.371817 0 0.0
0.147496 0.07002321 3.390975 -1.312535 0.4807698 0.4226384 0.3417232 18.60651 1.898027 1 0.0
0.01369991 0.0009476777 0.1709921 -3.374959 0.8916595 0.8851946 0.310647 19.67759 1.56851 0 0.0
0.08857604 0.04833887 -0.5947477 -5.897978 0.3924542 0.3899123 0.3746346 18.57758 1.756041 1 0.9811758
-0.007517799 0.006830519 -0.5446264 -5.405112 0.3187398 0.2775749 0.183707 18.10354 1.758186 1 0.9987382
0.08329138 0.08706444 -1.127849 -5.422837 0.4989842 0.4954143 0.1272076 18.83161 1.734255 1 0.9697395
0.08266681 -0.0424549 0.5713338 -6.930098 0.7897752 0.7943097 0.4580108 19.47225 1.695438 0 0.0
0.02622424 0.01218062 -1.373085 -2.760077 1.221849 1.214576 0.4166404 20.1151 1.338938 0 0.0
0.08567421 -0.0556117 3.671852 -6.083846 2.842955 3.091997 -0.1584889 20.76676 1.266973 0 0.0
0.1104711 -0.08695987 -1.122833 -4.7371 0.5272633 0.4657617 0.3245204 19.00871 1.494097 1 0.9240952
0.1964232 0.01001499 -5.578662 -7.580483 1.491609 1.253795 0.1182628 20.29148 2.134808 0 0.0
0.02403483 -0.007510285 -0.7052781 -5.482336 1.409996 1.399916 0.2739363 20.25786 1.284676 0 0.0
0.1067441 -0.01908913 2.68246 -7.949164 3.5444 3.70258 -0.3156379 20.72971 1.55089 0 0.0
0.02786565 0.009846433 -2.052751 -3.118157 2.282233 1.996899 -0.003091641 20.66924 nan 0 0.0
0.1573048 0.02584289 -1.542693 -1.309299 2.333143 1.903546 -0.3366601 20.37435 1.64373 0 0.0
0.01792531 0.005060771 -2.882762 -4.984673 0.9615485 0.9571008 0.2545656 19.66238 1.496534 0 0.0
0.01971903 0.01306014 -0.4110627 -4.853775 0.07767209 0.05966785 0.01451516 15.08915 2.087753 1 0.9990765
0.1353634 -0.08685589 -2.92401 -6.154803 0.902608 0.8838111 0.5051042 19.56275 1.567944 0 0.0
0.06629543 0.07354285 -0.498867 -5.154434 0.685442 0.6879747 0.3863908 19.41829 1.675293 1 0.9870105
0.1201877 0.02504121 -0.18422 -4.909294 0.7752004 0.7629746 0.5574715 19.38167 1.576735 1 0.9771838
0.09415614 -0.04401955 -2.103555 -2.950101 2.135007 2.218002 0.2277862 20.51512 1.754986 0 0.0
0.01658836 0.02683891 5.385103 -4.707914 3.691159 2.119653 0.2587794 20.48757 nan 0 0.0
0.146939 -0.1054322 -3.246564 -8.0274 1.317698 1.324533 0.434735 20.21677 1.348841 0 0.0
-0.006149888 0.006863913 3.334566 -2.068424 2.380407 1.936604 0.01206606 20.66327 nan 0 0.0
0.1435805 0.09831576 0.3860008 -4.686588 1.620723 1.548452 0.1824796 20.45665 1.502598 0 0.0
0.06267412 0.03639523 -0.04756074 -4.859205 0.5743626 0.4900991 0.2609414 19.06312 1.50906 1 0.9940503
0.08230711 -0.003063341 -6.03965 -3.771537 1.455993 1.429951 0.5209916 20.13188 1.427774 0 0.0
0.01597999 0.01108566 1.400535 -4.837397 0.8372409 0.8268237 0.286091 19.50023 1.556059 0 0.0
0.07587023 0.06012504 1.033245 -2.754276 1.159593 1.157263 0.2451279 20.08795 1.310112 0 0.0
0.1256318 -0.115488 2.532668 -7.712294 0.5561953 0.5327007 0.2521122 18.94177 1.684063 1 0.0
-0.003018879 0.004436357 0.1554674 -5.15475 0.3313335 0.3305967 0.3143777 18.25355 1.738825 0 0.0
0.07452632 0.005431506 -1.032626 -6.11679 0.9092802 0.8651711 0.603881 19.52534 1.697626 1 0.9816694
0.09568378 0.008785169 0.2834528 -3.754873 1.377965 1.357534 0.6168937 20.08825 1.832987 1 0.9467683
0.01607119 0.01153675 -0.9616857 -2.137163 1.772678 1.366668 -0.09832435 20.41682 nan 0 0.0
-0.006392932 -0.007321995 -0.6357222 -5.192164 0.387094 0.392369 0.3293291 18.56933 1.520958 0 0.0
0.04248677 0.00374498 -0.2112411 -4.763014 0.4250817 0.4318521 0.2462392 18.60503 1.708729 1 0.9971351
0.0906372 0.00520819 -0.5524568 -7.77421 0.3832725 0.3767864 0.5534801 18.22195 1.719076 1 0.0
0.185492 0.05220401 -0.8699092 -2.358435 1.687238 1.665054 -0.01792869 20.20593 1.863489 1 0.4384057
0.1037844 -0.08748471 -1.119956 -4.828841 1.649924 1.681113 0.382579 20.33894 1.342621 0 0.0
-0.006544944 -0.004794283 0.8130334 -6.124182 1.107745 1.12394 0.3829168 20.03881 1.739382 0 0.0
0.0395081 0.009063811 -0.6212479 -5.717679 0.2863805 0.2490711 0.2053465 18.12033 1.94294 1 0.99455
0.1656063 0.03606658 -4.580371 1.792263 2.374365 2.038986 -0.2941264 20.50485 1.380959 0 0.0
0.09194416 0.004190434 0.961487 -5.005469 0.7400795 0.7078756 0.5730826 19.18415 1.635359 1 0.9526373
0.006829819 -0.01721446 -2.875022 -7.988696 0.9707724 0.9909338 -0.7150338 18.8301 nan 0 0.0
-0.001134177 -0.01258672 -0.4898256 -6.399066 1.274005 1.299172 0.3529981 20.12188 nan 0 0.0
0.0551369 0.05800951 1.679221 -8.33912 1.118253 1.108273 0.3288112 19.94357 1.158276 0 0.0
0.02072276 0.03141691 -1.081676 -8.031678 2.336562 2.256608 -0.007165861 20.49065 1.547436 0 0.0
0.1409426 -0.009095472 0.04891077 -4.890807 0.8055284 0.8032683 0.5038941 19.51005 1.543751 1 0.9625488
0.1621397 0.03165052 1.915919 -9.78787 3.517467 3.91143 -0.4273522 20.63663 nan 0 0.0
0.04142045 -0.03327897 -0.8078211 -5.248931 0.3083741 0.2483654 0.2039047 18.05458 1.787527 1 0.9975178
0.1502426 -0.01564979 -3.982258 -2.205802 1.028767 1.029781 0.5217008 19.62772 1.671129 0 0.0
0.003060686 0.0001071522 -0.7259949 -5.331431 0.5348479 0.533112 0.3342359 19.00197 1.540884 0 0.0
0.02090411 -0.0009269625 0.8031171 -6.762543 0.6754479 0.6881424 0.3294424 19.13486 nan 0 0.0
0.1792819 -0.08698296 1.762748 -3.941497 1.452587 1.436439 0.324936 20.3602 1.428167 0 0.0
0.06482896 0.001279303 0.1322257 -4.30342 1.464904 1.377591 0.6805988 20.04919 1.470955 0 0.0
0.07069425 -0.01218386 -1.065241 -5.27888 0.5755154 0.5093624 0.4716536 19.03709 1.458569 0 0.0
0.02473295 -0.03391517 -0.1203026 -5.190108 0.4907693 0.4799594 0.5501258 18.46837 1.648865 0 0.0
0.04212227 0.008037969 -0.2541624 -4.363319 0.3224255 0.32199 0.2695729 18.26789 1.777481 1 0.9898119
-0.005025052 -0.007109791 -2.903036 -4.600394 0.6160927 0.6288433 0.3189221 19.21501 nan 0 0.0
0.1977225 -0.01562685 1.255131 -9.589597 0.8364298 0.7978888 0.2264844 19.39176 1.550783 1 1.014168e-06
0.07698895 0.008771938 -0.5314357 -5.355533 0.08933642 0.07064587 0.3646837 15.3561 2.044696 1 0.9984762
0.1045264 -0.01084902 0.5272559 -9.011626 0.642034 0.642977 0.5015451 19.18617 1.54018 1 0.0
0.1272487 0.06883638 -0.7586295 -5.164065 0.4488691 0.3946927 0.3571767 18.42364 1.795124 1 0.9829294
0.07681215 0.05591303 1.242714 -3.266408 1.254035 1.24185 0.3658569 20.21328 1.379692 0 0.0
0.04817112 0.003025987 0.5620997 -4.944717 0.7627193 0.7749764 0.4569315 19.36235 1.623631 0 0.0
0.03914138 -0.02285088 0.8275005 -1.853312 2.40968 2.566514 0.2075061 20.20821 1.021866 0 0.0
0.04661817 -0.0335907 2.102697 -5.425231 1.451952 1.211651 0.2054409 20.18569 nan 0 0.0
0.02476606 0.03677975 2.619733 -4.18962 1.168318 1.171943 0.3193653 20.07314 1.776791 0 0.0
0.0329104 -0.01647474 0.2650954 -3.317651 1.166192 1.200083 0.3002314 19.87692 1.44606 0 0.0
0.06249039 0.02260274 -3.375984 -5.779316 1.29429 1.066258 0.1547516 20.26073 nan 0 0.0
0.08701686 -0.01690988 0.1609022 -4.356391 0.8257795 0.8269516 0.5119 19.43483 1.728706 0 0.0
0.1613422 0.003199759 -3.483652 -6.726874 3.357927 3.827301 -0.4130801 20.72377 1.357016 1 0.4694296
0.076692 0.06831843 4.181393 0.8537691 0.2281275 0.1965915 0.2483019 17.78132 1.884432 1 0.0
0.05032879 -0.004334636 -0.516835 -5.460392 0.3169037 0.2693652 0.3010187 18.10462 1.806053 1 0.9980603
0.1142104 0.08939859 -2.644412 -2.072471 0.2143111 0.1857507 0.1518256 17.47665 1.836567 1 0.0
0.1183981 0.04697319 0.4081377 -3.645632 1.448462 1.496133 0.363328 20.19554 1.875751 0 0.0
0.0881442 0.002496286 0.376499 -4.702526 0.4922332 0.4842629 0.542164 18.70685 1.641914 1 0.9884726
-0.006149744 -0.008279959 0.7797024 -6.131489 0.7240154 0.7273666 0.3829581 19.33356 1.710867 0 0.0
0.1856778 -0.04166763 -23.79503 -14.72474 0.4747648 0.4250523 0.4102513 18.5888 1.690125 1 0.0
0.09312648 -0.01795787 0.7519668 -4.525036 0.5578176 0.5576934 0.5197056 18.81288 1.607752 1 0.9682231
0.0599909 -0.05016285 0.03913353 -4.82816 1.553608 1.536337 0.3752243 20.30493 1.186623 0 0.0
0.05492337 0.04944602 -0.08155958 -4.089658 0.4888016 0.4841377 0.3589539 18.84856 1.635689 1 0.9736766
0.08607723 0.003133619 -0.3194669 -4.820955 0.4812298 0.4807855 0.4976561 18.65665 1.619535 1 0.9940489
-0.0007998203 -0.003564487 0.6413984 -0.6144771 1.682524 1.661735 0.1287215 19.80734 1.645723 0 0.0
0.01935403 0.005798874 0.3312709 -6.137377 0.665161 0.660989 0.3360236 19.236 nan 0 0.0
0.104191 -0.01774594 -0.9325686 -5.398935 0.4688407 0.4441052 0.4689297 18.72982 1.702024 1 0.9882919
0.1632121 0.06561964 -0.1172299 -5.007145 0.7293723 0.6931975 0.3536392 19.27323 1.180733 0 0.0
0.02667829 -0.03417894 1.295021 -3.341733 1.358936 1.356711 0.4887766 20.17532 nan 0 0.0
0.009809289 0.02047185 -3.520827 -3.787493 2.159887 2.28741 -0.1068794 20.40171 1.961658 0 0.0
0.1196668 0.003284661 -10.86096 -5.907886 0.2951195 0.2495198 0.3542737 18.06196 1.777716 1 0.0
0.1730979 -0.02738524 -1.190136 -8.673058 2.260784 2.496474 0.02539425 20.70915 1.772652 0 0.0
0.01677035 0.01133646 -0.06720549 -5.43377 1.344871 1.30707 0.2074505 20.16263 nan 0 0.0
0.03838325 0.007132212 -0.7300218 -8.017449 0.6637631 0.6591525 0.4055563 19.27445 2.314234 1 0.0891636
0.08135502 -0.07980823 -4.619196 7.822166 0.892733 0.9075729 0.4251043 19.6438 2.071484 1 0.0
0.04409949 0.02769068 0.098602 -4.59806 0.8339866 0.8245788 0.385315 19.55898 1.510376 0 0.0
0.03731998 0.0184686 -0.6619069 -4.551128 0.5624626 0.5596624 0.3461888 18.94257 1.593197 0 0.0
0.07896525 0.01219873 -3.595946 -5.507386 1.594234 1.50611 0.6767983 20.09952 1.647846 0 0.0
0.1700078 0.01173339 -7.490289 -0.7920287 2.615159 2.737178 -0.2845246 20.60522 1.550558 0 0.0
0.03127055 0.01617772 0.7405297 -7.488671 1.576425 1.461178 0.3178364 20.52063 1.507059 0 0.0
0.08018109 0.01145042 -1.325829 -5.290773 0.9875137 0.9313269 0.6606443 19.50371 1.553768 0 0.0
0.03613217 -0.0218131 -0.7567221 -4.643936 0.4120999 0.4029165 0.5299887 18.17194 1.674475 1 0.9901945
0.09070692 0.06911436 0.6298994 -4.333636 0.5504467 0.552687 0.3204988 19.07334 1.69985 1 0.947259
0.03023483 -0.02998626 2.196316 -8.080747 1.378866 1.33425 0.564383 19.49067 1.551819 0 0.0
0.02339802 0.03488723 -1.534213 -4.941678 0.743048 0.7326383 0.4070507 19.51223 1.748905 0 0.0
0.07686679 0.003955897 -0.5290656 -4.708949 0.6623452 0.6602522 0.530348 19.20712 1.620878 1 0.9893589
0.03509886 -0.01861013 -0.3998235 -5.093675 0.5583792 0.5743601 0.2515188 18.66677 1.564157 0 0.0
0.04874823 -0.002878254 0.9929246 -3.68972 0.676989 0.647578 0.5498315 18.91892 1.716993 1 0.9605801
0.04829588 0.04556319 -0.5688029 -3.99339 1.122933 1.136339 0.2960401 20.02931 1.377369 0 0.0
-0.006332247 0.00387748 -0.3822355 -4.910925 0.2262184 0.1880336 0.1818309 17.26018 nan 0 0.0
