scripts/get_globular_clusters/output/NGC_6522.csv
# %ECSV 0.9
# ---
# datatype:
# - {name: x, unit: deg, datatype: float64}
# - {name: y, unit: deg, datatype: float64}
# - {name: pmx, unit: mas / yr, datatype: float64}
# - {name: pmy, unit: mas / yr, datatype: float64}
# - {name: pmx_e, unit: mas / yr, datatype: float64}
# - {name: pmy_e, unit: mas / yr, datatype: float64}
# - {name: pm_corr, datatype: float64}
# - {name: g_mag, unit: mag, datatype: float64}
# - {name: bp_rp, unit: mag, datatype: float64}
# - {name: filter, datatype: int64}
# - {name: memberprob, datatype: float64}
# meta: !!omap
# - comments: [deg deg mas/yr mas/yr mas/yr mas/yr dimless mag   mag   zeroone float]
# - __serialized_columns__:
#     bp_rp:
#       __class__: astropy.units.quantity.Quantity
#       unit: &id001 !astropy.units.Unit {unit: mag}
#       value: !astropy.table.SerializedColumn {name: bp_rp}
#     g_mag:
#       __class__: astropy.units.quantity.Quantity
#       unit: *id001
#       value: !astropy.table.SerializedColumn {name: g_mag}
#     pm_corr:
#       __class__: astropy.units.quantity.Quantity
#       unit: !astropy.units.Unit {unit: ''}
#       value: !astropy.table.SerializedColumn {name: pm_corr}
#     pmx:
#       __class__: astropy.units.quantity.Quantity
#       unit: !astropy.units.Unit {unit: mas / yr}
#       value: !astropy.table.SerializedColumn {name: pmx}
#     pmx_e:
#       __class__: astropy.units.quantity.Quantity
#       unit: !astropy.units.Unit {unit: mas / yr}
#       value: !astropy.table.SerializedColumn {name: pmx_e}
#     pmy:
#       __class__: astropy.units.quantity.Quantity
#       unit: !astropy.units.Unit {unit: mas / yr}
#       value: !astropy.table.SerializedColumn {name: pmy}
#     pmy_e:
#       __class__: astropy.units.quantity.Quantity
#       unit: !astropy.units.Unit {unit: mas / yr}
#       value: !astropy.table.SerializedColumn {name: pmy_e}
#     x:
#       __class__: astropy.units.quantity.Quantity
#       unit: &id002 !astropy.units.Unit {unit: deg}
#       value: !astropy.table.SerializedColumn {name: x}
#     y:
#       __class__: astropy.units.quantity.Quantity
#       unit: *id002
#       value: !astropy.table.SerializedColumn {name: y}
# schema: astropy-2.0
x y pmx pmy pmx_e pmy_e pm_corr g_mag bp_rp filter memberprob
[from data line 2681]
-0.0139855 0.01133153 -2.909297 -5.062382 0.6451751 0.5447523 0.1871669 18.07649 1.344196 0 0.0
0.01354563 -0.00241276 14.81741 -10.77974 1.138119 0.9064547 0.1441333 17.78482 1.226434 0 0.0
-0.01660312 0.02164607 0.8328198 -1.441283 0.662929 0.5740736 0.3535871 17.7752 nan 0 0.0
-0.005054737 0.01704299 2.187795 -9.247668 0.7400654 0.5983988 -0.01251511 17.63417 1.379104 0 0.0
0.03412324 -0.01177707 -0.410509 -9.061786 0.687102 0.5726775 0.2411236 18.46022 1.555195 0 0.0
-0.04180236 -0.00475906 -6.654567 -7.148178 0.2477583 0.2073327 0.1923599 17.25688 1.692389 0 0.0
0.001973889 -0.0008878828 0.6932096 -5.366215 0.5818586 0.5076576 0.1831075 16.88393 nan 0 0.0
-0.001671862 -0.01301289 -3.922824 -9.882825 0.3119401 0.2594545 0.1510077 16.08702 1.698653 0 0.0
0.05254886 0.01260033 2.545766 -1.520513 0.2709619 0.22213 0.02567891 17.27164 1.290606 0 0.0
-0.03586044 0.001688199 4.96128 -0.4665014 1.371286 1.218922 0.5502679 18.82285 nan 0 0.0
0.01763987 -0.006851805 -2.892902 -4.693576 1.055716 0.8767576 -0.203653 17.1886 nan 0 0.0
-0.03104328 -0.02575311 -2.354049 -1.73742 0.6947848 0.5343237 -0.3172122 18.66756 nan 0 0.0
0.06601475 -0.002590224 -6.220713 -7.574087 1.075414 0.9687807 0.1389707 19.00558 nan 0 0.0
0.002158341 -0.02327253 4.064078 -3.169116 0.9473965 0.7726957 0.07756427 18.66434 nan 0 0.0
-0.01479939 -0.02365317 -1.25247 -2.412897 0.4796752 0.388463 -0.4013509 17.78355 1.849624 0 0.0
-0.03286956 -0.01441832 -4.564766 -4.437385 0.1584876 0.1287852 0.120142 16.35687 1.32032 0 0.0
-0.02085057 -0.01226358 0.1445599 -8.738813 1.077372 0.8162677 0.07066785 18.77978 1.022585 0 0.0
0.00157755 -0.003375058 2.979794 -6.601095 0.192603 0.1623987 0.0176598 15.13845 1.494989 0 0.0
0.04578079 0.00472252 -0.07880543 -8.184452 0.1637497 0.1273342 -0.1195552 15.79727 1.952555 0 0.0
-0.0282243 -0.0002910673 -1.85013 -3.942502 0.4695847 0.3990158 0.2226708 18.3928 nan 0 0.0
0.0475701 -0.0105848 1.776658 -1.241668 0.3417455 0.2764156 -0.006910554 17.57466 1.566898 0 0.0
0.007126209 0.005043735 1.318251 -5.061648 1.124849 0.9203144 0.05140201 17.68841 nan 0 0.0
0.05706883 0.0152891 -0.1444641 2.123886 0.4300639 0.3399788 -0.08358501 17.4815 1.234529 0 0.0
-0.03117496 -0.0269853 -3.464688 -3.889211 1.076418 0.7441632 -0.3326076 18.94386 1.566727 0 0.0
-0.03902229 -0.02019791 2.830428 -2.558025 0.2975024 0.2617129 0.31661 17.55201 1.584949 0 0.0
0.002555151 1.618715e-05 2.557201 -5.928138 0.1529526 0.1236527 -0.01852345 15.08395 nan 0 0.0
-0.02476093 -0.009638057 -0.5090116 -5.713237 0.6947911 0.6153099 0.3229689 18.50424 nan 0 0.0
0.05604891 -0.01264154 -7.100127 -8.209819 0.1150482 0.09168582 -0.003552136 15.03859 1.805176 1 0.0
0.05051088 0.006000053 -4.702148 -6.403555 0.6228465 0.5140634 0.1025109 18.11777 1.21096 0 0.0
0.05476388 0.00435366 -4.481567 -8.675462 0.2716306 0.218333 -0.3699734 16.70728 nan 0 0.0
0.007628274 0.005772305 1.206962 -7.905045 1.030637 0.8215399 -0.3075335 18.1664 nan 0 0.0
0.0186154 -0.01722415 -0.2607055 -2.674747 0.3607191 0.3040122 0.2777075 17.1263 nan 0 0.0
-0.0007209616 0.0009679844 3.041714 -3.862406 0.6008849 0.5223727 0.2134348 17.12592 nan 0 0.0
0.002343777 -0.0005254946 3.897102 -7.013142 0.6596015 0.6607904 -0.7352503 15.51514 nan 0 0.0
0.05186389 -0.0339577 2.040152 -4.568792 1.262363 1.198661 0.00347887 19.24568 nan 0 0.0
-0.01797484 0.008231448 3.255219 -6.476513 0.269735 0.223341 0.2225856 17.73559 1.510735 0 0.0
-0.01031167 0.001787611 3.346052 -4.549482 0.5459926 0.4557453 0.1009946 17.42074 nan 0 0.0
-0.03654183 -0.01333433 3.514154 -3.858937 0.896326 0.8147129 0.1877938 18.94113 nan 0 0.0
-0.00463182 0.01445283 5.57003 -8.715733 0.6644635 0.5647902 -0.6813541 17.83787 nan 0 0.0
-0.02417621 -0.02412423 -0.9140369 -5.132265 0.204677 0.1628635 -0.1058307 16.96668 1.719767 0 0.0
0.06344385 -0.01540402 -5.860584 -5.238407 0.3530964 0.2918634 0.004838136 17.45573 1.470154 0 0.0
-0.003600782 0.0006837267 -5.306323 -5.03923 0.1621994 0.1348168 0.1105319 15.80594 1.496541 0 0.0
-0.03408969 3.896745e-05 -0.8946089 -11.06699 0.08865851 0.07271173 0.1717792 13.61364 2.270791 1 0.0
-0.01673289 0.007625129 -2.710485 -3.376591 0.6861864 0.5958123 0.3186286 18.37071 1.437916 0 0.0
0.04622103 -0.01439123 -6.646905 -4.37355 0.2163822 0.1700599 -0.1041058 16.55131 1.892817 0 0.0
-0.0309947 -0.01217468 -5.766159 -7.062969 0.8415419 0.6656373 -0.38142 18.99561 nan 0 0.0
0.03639243 -0.0190506 -0.373204 -5.825001 0.3615067 0.3010438 0.4202287 16.30045 1.926845 0 0.0
0.005540888 0.004547926 4.143301 -8.1791 0.6554645 0.5612383 0.3519047 17.7772 nan 0 0.0
0.06064136 -0.01931233 -1.96362 -2.234437 1.266152 1.200688 0.2063239 19.19986 1.587437 0 0.0
0.01000458 -0.01054527 -6.421334 -15.35917 0.6395761 0.5524421 0.3044926 18.20821 1.223598 0 0.0
0.03925115 -0.004197257 3.606745 -5.776571 0.2140252 0.168762 -0.08955284 16.17393 1.735401 0 0.0
-0.02975092 -0.01943367 1.676156 0.3579822 0.7464948 0.6815305 0.1102202 18.65584 1.354332 0 0.0
-0.00143416 -0.009690287 -4.797114 -6.63763 0.5816685 0.4708027 0.07240637 16.78443 nan 0 0.0
0.03988379 -0.007735641 -4.936095 -2.504117 0.3804511 0.3158542 0.1314806 17.45169 1.722994 0 0.0
-0.01643957 -0.008503362 -1.54369 -3.8653 0.775146 0.6622832 0.3243732 18.69763 nan 0 0.0
-0.006558837 -0.01485178 1.706059 -2.032446 0.5510853 0.4258685 -0.1582702 18.55306 nan 0 0.0
0.02197093 -0.01385073 -2.303471 -6.119598 0.9932479 0.8422308 0.5640691 18.55366 1.636316 0 0.0
-0.02705973 -0.007956377 -2.410869 -10.55703 2.145272 1.822306 0.02856304 18.68928 nan 0 0.0
0.06636029 0.0005185243 -3.566745 -4.444327 0.1660603 0.1342697 -0.00440953 16.15939 1.912007 1 0.0
-0.003944458 0.00598805 2.741086 -6.859621 0.2716114 0.244301 0.4775222 17.2969 nan 0 0.0
0.03734939 -0.003094074 -5.082027 -2.073854 0.2565626 0.2086459 0.05005451 16.65844 1.706327 0 0.0
-0.01028231 -0.02657466 -5.81283 -3.748615 0.2397161 0.2094521 0.2911514 16.33299 1.880595 0 0.0
0.006597088 -0.005315039 3.754696 -6.127812 0.9420845 0.8415448 0.4158543 17.19438 nan 0 0.0
-0.01298037 0.003345601 -2.468166 -6.590065 0.1582242 0.1309256 0.07510414 16.71175 1.220401 0 0.0
0.04381213 -0.02572551 -2.224264 -5.318547 0.1710427 0.1401255 0.1825008 16.62967 1.763705 0 0.0
0.01256563 -0.0219229 -1.742042 -5.90698 1.000104 0.8279367 0.3186421 18.99911 nan 0 0.0
-0.007776781 0.02080411 0.1046976 -4.730657 0.114038 0.09391735 0.08728029 13.08981 2.514031 1 0.0
0.05231201 0.0144296 -5.132928 -5.509043 0.8611638 0.6973367 0.1644755 18.82467 nan 0 0.0
0.06191256 -0.01406982 -2.119289 -4.393323 0.202131 0.1663044 0.07329041 16.08895 1.935547 0 0.0
-0.01831344 -0.01820828 3.052352 -3.583913 0.6277744 0.558039 0.1540991 17.70476 1.362186 0 0.0
-0.04301583 -0.008909971 -0.4025004 -11.16937 0.9379173 0.7866948 0.1269192 18.67606 nan 0 0.0
0.05765179 0.01808684 -3.143923 0.8608291 0.6662409 0.5362345 0.007316346 17.62468 1.313396 0 0.0
0.06039603 0.01158306 -1.058392 -3.65856 0.3771007 0.30083 -0.1009884 17.73191 1.462244 0 0.0
0.05159916 0.01558201 2.222836 0.9038972 0.7757992 0.6302194 0.04165061 17.94646 nan 0 0.0
0.05421255 -0.03747801 2.083539 -2.592083 0.5829235 0.4799842 0.1433888 18.20487 1.542858 0 0.0
0.006860452 -0.0172131 2.70798 -6.081049 0.1527113 0.1245826 0.215628 14.6959 nan 0 0.0
0.006650236 -0.0007011661 4.529027 -7.138659 0.3383623 0.2803446 0.09855744 14.13412 1.826646 0 0.0
0.05836391 0.01578235 1.099665 -0.03043218 0.2638901 0.2011564 -0.2260162 16.8825 1.184536 0 0.0
0.01679421 -0.008472904 2.474121 -6.307102 0.1830392 0.1517662 0.2281712 16.6944 1.656258 0 0.0
-0.005475159 -0.02591815 -3.609246 -6.766675 0.2019439 0.1748391 0.3784682 14.17512 2.876937 0 0.0
-0.02541741 -0.02509538 -3.619432 -7.60853 0.1164511 0.09618657 0.09348969 15.80753 1.806886 0 0.0
0.0004414935 -0.009190553 3.341824 -6.157836 0.1908308 0.1583948 0.04759887 16.18978 1.309576 0 0.0
-0.03957932 -0.01439598 -8.730761 -6.580322 0.1860452 0.1560083 -0.1084025 16.1298 1.191097 0 0.0
0.01697759 -0.01747371 -9.846742 -3.206837 0.3982353 0.3355643 0.2504755 17.13903 1.714108 0 0.0
0.008418153 -0.02686249 4.525304 -6.242344 0.7271714 0.617785 0.3258562 18.46032 nan 0 0.0
0.03187822 -0.01042783 0.03314745 -1.974174 0.346708 0.2839428 0.2049078 17.87527 1.639433 0 0.0
0.0003358254 -0.008345597 1.59662 -12.07755 0.7139015 0.4946091 -0.9418084 15.39392 nan 0 0.0
-0.005001581 0.01096809 3.80838 -7.32554 0.3238366 0.2825751 0.3356124 17.17263 nan 0 0.0
0.001656949 0.005103105 6.257191 -7.541182 0.4455456 0.3700363 -0.03354508 17.377 nan 0 0.0
-0.009573657 0.02002575 -5.06361 -5.971177 1.699869 1.190779 -0.06462591 18.83847 1.5488 0 0.0
0.005171161 0.007853381 2.501884 -6.803633 0.1734322 0.1439019 0.09006709 16.12453 1.531863 0 0.0
-0.01958308 -0.009636899 4.859134 -7.903264 0.4590115 0.3861728 0.1399985 18.04575 1.033218 0 0.0
-0.0004038996 -0.003075593 3.100411 -6.271511 0.073549 0.05988037 0.04647351 14.28233 1.708997 0 0.0
-0.02917423 -0.004348273 -5.474135 -6.419332 0.3480646 0.2863453 -0.09945722 17.84068 1.062033 0 0.0
-0.006663935 -0.0232651 -2.403399 -4.912466 0.3563664 0.3179383 0.4666701 16.94491 1.388291 0 0.0
-0.03707512 -9.180412e-05 2.512011 -6.506469 0.09145787 0.07486967 0.1029605 12.92022 2.262809 1 0.9953734
0.03998642 -0.01525064 5.715693 -10.16786 1.158037 0.9937691 0.1738145 18.66854 1.372749 0 0.0
0.05839108 -0.02778152 -2.623516 -2.03079 0.2633614 0.2183386 0.001142346 16.66445 1.659401 0 0.0
0.007573031 -0.02561883 -3.982686 -7.39641 0.4360955 0.3830014 0.4474789 17.9772 1.571503 0 0.0
0.003242485 0.01249976 -1.498837 -1.619285 0.1218423 0.09785293 0.004723092 15.4753 nan 0 0.0
-0.01908065 -0.01221172 -0.9784755 -5.255041 0.2811448 0.2366397 0.08214532 17.5295 1.699015 0 0.0
-0.04190386 -0.01465061 -3.69591 -6.049528 0.3143084 0.2511145 -0.1005302 17.52991 1.859207 0 0.0
0.05855401 -0.02025331 -2.13814 -6.856067 0.1643063 0.1303365 -0.1939324 16.17967 1.932218 0 0.0
0.0003622629 -0.002997391 2.377547 -4.726688 0.6326373 0.5669716 0.3062191 16.98681 nan 0 0.0
-0.03995045 -0.01117653 -0.6542039 -1.773459 0.288388 0.2408308 0.1217143 17.34019 1.306206 0 0.0
-0.008092377 0.002262746 2.984283 -6.209503 0.3247589 0.2840194 0.3950253 17.45608 nan 0 0.0
-0.01070839 0.00554886 -6.178715 -6.286779 0.1248334 0.1028436 0.0812104 16.27633 1.766362 0 0.0
0.03734682 -0.009922382 2.435211 -6.524582 0.1434992 0.1193864 0.3219682 16.17694 0.7797728 1 0.9909053
-0.002781404 -0.01164916 -1.507716 -8.328284 0.6566754 0.5238146 -0.255913 18.2398 1.249796 0 0.0
0.001789146 0.01002597 2.978113 -5.255552 0.5805613 0.5000452 0.232002 18.19235 1.290817 0 0.0
-0.02442299 0.01261697 -2.772566 -6.883778 0.3910403 0.3282896 0.106751 17.81969 1.559093 0 0.0
0.05916218 0.02507066 0.2136829 -2.305988 1.318652 0.9189844 0.07379735 18.90631 nan 0 0.0
0.06029689 0.02235964 -9.192394 -1.595213 0.5057417 0.4040019 -0.02135148 17.12766 1.691691 0 0.0
-0.0142746 0.000583582 -0.1943498 -4.148711 0.2133597 0.177871 0.1075881 16.47547 1.056728 0 0.0
0.001577689 0.005400653 1.728089 -5.581052 0.5547255 0.4660613 0.1051326 16.5161 nan 0 0.0
-0.0004039751 0.01546193 -1.563584 -2.888592 0.321465 0.2653152 0.005973387 16.58779 nan 0 0.0
0.020068 -0.01851952 -0.7349314 -2.184037 0.3376561 0.3064243 0.5053264 17.53127 nan 0 0.0
-0.002781105 -0.02228454 2.493466 -5.828056 0.4700626 0.4284926 0.5627011 17.8512 1.31834 0 0.0
0.05979634 0.0249196 -3.172732 -1.968007 0.3850899 0.3080812 -0.04807482 17.54685 1.550766 0 0.0
0.004959293 -0.001935122 7.119083 -8.776684 0.7987124 0.6483447 -0.1409739 14.81113 nan 0 0.0
0.0417362 -0.0002786702 -4.867532 -7.75464 0.1685153 0.1348318 -0.04003955 16.26079 1.777871 0 0.0
0.04443016 -0.002253947 2.415313 -2.578572 0.1808651 0.1444695 -0.02072154 16.08604 1.12759 0 0.0
-0.02183459 0.01768921 2.082158 -8.662219 0.7995314 0.6560193 -0.1152287 17.23286 nan 0 0.0
0.03074312 -0.007715218 -5.811177 -5.936353 0.1867069 0.153267 0.1847743 16.22159 1.745283 0 0.0
0.04188644 -0.01985767 -1.434998 -4.137393 0.2229525 0.1855257 0.3857524 16.7386 1.590554 0 0.0
0.0005735408 -0.01635455 -0.04237979 -6.39153 0.7432069 0.6505876 0.4899093 16.62663 1.517488 0 0.0
0.05227891 0.001768637 -3.952414 -6.332626 0.2550216 0.2082542 0.04192093 16.99846 nan 0 0.0
0.0408056 -0.01458721 -2.107097 -3.241469 0.1762188 0.1460812 0.1749252 16.40352 2.035114 0 0.0
-0.01829241 0.01092647 3.608257 -4.016346 0.2044129 0.1699078 0.1221083 17.1556 1.154596 0 0.0
-0.02027379 0.009222826 -5.859646 -2.732396 0.5107128 0.4338616 0.1043302 17.85895 1.16284 0 0.0
-0.005054878 0.01980865 2.05619 -2.123959 0.8241125 0.6415476 -0.1086442 18.79985 nan 0 0.0
-0.04357016 -0.009934459 -2.205689 -8.637137 0.2152475 0.1779698 -0.001797973 16.33813 1.595999 0 0.0
-0.01044248 -0.01055867 -4.052531 -7.904936 0.5960832 0.5050632 0.2944903 17.63663 1.569538 0 0.0
0.04962541 -0.02104189 -6.115349 -5.504424 0.6532795 0.5679744 0.1889099 18.5931 nan 0 0.0
-0.01973955 -0.01983934 -2.96948 -5.937333 0.3111357 0.2624089 0.1478591 17.74422 nan 0 0.0
-0.04129861 -0.00907518 -0.6502828 1.240586 0.7833329 0.6593459 0.5240027 18.73073 1.222841 0 0.0
-0.0274043 -0.003832784 -0.266389 5.25493 1.122207 1.011157 0.1210895 18.49102 1.352163 0 0.0
-0.03321605 -0.005253629 -4.377127 -7.9741 0.925938 0.7795163 -0.1237825 18.90158 nan 0 0.0
0.01454927 -0.004480469 3.103876 -6.806545 0.2567539 0.224189 0.4683225 15.8202 nan 0 0.0
0.01829858 -0.01628567 2.453654 -6.023624 0.2731805 0.2171947 -0.05439925 16.28204 1.751664 0 0.0
0.05405225 0.007562211 1.588411 -5.486059 0.4930106 0.4118654 0.09643664 18.29555 1.416512 0 0.0
-0.03329871 0.004891532 -2.698839 -6.458172 0.2941493 0.251661 0.08681012 17.56181 1.746958 0 0.0
0.05821662 -0.01004307 2.3345 -6.395878 0.2005259 0.1643194 0.08563982 15.90487 1.747726 0 0.0
0.005435272 0.005816318 0.9083832 -6.206459 0.437652 0.3798203 0.1449759 17.50314 nan 0 0.0
0.0620789 -0.001553897 -12.77 3.271904 1.550314 1.359672 0.1538749 18.6193 nan 0 0.0
-0.01758063 0.02019441 -5.151465 -3.076453 0.2382864 0.2021212 0.1898237 17.35051 1.585755 0 0.0
0.008551665 -0.01010454 -1.571991 0.811524 0.6181803 0.5303612 0.345531 17.13345 nan 0 0.0
-0.02053885 0.0132263 1.383617 -1.902431 0.1519372 0.130375 0.2411464 15.52749 1.879472 0 0.0
-0.0334049 0.006392579 0.3792272 -4.97585 0.2806003 0.237377 0.2234227 17.2639 1.608797 0 0.0
-0.01776542 0.01915869 1.876289 -5.660675 0.5106687 0.4354396 0.1415814 18.36647 nan 0 0.0
0.05617377 0.02123291 -1.894499 -6.007681 0.675781 0.5466929 0.01869807 18.15628 1.400555 0 0.0
0.005065333 0.005129692 3.90798 -5.116547 0.1708747 0.1411314 0.2423453 15.45722 2.113426 0 0.0
0.06112702 -0.002789268 -0.9898966 -4.259853 0.8084179 0.6460766 0.2032083 18.97902 nan 0 0.0
-0.03316346 -0.004502116 0.1932636 -1.571481 0.2428893 0.2054191 0.02002575 17.24289 1.243591 0 0.0
0.001603647 -0.02324009 2.531651 0.5004457 1.08732 0.9284815 0.346944 18.51477 1.42318 0 0.0
0.009025654 -0.02685301 3.717877 -10.69078 0.2757347 0.2409399 0.3900021 17.1875 1.308655 0 0.0
-0.04124387 -0.01363944 -0.8720638 -2.700741 1.130078 1.031288 -0.07858878 19.2582 nan 0 0.0
-0.0343788 -0.004323239 3.806078 -8.374366 1.020238 0.863974 0.1895242 18.13851 1.168255 0 0.0
-0.01445725 -0.0151349 0.7351334 -0.4086453 0.4991416 0.3930038 -0.0668412 17.91926 nan 0 0.0
0.007467033 -0.0301812 -4.870477 -3.772436 0.2575677 0.2192153 0.3293938 17.01112 1.814181 0 0.0
-0.01620515 0.01196825 -0.3553803 -5.891293 0.6058906 0.5062671 0.2926714 17.72264 nan 0 0.0
0.01497194 -0.0046541 0.02570956 -3.357542 0.234548 0.1955179 0.2253448 15.68592 1.210698 0 0.0
-0.002358937 -0.002955457 2.999266 -9.019261 0.8527121 0.7764519 -0.06580575 18.14485 nan 0 0.0
0.008022393 -0.02149137 -5.264485 2.524398 0.7019669 0.6406931 0.486183 18.54247 1.010468 0 0.0
0.005408064 -0.008593699 -0.5330773 -4.67189 0.5106162 0.4611664 0.4961248 16.92882 nan 0 0.0
0.06276664 -0.0002363522 -4.213188 -4.589715 0.7746045 0.7049483 0.234889 18.66352 1.467524 0 0.0
-0.03165677 -0.007026953 -0.2216994 -7.374593 0.7549091 0.598112 0.474763 18.73229 nan 0 0.0
