scripts/get_globular_clusters/output/NGC_6362.csv
# %ECSV 0.9
# ---
# datatype:
# - {name: x, unit: deg, datatype: float64}
# - {name: y, unit: deg, datatype: float64}
# - {name: pmx, unit: mas / yr, datatype: float64}
# - {name: pmy, unit: mas / yr, datatype: float64}
# - {name: pmx_e, unit: mas / yr, datatype: float64}
# - {name: pmy_e, unit: mas / yr, datatype: float64}
# - {name: pm_corr, datatype: float64}
# - {name: g_mag, unit: mag, datatype: float64}
# - {name: bp_rp, unit: mag, datatype: float64}
# - {name: filter, datatype: int64}
# - {name: memberprob, datatype: float64}
# meta: !!omap
# - comments: [deg deg mas/yr mas/yr mas/yr mas/yr dimless mag   mag   zeroone float]
# - __serialized_columns__:
#     bp_rp:
#       __class__: astropy.units.quantity.Quantity
#       unit: &id001 !astropy.units.Unit {unit: mag}
#       value: !astropy.table.SerializedColumn {name: bp_rp}
#     g_mag:
#       __class__: astropy.units.quantity.Quantity
#       unit: *id001
#       value: !astropy.table.SerializedColumn {name: g_mag}
#     pm_corr:
#       __class__: astropy.units.quantity.Quantity
#       unit: !astropy.units.Unit {unit: ''}
#       value: !astropy.table.SerializedColumn {name: pm_corr}
#     pmx:
#       __class__: astropy.units.quantity.Quantity
#       unit: !astropy.units.Unit {unit: mas / yr}
#       value: !astropy.table.SerializedColumn {name: pmx}
#     pmx_e:
#       __class__: astropy.units.quantity.Quantity
#       unit: !astropy.units.Unit {unit: mas / yr}
#       value: !astropy.table.SerializedColumn {name: pmx_e}
#     pmy:
#       __class__: astropy.units.quantity.Quantity
#       unit: !astropy.units.Unit {unit: mas / yr}
#       value: !astropy.table.SerializedColumn {name: pmy}
#     pmy_e:
#       __class__: astropy.units.quantity.Quantity
#       unit: !astropy.units.Unit {unit: mas / yr}
#       value: !astropy.table.SerializedColumn {name: pmy_e}
#     x:
#       __class__: astropy.units.quantity.Quantity
#       unit: &id002 !astropy.units.Unit {unit: deg}
#       value: !astropy.table.SerializedColumn {name: x}
#     y:
#       __class__: astropy.units.quantity.Quantity
#       unit: *id002
#       value: !astropy.table.SerializedColumn {name: y}
# schema: astropy-2.0
x y pmx pmy pmx_e pmy_e pm_corr g_mag bp_rp filter memberprob
[from data line 2475]
0.1047846 -0.06106013 -5.512688 -4.059144 0.3237421 0.4205776 0.1929469 19.22282 0.798336 1 0.9789632
-0.02955164 0.003189831 -4.847314 -5.023012 0.2607397 0.3368128 -0.3275222 18.56394 0.8780956 0 0.0
-0.0249258 -0.01595477 -5.073436 -4.748164 0.5667699 1.035705 -0.5141407 19.52064 nan 0 0.0
-0.01176143 -0.03845915 -5.133685 -3.598266 0.8246304 1.044919 0.2071069 20.13281 0.4633179 0 0.0
-0.02463809 0.01695112 -9.375881 -5.830361 2.942761 2.554966 0.6589705 20.29335 nan 0 0.0
0.006522128 0.0853755 -6.467776 -9.682847 0.4755309 0.5937004 0.08592151 19.84583 1.459396 0 0.0
0.04150211 0.1066575 -5.629469 -4.74278 0.06696342 0.08927279 0.02986761 16.79621 1.007551 1 0.999035
-0.02832849 -0.04530117 -5.806532 -4.805384 0.6865401 0.5999004 0.2316306 19.61847 nan 0 0.0
0.01392207 -0.02626852 -4.348527 -3.085335 1.068158 1.744985 0.2056715 20.05892 nan 0 0.0
0.04627716 -0.02182261 -5.494263 -4.945734 0.02627926 0.03736027 -0.07379503 14.83097 1.239181 1 0.9990233
-0.04785018 -0.06657977 -4.92672 -5.580882 1.778857 4.474128 0.1073611 20.90272 0.7508755 0 0.0
-0.001705181 -0.09896504 -2.303141 -6.934894 0.828778 1.098647 0.2629875 20.33158 1.467638 0 0.0
-0.04527627 0.04890388 -5.485848 -4.652714 0.2723546 0.3633847 -0.00905052 19.00377 0.7135696 0 0.0
-0.06544094 0.03121112 -5.864842 -5.900144 0.9948575 1.353719 0.1079156 20.44801 0.8524914 0 0.0
0.03412012 -0.06786877 -6.29486 -5.479012 0.5783821 0.7662893 0.292455 19.90475 nan 0 0.0
-0.0435535 -0.01398979 -5.551755 -7.02446 0.7521065 1.504809 -0.214718 20.19444 nan 0 0.0
0.03248123 -0.1830244 -3.261113 -3.501695 0.1460879 0.1923306 -0.0671022 18.07761 1.396242 1 0.0
-0.04985014 0.1809597 -5.20631 -6.687058 0.07261546 0.1023628 -0.1135792 17.0532 1.001345 1 0.0
0.004396462 0.01992343 -5.83921 -4.561664 0.5918265 0.7005094 0.2349757 19.65994 nan 0 0.0
-0.04575865 -0.01144563 -6.405283 -4.838902 0.7977944 1.2611 0.1436599 20.28256 0.7415581 0 0.0
-0.01624747 0.006917902 -7.063109 -6.846266 0.9791008 1.083562 0.3292463 19.6046 nan 0 0.0
0.03997437 -0.02970783 -5.657394 -4.826264 0.03505235 0.04715547 0.02697722 15.49886 1.170561 1 0.9994806
-0.005119309 0.0735274 -4.626733 -5.013118 0.4480563 0.593964 0.006099509 19.67208 0.7277813 0 0.0
0.07502718 0.01280411 -5.326121 -4.7949 0.9170409 1.459335 0.2085255 20.41829 0.6911983 0 0.0
-0.01174888 -0.01531919 -0.2449389 -10.23713 0.7854242 1.333823 -0.5697346 19.22341 nan 0 0.0
-0.01287928 0.008140626 -5.110077 -3.04751 0.2079105 0.3203893 -0.09620545 17.83321 0.8187294 0 0.0
-0.004945906 0.04260551 -0.5546104 -4.040545 0.858923 1.047194 0.1468512 19.82532 0.7109737 0 0.0
0.003994894 0.04052286 -4.633373 -5.018933 0.3786749 0.4453379 -0.01150601 19.18775 0.721983 0 0.0
0.01641427 0.02023109 -6.672243 -3.753899 0.3921136 0.5234235 -0.1341822 19.22933 nan 0 0.0
0.04211553 -0.117297 -0.008682314 -5.371816 0.5437929 0.772694 0.2133436 19.59302 0.8525734 1 0.0
-0.03557442 -0.02906011 -6.444747 -4.803721 0.3836602 0.5136756 -0.01607349 19.3889 0.6080189 0 0.0
0.02004471 0.06083963 -5.537157 -5.757913 0.7010485 0.8134836 0.1669181 20.09095 0.9343014 0 0.0
0.0003465154 -0.008831362 -8.417559 -3.895957 1.057041 1.197318 0.07974978 19.38486 nan 0 0.0
0.04592645 -0.1434956 -4.478672 -3.882438 0.1990852 0.2562096 0.09705774 18.47705 0.9046307 1 0.0001772368
-0.01829947 -0.05011329 -7.399964 -5.081028 1.396222 1.568073 0.09620982 20.53914 0.5598412 0 0.0
0.07175911 0.03108647 -7.1151 -6.663035 1.096047 1.672956 0.1730237 20.59174 0.8279476 0 0.0
-0.01530728 0.007284724 -5.705503 -4.613357 0.1233565 0.1667298 -0.06925138 17.7927 0.9647942 0 0.0
0.07498618 -0.07338543 -4.800301 -4.287355 0.3287539 0.40469 0.2621989 19.14017 0.8512039 1 0.9505175
0.01176765 -0.05635008 -5.496675 -1.619202 0.2016687 0.2642774 0.03059807 18.57939 0.7241325 0 0.0
-0.00248912 0.03330566 -4.475601 -7.019697 0.9834586 1.10686 -0.1562003 19.99598 0.8459663 0 0.0
-0.01155887 -0.01471638 -5.667722 -3.727235 0.3918571 0.4426634 0.1425108 18.78756 nan 0 0.0
6.094513e-05 -0.03232226 -3.229123 -5.407915 1.194767 1.057941 0.5110837 19.87192 nan 0 0.0
-0.04590564 0.04750652 -4.316953 -4.357096 1.689285 1.144823 0.5155185 20.13794 0.5657673 0 0.0
0.04802753 -0.1101974 -6.350419 -4.772648 0.3159736 0.4275113 0.1040442 19.14524 0.982605 0 0.0
0.05893721 0.08512194 -6.938695 -5.353292 1.050353 1.204736 0.2542533 20.36542 0.8135338 0 0.0
-0.01642846 -0.007066904 -3.273718 -7.90049 0.3554321 0.5250551 -0.02015784 18.99986 0.7666512 0 0.0
-0.008008486 -0.03332304 -5.069923 -4.813964 0.5755437 0.4458488 -0.04919265 18.99039 0.644516 0 0.0
0.06119281 -0.09003213 -2.038239 -1.118504 0.5084257 0.6398141 0.2854003 19.78321 0.8794899 0 0.0
-0.01523905 0.1844161 0.5394084 -4.425443 0.1038603 0.150149 -0.1020045 17.67235 0.9753952 1 0.0
-0.01151116 -0.0150139 0.08906605 -3.931694 0.5609674 0.7093279 -0.04748201 18.55647 0.7302589 0 0.0
0.0006314058 -0.03265034 -5.352153 -4.873328 0.2750507 0.3537958 0.07505013 18.7879 0.7443523 0 0.0
-0.01315311 0.008193885 -5.625586 -4.218739 0.3246068 0.4821089 -0.1911263 18.41561 nan 0 0.0
0.02445951 -0.00963715 -5.888785 -4.177968 1.346893 3.308919 -0.5957094 19.83334 nan 0 0.0
-0.05898937 0.1326911 -1.950201 -4.871106 0.3068104 0.4157604 -0.1198007 19.23448 0.9160862 0 0.0
0.02269998 -0.00849103 -5.82494 -4.591434 0.2124222 0.3106523 -0.01616395 18.6365 0.7848454 0 0.0
0.0009233523 -0.1674386 -1.160206 2.353047 0.9016925 1.024204 0.3282836 20.19032 2.111975 0 0.0
0.1073193 -0.06767835 -5.422891 -4.253637 0.4147906 0.5199279 0.2334866 19.56757 0.9075203 1 0.9814364
-0.01655707 0.05953 -5.610318 -5.052072 0.2917782 0.3706769 0.1380361 18.99518 0.7359104 0 0.0
-0.03970668 0.041124 -3.329347 -3.714548 1.685961 1.773241 0.4538113 20.63999 0.8056335 0 0.0
0.1150803 -0.1001545 -6.280083 -6.889407 0.3722906 0.4395551 0.1144497 19.44264 0.9877586 1 0.001794645
-0.01118998 -0.01515108 -5.704743 -4.768932 0.2258286 0.2924984 0.02175635 18.65777 0.596962 0 0.0
-0.04259711 -0.03705942 -6.107924 -12.12782 0.962901 3.454346 -0.01199245 20.44073 nan 0 0.0
-0.01891067 0.01797097 -3.747812 -2.142376 1.037434 1.171275 0.4602201 20.02151 nan 0 0.0
-0.01633085 -0.01067554 -5.50754 -4.601613 0.303374 0.4363501 0.1238302 19.06111 0.7692146 0 0.0
-0.03717607 0.1564386 -2.714735 -10.05254 0.0948519 0.1333446 -0.06158784 17.50096 1.052965 1 0.0
0.004345375 -0.06557917 -2.39092 -0.8595514 1.647217 1.873148 -0.03714018 20.82148 nan 0 0.0
-0.02382589 0.05098667 -6.998422 -4.349624 0.8398616 1.034298 0.2313394 20.26871 0.4061794 1 0.9635395
-0.003758886 0.07585461 -6.542354 -4.116565 0.6780381 0.8627206 0.1660074 20.06018 0.7881527 0 0.0
0.1254096 0.0758904 -5.583126 -4.664933 0.04549697 0.06243858 -0.06670589 16.12606 1.120384 1 0.9991269
0.01012945 -0.112288 -5.443226 -4.712517 0.3905286 0.5013762 0.1032924 19.09936 0.742033 1 0.9900691
-0.06898829 -0.04535234 -5.735851 -4.288543 0.396458 0.5719575 -0.03049745 19.49328 0.9147968 0 0.0
-0.0183993 0.01894029 -3.344515 -3.857706 1.502536 1.513444 0.6759408 20.00517 nan 0 0.0
-0.002632001 -0.07731292 -4.3142 -5.90686 1.916067 2.199743 0.2447594 20.89808 0.7318287 0 0.0
0.02984598 -0.04052699 -9.448157 -6.910356 0.6377042 0.7907502 0.2523882 19.64482 1.001579 0 0.0
0.02320809 0.01279451 -7.385334 -2.785105 0.3851051 0.4586864 0.187321 19.19887 nan 0 0.0
0.1260026 0.04979447 -5.085651 0.9272617 0.1868924 0.2308907 0.07330293 18.47342 2.081049 0 0.0
0.03287711 0.004452034 -5.276966 -4.312112 0.2183083 0.2907638 0.009548942 18.66315 0.7598572 0 0.0
0.1682407 -0.09945909 -2.833493 -8.993328 0.2025404 0.247522 0.06689003 18.63518 0.9476528 1 0.0
-0.04588291 0.08608845 -0.7825806 -6.06282 2.510935 3.695702 0.2405928 20.98658 1.873245 0 0.0
0.1168804 -0.1004302 -6.257188 -5.486434 1.543673 1.535352 0.2262511 20.79227 0.9995403 0 0.0
-0.02086781 0.1761875 -0.5368282 -4.213881 0.1787264 0.2432388 -0.03789645 18.37994 1.457964 1 0.0
0.05254625 -0.009429966 -5.372803 -5.136514 0.1540206 0.1981724 0.1044132 18.13002 0.8901768 1 0.995944
-0.0235615 0.0242993 -5.253933 -6.349985 2.076647 2.031674 0.5152815 20.48927 nan 0 0.0
-0.02333039 -0.03015149 -4.521858 -4.114244 0.2520619 0.344336 -0.006633253 18.90699 0.7439194 0 0.0
-0.05885343 -0.01704335 -5.257143 -5.257357 0.9218795 1.749702 -0.07804444 20.44268 0.7769585 0 0.0
0.02381398 -0.01284085 -5.277567 -4.559241 1.116821 1.471448 0.2013731 20.38608 nan 0 0.0
0.02272008 0.01297808 -2.767495 -3.004881 0.5242487 0.7117365 -0.01846066 18.22091 0.8642311 0 0.0
0.02761149 -0.1140183 -5.77824 -6.051926 1.07556 1.544215 0.1368998 20.56498 0.8613567 0 0.0
0.002302456 0.04340699 -5.722538 -4.737256 0.5803395 0.7064192 -0.1009689 19.84064 0.6885529 0 0.0
0.03384627 -0.1949739 -1.751691 -7.028549 0.180538 0.2472417 -0.1653932 18.41244 1.702938 1 0.0
-0.04804809 -0.0923828 -5.64484 -4.32337 0.3366701 0.4496158 0.04810246 19.29718 0.7912521 1 0.990443
0.01225587 -0.0300518 -6.036768 -5.200496 0.2623662 0.3695499 0.1904898 18.8903 0.8878822 0 0.0
-0.07921269 -0.07164413 -5.453062 -4.93535 0.1888783 0.2694155 -0.006022281 18.55898 0.7782192 1 0.9971008
0.08472175 -0.04780554 -0.5937635 -4.171987 1.088973 1.63703 -0.02544612 20.71222 0.7627964 0 0.0
-0.04416836 0.02326349 -5.431216 -4.615088 3.1485 4.068614 0.5751976 20.99212 0.3256855 0 0.0
-0.04209829 -0.03691359 -5.318792 -5.262829 0.232523 0.3195995 0.006692183 18.81371 0.8132706 1 0.9949107
-0.01860209 -0.02719482 -9.428575 -10.24602 2.392476 2.696693 0.3099907 20.50195 nan 0 0.0
-0.02970018 -0.02128547 -5.26446 -4.863416 0.1323494 0.1822712 -0.01373239 17.95758 0.9645996 1 0.9986843
-0.0569938 0.1184823 -4.003859 -7.363434 2.058813 2.902457 0.3378752 20.85821 1.966204 0 0.0
-0.06984427 -0.03686325 -4.96857 -2.895112 0.1983687 0.2708313 -0.001903688 18.57332 0.8171024 1 0.0
-0.03973278 -0.008444286 -5.250555 -6.894955 0.491882 0.7317682 -0.06838278 19.68073 nan 0 0.0
-0.007568827 -0.03313216 -6.812835 -3.183464 0.5095342 0.7004157 -0.1115507 19.4274 nan 0 0.0
0.04393193 -0.02342805 -4.351262 -4.169298 0.2491113 0.3729421 0.07563188 18.00912 1.411716 0 0.0
0.04523296 0.05603746 -2.059675 -0.8600795 1.048569 1.388083 0.01242314 20.38478 1.272625 0 0.0
-0.03478866 0.003221036 -4.284259 -4.263575 1.117054 2.227558 -0.005034374 20.59265 nan 0 0.0
-0.02341797 0.01134472 -5.851496 -3.774147 0.4928306 0.6407035 0.1692969 19.46962 0.8556042 0 0.0
0.04372563 -0.1502283 -2.877469 -1.743365 0.6906056 0.8526193 0.4710957 19.86976 nan 0 0.0
-0.02763437 -0.01858222 -4.736486 -4.853347 0.2256005 0.3147677 -0.086169 18.76913 nan 0 0.0
0.02264977 0.01419122 -1.539853 -4.233542 1.36876 1.692933 0.4487058 19.81174 nan 0 0.0
-0.001973257 -0.008907734 -6.029758 -3.042902 0.9850625 0.8978575 0.05664983 19.4225 nan 0 0.0
0.09050791 -0.03458176 -6.005325 -5.047819 0.3382496 0.4127151 0.1917682 19.2019 0.7673187 1 0.9891774
0.07180344 -0.1142695 0.3405825 -4.209128 0.6702978 0.7816048 0.4524258 19.76499 0.8780842 1 0.0
0.01218478 -0.02961689 -5.666135 -5.977867 0.4992284 0.691911 0.007720313 19.38111 nan 0 0.0
0.01476458 -0.06771189 -4.352442 -6.449321 0.4188518 0.56339 0.08850591 19.60956 0.8142185 1 0.07687195
0.01998873 0.0653105 -4.91924 -4.398819 0.5326199 0.6946853 -0.05888813 20.0097 0.9964409 0 0.0
0.09499298 0.03963564 -5.449086 -4.777092 0.02930115 0.03885421 -0.0279574 15.14694 0.9383898 1 0.9995933
-0.06152072 -0.001630915 -6.046146 -1.790231 1.005033 1.919108 -0.07952728 20.44621 1.312654 0 0.0
0.004475514 0.06118317 -5.576057 -4.695709 0.07032232 0.1027838 -0.001289282 16.87431 1.068161 1 0.99965
0.0539446 -0.01185156 -5.489846 -4.797959 0.02615657 0.03484681 0.003128593 14.76017 1.24861 1 0.9998319
-0.01778191 0.02156527 -5.495657 -5.932508 0.2707602 0.3377507 0.009919149 18.79155 0.8125267 0 0.0
-0.05311707 -0.06771991 -5.600603 -1.42382 0.6965894 1.123608 -0.1483234 20.23471 nan 0 0.0
-0.04082204 0.03803224 -6.601637 -9.270602 1.472915 1.951806 0.3061249 20.62152 1.408772 0 0.0
0.04571745 0.08538686 2.850327 -4.552122 2.241767 3.191938 0.4477803 20.87285 1.381571 0 0.0
-0.01178382 -0.01682983 -4.669058 -5.298034 0.1864284 0.3009542 -0.136111 18.24809 0.7727509 0 0.0
0.07711204 0.01690984 -5.936848 -3.896795 0.8052387 1.145793 0.1735465 20.22449 nan 0 0.0
0.08784374 -0.06463959 -1.779878 -8.396006 1.905441 2.665773 0.1874009 20.91521 0.6279774 0 0.0
-0.01305166 -0.02545169 -7.744984 -5.029423 2.047978 1.754144 0.3768383 20.2826 0.7442017 0 0.0
-0.04034432 0.03028156 -4.369288 -4.586354 0.5475709 0.752017 0.2162114 19.81185 0.9692802 0 0.0
-0.03298723 0.0001412731 -5.407119 -4.580491 0.04213278 0.05976023 -0.06939675 15.86964 1.152262 1 0.999302
0.02697857 -0.1714439 1.858336 -3.282841 0.0629172 0.08347594 0.0354937 16.48245 0.8613768 1 0.0
0.000405973 -0.01025806 -5.28929 -7.469711 1.197843 1.413817 0.08048131 19.32303 nan 0 0.0
-0.006810942 0.01891579 -5.374468 -6.10239 0.1584169 0.2092204 -0.01577122 18.18607 0.8698654 0 0.0
-0.0004838462 -0.1274607 -6.74871 -6.423853 0.598767 0.7878583 0.1245398 19.92441 2.190512 0 0.0
-0.05203742 -0.01783648 0.01279779 -1.103744 0.3107964 0.447312 -0.009570491 19.13172 0.1085987 0 0.0
0.1132298 -0.01169731 -4.413807 -8.454815 0.2163015 0.2764967 0.08013208 18.69254 0.9276619 0 0.0
0.08357416 -0.0258364 -4.508262 -7.420701 1.921355 2.985242 0.02047561 20.9266 0.7594719 0 0.0
0.05466151 0.03187863 -4.779849 -4.519733 0.4192069 0.5318045 0.1054871 19.60191 0.7353115 0 0.0
-0.05212711 -0.04798048 -5.340665 -4.815162 0.3569426 0.5268091 -0.02407226 19.36075 0.7983398 1 0.9949484
8.498558e-05 0.04516949 -6.06029 -4.137089 0.7934403 0.8232726 0.1044716 20.09511 0.8188801 0 0.0
-0.03171631 0.0293712 -4.528092 -4.213546 1.719532 2.12474 0.3148602 20.64171 0.6946411 0 0.0
0.05198839 0.0356458 -5.111421 -5.895936 0.2000132 0.2564438 0.03035932 18.61985 0.740469 0 0.0
-0.02731866 0.007312323 -5.955776 -3.580019 0.338436 0.5148082 -0.1719523 18.15709 0.8651428 0 0.0
0.05339555 0.1067717 0.6093687 -4.419876 1.265236 1.505462 0.2893495 20.66156 0.9578056 0 0.0
0.06417832 -0.05962902 -4.179307 -7.159103 1.115896 1.733522 0.2422555 20.71369 0.9926662 0 0.0
0.05851942 -0.05806591 -5.145881 -3.410909 0.7656879 1.076804 0.2413135 20.31524 0.8058662 0 0.0
0.08503206 -0.03384476 -5.095044 -4.970299 0.9822414 1.336193 0.2579196 20.55746 1.025568 0 0.0
0.00138029 -0.02994956 -1.398755 -24.26098 1.428557 2.870943 0.226216 20.18497 0.8766289 0 0.0
-0.005523331 0.0130186 -5.291485 -5.688406 0.2223083 0.3007294 -0.1241755 18.1865 0.8942337 0 0.0
0.1158157 -0.04800296 -4.244171 -5.642643 1.893568 3.691088 0.2425538 20.84089 1.885698 0 0.0
0.09242637 0.04178178 -5.6581 -4.618518 0.2458139 0.315263 0.02633134 18.93244 0.8210392 1 0.9963377
0.03571718 0.03363811 -5.423208 -4.421069 0.2163076 0.2791126 0.02526019 18.72501 0.6891556 0 0.0
-0.01410668 0.0307611 -4.700105 -6.255924 0.5007553 0.5733025 0.2025378 19.4252 0.7478809 0 0.0
-0.01845768 -0.02951405 -3.643541 -3.979306 2.062926 2.503066 0.4156091 20.56335 0.5077324 0 0.0
0.02965972 0.02097383 -5.096297 -4.820038 0.4731789 0.7441813 -0.1167171 19.51209 0.7418041 0 0.0
0.1724288 -0.02726698 -8.844265 -11.8811 0.3589858 0.4234328 0.2143566 19.31672 1.79435 1 0.0
0.0003346084 -0.009601931 -4.816338 -7.902707 0.4651695 0.599645 0.09146964 18.24713 nan 0 0.0
0.005390273 -0.06345078 -4.467532 -6.034933 0.724879 0.9169982 0.123772 20.04903 0.6857662 0 0.0
-0.009965746 0.0156951 -5.46817 -2.256738 0.7051403 0.6715067 0.4139235 19.45788 0.6962204 0 0.0
-0.02899059 -0.06770186 -4.375414 -5.206203 0.5986483 0.7773831 0.1064489 20.01074 0.7813988 0 0.0
-0.005591618 -0.05218985 -5.394623 -4.70974 0.6402439 0.7357363 0.2331158 19.90021 0.659132 0 0.0
0.001625237 0.07833439 -5.221341 -4.988124 0.3351196 0.4170079 0.1985324 19.1067 0.7455635 1 0.9932057
0.09055204 -0.05772203 -6.108752 -5.118247 0.8345959 1.145446 0.2549969 20.4227 0.7860699 0 0.0
0.08186499 -0.01094554 -5.743358 -4.31035 1.092524 1.407254 0.2527269 20.61528 0.8444557 0 0.0
