scripts/get_globular_clusters/output/NGC_6218_M_12.csv
# %ECSV 0.9
# ---
# datatype:
# - {name: x, unit: deg, datatype: float64}
# - {name: y, unit: deg, datatype: float64}
# - {name: pmx, unit: mas / yr, datatype: float64}
# - {name: pmy, unit: mas / yr, datatype: float64}
# - {name: pmx_e, unit: mas / yr, datatype: float64}
# - {name: pmy_e, unit: mas / yr, datatype: float64}
# - {name: pm_corr, datatype: float64}
# - {name: g_mag, unit: mag, datatype: float64}
# - {name: bp_rp, unit: mag, datatype: float64}
# - {name: filter, datatype: int64}
# - {name: memberprob, datatype: float64}
# meta: !!omap
# - comments: [deg deg mas/yr mas/yr mas/yr mas/yr dimless mag   mag   zeroone float]
# - __serialized_columns__:
#     bp_rp:
#       __class__: astropy.units.quantity.Quantity
#       unit: &id001 !astropy.units.Unit {unit: mag}
#       value: !astropy.table.SerializedColumn {name: bp_rp}
#     g_mag:
#       __class__: astropy.units.quantity.Quantity
#       unit: *id001
#       value: !astropy.table.SerializedColumn {name: g_mag}
#     pm_corr:
#       __class__: astropy.units.quantity.Quantity
#       unit: !astropy.units.Unit {unit: ''}
#       value: !astropy.table.SerializedColumn {name: pm_corr}
#     pmx:
#       __class__: astropy.units.quantity.Quantity
#       unit: !astropy.units.Unit {unit: mas / yr}
#       value: !astropy.table.SerializedColumn {name: pmx}
#     pmx_e:
#       __class__: astropy.units.quantity.Quantity
#       unit: !astropy.units.Unit {unit: mas / yr}
#       value: !astropy.table.SerializedColumn {name: pmx_e}
#     pmy:
#       __class__: astropy.units.quantity.Quantity
#       unit: !astropy.units.Unit {unit: mas / yr}
#       value: !astropy.table.SerializedColumn {name: pmy}
#     pmy_e:
#       __class__: astropy.units.quantity.Quantity
#       unit: !astropy.units.Unit {unit: mas / yr}
#       value: !astropy.table.SerializedColumn {name: pmy_e}
#     x:
#       __class__: astropy.units.quantity.Quantity
#       unit: &id002 !astropy.units.Unit {unit: deg}
#       value: !astropy.table.SerializedColumn {name: x}
#     y:
#       __class__: astropy.units.quantity.Quantity
#       unit: *id002
#       value: !astropy.table.SerializedColumn {name: y}
# schema: astropy-2.0
x y pmx pmy pmx_e pmy_e pm_corr g_mag bp_rp filter memberprob
[from data line 1167]
0.06772831 -0.06129344 0.0180644 -9.329559 1.873722 1.252913 0.6254768 20.50342 1.120111 0 0.0
-0.06974882 0.02991158 -2.434606 -7.517354 1.219314 0.8719876 0.5659038 20.07328 0.9270935 0 0.0
0.0741643 -0.04492855 0.7122049 -6.312353 0.6860941 0.4457855 0.3653983 19.26353 0.9152851 1 0.9953843
-0.04989332 0.03985422 2.58499 -5.26845 2.533054 1.67474 0.8285708 20.35041 nan 0 0.0
-0.1029782 0.01587144 -1.192509 -1.841522 0.8547906 0.624292 0.4683801 19.63549 1.172716 0 0.0
0.009567651 0.03343778 -0.3689954 -6.664555 0.4466334 0.3020333 0.368809 18.58974 0.6492958 0 0.0
-0.05135598 -0.005401716 -0.6827819 -7.26006 0.1495319 0.1016155 0.4146295 16.8999 1.16341 1 0.9786256
-0.00659734 -0.04070358 1.325841 -7.579503 0.5968442 0.4247052 0.57922 18.40706 1.152971 0 0.0
-0.2203071 0.09713571 -5.392408 0.2330329 0.4035879 0.326428 0.3783226 18.76551 0.9195271 1 0.0
0.02138579 -0.03062242 -2.708351 -8.436233 1.271232 0.9832146 0.6581123 19.80287 nan 0 0.0
0.02736406 -0.00714936 1.132929 -6.62075 0.7348682 0.6657747 0.2625418 19.26269 nan 0 0.0
0.06824881 -0.01252662 5.135879 -4.26911 1.69609 1.208958 0.3163217 20.52058 0.7100296 0 0.0
0.07987197 0.04672715 -4.35855 -7.358636 2.287022 1.298668 0.2586721 20.60971 1.034367 0 0.0
-0.03194378 0.04484977 1.490446 -5.948956 0.8602727 0.5503516 0.5869309 19.33136 0.8631516 0 0.0
-0.0505632 0.001906195 -1.976737 -9.26347 1.240905 0.8710723 0.5346772 20.18276 1.111448 0 0.0
0.1149999 0.1447708 0.4091302 -6.310999 0.3480924 0.2307955 0.3826396 18.16423 0.9653244 1 0.9789155
-0.07433622 -0.03618348 1.542512 -6.318797 0.8965356 0.5757786 0.4101938 19.51059 0.8218384 0 0.0
0.01992221 0.00182184 0.07476693 -6.523403 0.06737839 0.04576892 0.4742948 14.69063 0.4448566 1 0.9995298
0.04660934 -0.01039716 4.794517 -4.653873 1.608324 1.328495 0.476114 20.21576 0.7334404 0 0.0
0.01861157 0.08141179 -0.3083729 -6.528237 0.7193255 0.4763223 0.2007522 19.29152 1.01582 1 0.9969405
0.155966 -0.0102533 0.7352971 -7.003595 1.523529 0.9324238 0.4158941 20.35711 1.076286 0 0.0
0.009674169 -0.007557219 -3.584229 -7.783409 1.184477 0.7096606 0.5596032 18.44805 nan 0 0.0
-0.05939332 0.01275145 -0.8333551 -7.072606 0.9728462 0.6619974 0.6764207 19.43529 0.9966087 0 0.0
-0.01841616 -0.00581171 0.07154742 -6.639408 0.2847377 0.1982927 0.6062988 17.46626 0.9529305 0 0.0
-0.04350377 0.05299674 -5.863814 -10.12307 3.327772 2.374695 0.8256302 20.70489 0.6643791 0 0.0
0.1428995 -0.1528979 -2.154056 -4.062196 0.5876856 0.4020687 0.3525025 19.29436 1.180435 1 0.0
-0.03783043 0.04490686 -3.145846 -6.102325 2.054073 1.332746 0.629034 20.39495 nan 0 0.0
-0.005163885 -0.0386732 -3.670683 -8.448407 0.5070558 0.3797885 0.5193491 18.91509 0.8467903 0 0.0
0.2079485 0.08183846 2.679641 1.301041 0.8889306 0.6268854 0.07656566 19.60917 1.80126 0 0.0
0.06781947 -0.06938823 2.696328 -6.008958 1.175749 0.7582168 0.4806788 19.88778 1.141178 1 0.9538703
-0.008366227 -0.05380266 0.4565926 -7.106395 1.574946 1.011285 0.4175279 20.04206 1.098495 0 0.0
-0.06227378 -0.03592526 0.2341039 -6.61139 0.3116538 0.2130225 0.4177462 18.07672 0.9005985 1 0.9991684
-0.002983195 -0.03619746 -0.2922776 -6.896681 0.08698682 0.0689001 0.5540772 15.62579 1.213621 1 0.9998362
-0.02230697 0.1575945 -2.290697 -0.206707 2.449126 1.610785 0.4062441 20.71694 1.406324 1 0.0006124766
0.00830127 -0.08833542 0.5390662 -6.897822 1.246737 0.8728808 0.4953546 20.19374 1.15638 0 0.0
-0.007177333 0.07980208 -4.862925 2.838389 1.391919 0.8646029 0.3850623 20.21126 1.65373 0 0.0
-0.06139109 0.01283566 -0.02240418 -6.268954 0.2340561 0.1631908 0.4561984 17.76326 0.9242554 1 0.9967559
0.01075705 0.01458304 2.45836 -8.084697 1.67242 1.30083 0.03826412 19.51992 1.213865 0 0.0
-0.1624506 0.1505215 2.186019 -0.08169665 1.154789 0.8834483 0.4129144 20.07678 1.606504 1 0.0
-0.1582459 0.03116135 -2.336 4.359804 3.209434 2.290725 0.4790654 20.93307 1.400345 0 0.0
0.05929734 -0.007215508 -1.357594 -7.785851 2.110096 1.32023 0.540029 20.4931 nan 0 0.0
-0.02817684 0.03875228 1.142583 -5.301977 1.423831 0.9788151 0.6145011 19.40451 1.073322 0 0.0
-0.03040158 -0.06116599 -0.6651604 -6.975924 0.5062948 0.3698604 0.4148742 18.82286 0.9813366 0 0.0
0.000280222 -0.06745996 -0.4548594 -7.115297 0.8963837 0.6683852 0.4641545 19.75418 0.8837719 0 0.0
0.03509687 0.04673881 -0.2972609 -8.279611 3.617116 2.180172 -0.4250534 20.5293 0.6978531 0 0.0
-0.08797271 0.02747338 -2.169749 -7.638241 0.790545 0.5864036 0.5099891 19.53644 nan 0 0.0
0.02144773 0.04350251 -0.1707525 -7.377268 0.4453911 0.293437 0.4726048 18.65584 0.8531094 0 0.0
-0.05012056 -0.01126082 0.1848007 -6.558465 0.1518929 0.1049203 0.5287354 16.63982 1.158691 0 0.0
0.003467218 -0.1217683 -3.425858 -1.277885 0.4497714 0.3257589 0.4168907 18.57184 1.052872 0 0.0
-0.1272819 -0.04912038 1.248604 -5.295406 0.945773 0.7277685 0.5120062 19.79285 1.002247 0 0.0
0.02143219 0.02034492 0.7438624 -6.743264 0.3956512 0.2547776 0.3456782 18.36451 0.8680878 0 0.0
-0.1163875 0.0820938 -1.109817 -6.084811 1.660077 1.27753 0.5210742 20.5598 1.347738 0 0.0
-0.00696373 0.05641299 -1.386354 -5.536275 1.27852 0.7806083 0.4360706 19.94741 0.9409351 0 0.0
0.07084524 0.08334946 -0.2017146 -6.836404 0.3289839 0.2194348 0.4419595 18.18558 0.9279842 1 0.9990663
0.07263114 0.1217321 -1.006458 -6.51637 0.8547987 0.7271276 -0.1232144 19.31648 0.9382515 1 0.9790251
0.2141923 -0.1067549 7.360314 -7.790344 0.8968541 0.6094474 0.1865341 19.76386 2.502707 1 0.0
0.0109396 -0.0544023 0.03543385 -7.157064 0.4306666 0.3037464 0.5474089 18.72088 0.8731937 0 0.0
-0.1356084 0.1499484 -0.3418687 -6.671323 0.3916986 0.30446 0.5726175 18.49963 0.9776688 1 0.9920794
-0.04360782 -0.05134642 -0.2356216 -6.87157 0.395504 0.2336404 0.4109293 17.89788 0.9115181 1 0.9993766
0.0675328 0.005881349 -0.5749088 -7.478102 1.009079 0.6285274 0.2108544 19.6373 0.7909908 0 0.0
-0.03493484 0.1453823 -0.5384793 -6.575449 0.6192979 0.4319113 0.3439779 19.18031 1.007357 1 0.9909139
0.03925881 -0.01422634 0.8877907 -6.443395 0.6869376 0.5238552 0.467444 19.16841 nan 0 0.0
-0.207454 -0.003109514 4.146155 -8.089526 4.133556 2.938997 0.4225416 20.98109 1.545446 0 0.0
0.03390742 0.05110488 -1.9919 -6.058706 1.423491 0.9633461 0.3078973 20.04626 0.8624744 0 0.0
0.02124948 0.04320389 -0.9023762 -5.739282 0.6329017 0.3802778 0.08163885 18.83712 nan 0 0.0
0.07751249 0.145506 0.5345478 -2.095326 0.9328841 0.6590907 0.3509411 19.67431 1.274046 1 0.0
0.08247961 0.04311236 -0.2838499 -7.431299 1.482921 0.9130282 0.4082207 20.24926 0.9618454 1 0.9879727
0.01276966 -0.03852948 -0.2147292 -6.088488 0.7343604 0.535435 0.4490815 19.37075 0.8415432 0 0.0
-0.006429795 0.01132102 0.3817708 -6.612178 0.9829555 0.7224664 0.8480016 18.56054 nan 0 0.0
0.04388009 0.007967578 -1.80069 -5.890616 1.78864 1.335383 -0.1854048 19.7933 0.4595852 0 0.0
0.1166695 0.02333472 0.6719221 -21.41099 1.450589 0.90947 0.3355328 20.32746 1.938457 0 0.0
-0.06980975 0.02814085 3.076107 -5.010797 3.769252 2.413569 0.7100077 20.86827 -0.3334942 0 0.0
-0.004874653 0.1426392 2.710505 -4.760658 1.956175 1.289628 0.3517204 20.59559 1.028057 0 0.0
-0.0207488 -0.05323247 -2.224848 -8.01021 1.915562 1.206789 0.6447181 19.66431 nan 0 0.0
0.05097104 -0.00245795 -2.58167 -7.756719 2.335941 1.705168 0.2461724 20.52767 0.6252365 0 0.0
-0.003562694 -0.02991513 -0.02772096 -6.534083 0.2257544 0.1563243 0.5627063 17.55525 0.9729576 0 0.0
0.005602273 -0.05887429 -0.7870991 -7.726924 0.8234877 0.5893244 0.5149175 19.66969 0.896677 0 0.0
0.131859 -0.1605695 -0.5322059 -6.680339 0.1800446 0.1244221 0.3412943 17.38038 1.115311 1 0.9863646
-0.03080018 0.05463103 -3.700405 -10.18486 3.543869 2.255126 0.7114073 20.62901 1.09815 0 0.0
0.0405375 -0.106881 0.1309873 -6.685188 0.4076502 0.2888418 0.5073522 18.65703 0.9501286 1 0.9983042
0.1885053 -0.04376659 -0.1793834 -4.727643 0.9388782 0.6050188 0.2882693 19.76595 1.069853 1 0.1808796
0.07536206 0.1454578 -0.6921862 -7.325452 0.7971144 0.5798071 0.3312499 19.4181 1.027945 1 0.9805187
-0.03528217 -0.02424245 1.785586 -5.496459 2.006782 1.348301 0.2366915 20.22182 nan 0 0.0
-0.07371376 0.02704193 -0.689815 -7.741504 1.572053 1.115621 0.671812 20.29308 1.036873 0 0.0
-0.04414425 0.05168614 -4.060136 -9.672809 2.050367 1.347883 0.8176104 20.14087 nan 0 0.0
0.1005503 0.02755481 -1.804208 -6.383198 1.498986 0.9706538 0.3868701 20.40437 1.191338 0 0.0
-0.01721198 0.04977332 0.2945695 -6.411436 0.3971414 0.2778882 0.4020486 18.54062 0.89258 0 0.0
0.04459823 0.06148251 -0.7744066 -4.798235 2.17121 1.369178 0.01434674 20.52302 0.7069874 0 0.0
-0.001854745 -0.01524583 0.2470715 -6.591401 0.3244064 0.2315706 0.6858154 17.95344 1.055792 0 0.0
-0.06524995 0.02833975 -0.06440889 -6.388458 0.2677623 0.1857279 0.5021286 17.95796 0.9152508 0 0.0
0.02588707 0.1451358 2.802267 -0.8580126 0.1429902 0.09829954 0.3705645 16.72189 0.9923325 1 0.0
0.004489478 0.09752944 -10.56391 -3.544021 4.864803 3.300746 -0.2770107 20.96429 0.4921074 0 0.0
0.1603972 0.08343987 -0.4922544 -7.325577 1.247429 0.8861187 0.1115789 20.01777 1.001556 0 0.0
-0.2079947 -0.06893026 0.1592207 -7.065935 0.6321121 0.4869422 0.5217286 19.23818 0.9972095 1 0.9726422
0.06600978 0.05708549 -1.069983 -5.727957 2.240832 1.282489 0.2328908 20.61974 0.9304028 0 0.0
-0.03357317 -0.0747733 -1.964795 -8.234154 0.79975 0.5490063 0.4144597 19.56876 0.7402954 0 0.0
-0.1993737 0.1496854 -2.20988 -1.574347 0.7655803 0.6328907 0.335157 19.66233 2.597939 0 0.0
-0.02737024 0.1461208 -0.4882894 -7.562722 1.013692 0.6907934 0.3815812 19.89059 1.055042 0 0.0
0.1069979 -0.02435348 0.9023766 -7.728569 0.7419886 0.4963125 0.3097801 19.272 1.106636 1 0.9283074
-0.2368156 -0.06949339 1.221709 -2.981808 2.463676 1.957875 0.3539848 20.66879 1.413671 0 0.0
0.05751255 -0.02320582 1.509165 -5.641176 1.846502 1.191935 0.4476296 20.53939 0.8861046 0 0.0
-0.009205345 0.01817733 -0.7342053 -7.682402 1.120091 0.7938607 0.4421188 18.81607 0.6354809 0 0.0
-0.06233657 0.01230919 0.6294587 -6.379442 0.3087821 0.219423 0.4429157 17.73805 0.9446316 0 0.0
-0.1206941 -0.04968197 -0.6566355 -6.988076 0.5573197 0.4111008 0.462823 18.97676 0.9423161 1 0.9948546
0.0276395 0.05111441 -1.061169 -7.889446 0.5594542 0.3851242 0.4644526 18.66055 0.9129505 0 0.0
-0.01585376 -0.04896413 -3.357981 -8.444974 1.005153 0.7029682 0.563105 19.8611 1.014854 0 0.0
-0.00999856 0.05401687 -0.233296 -6.171072 0.3999473 0.2878517 0.4633844 18.6039 0.9170189 0 0.0
0.0455715 -0.04144483 0.4242851 -8.031224 1.345984 0.9389915 0.5040945 20.10836 1.012192 0 0.0
-0.02340236 -0.04302748 -9.04152 -13.42366 2.17259 1.276509 0.4708973 19.7503 nan 0 0.0
0.2153035 0.1171929 -0.2780467 -6.672081 0.2806452 0.1822615 0.3140831 17.84714 0.9590111 0 0.0
0.009827188 0.08328798 -1.448571 -6.940187 0.6638084 0.4486863 0.1327732 19.06672 0.9890175 1 0.9884682
0.05158007 -0.03377639 1.331254 -7.080521 0.8950068 0.6731991 0.4001095 19.49344 1.082567 0 0.0
-0.01519832 -0.01803886 -1.091349 -8.869119 1.187813 0.9146124 0.2408235 19.00233 nan 0 0.0
0.0302772 0.0161299 0.0007257746 -7.527852 0.6268477 0.4376292 0.2491787 18.89852 0.8570919 0 0.0
-0.0057281 -0.0446469 -0.2759476 -6.971452 0.2800232 0.1898016 0.5596494 17.90494 0.865654 0 0.0
-0.1035994 -0.04923165 -0.8755608 -7.372998 1.227897 0.8970016 0.4938241 20.07418 0.9756851 0 0.0
-0.01678336 -0.1090187 -1.344928 -6.87834 0.4889529 0.3516996 0.5186383 18.82911 0.898838 1 0.968542
0.1311594 -0.1386224 0.7781928 -4.724436 1.470059 0.9304778 0.3428822 20.49369 1.558817 0 0.0
-0.03256827 0.004162436 -0.6005692 -7.446633 0.8422128 0.5898606 0.5875603 19.16898 0.998806 0 0.0
0.08760549 0.0781651 -2.832703 -9.339904 1.612293 1.126195 0.3510723 19.84243 1.055099 0 0.0
-0.05475571 -0.0359939 1.891934 -5.88682 1.041459 0.6536076 0.04281842 19.65795 0.6772537 0 0.0
-0.1173443 0.02402453 5.089507 -5.178975 1.758229 1.271232 0.5355491 20.50118 1.006193 0 0.0
-0.04180854 -0.04500468 0.6963735 -6.925374 0.5808075 0.3556541 0.0113365 18.77872 0.9038658 1 0.997525
0.03552329 0.01822025 0.5402014 -6.526401 0.3683082 0.2545853 0.4676282 18.27595 0.9010506 0 0.0
-0.006063663 -0.02462892 -2.07598 -8.029085 0.7938636 0.4998204 0.6588983 18.86888 0.8740196 0 0.0
-0.08972349 -0.02875034 0.8443199 -3.342887 2.651787 2.125705 -0.05467326 20.76497 1.520693 0 0.0
-0.08806318 0.007465169 0.2770916 -6.014122 0.7811782 0.5791218 0.401664 19.4458 1.313902 0 0.0
-0.01611373 0.02651978 0.7092685 -6.442609 0.4071453 0.2584242 0.548494 18.31935 nan 0 0.0
-0.01214817 -0.0443352 -1.056084 -6.599501 1.155099 0.8583153 0.2732556 19.86667 nan 0 0.0
0.1416789 -0.1613814 -0.7101419 -7.821349 1.180646 0.7432543 0.4266584 20.07368 1.832422 0 0.0
-0.05817118 -0.04863342 0.5895706 -5.659066 1.770431 1.175045 0.1588702 20.46073 1.057774 0 0.0
0.03398224 -0.02077415 0.006502141 -7.226918 0.3059143 0.2099547 0.4880329 17.967 0.9135246 0 0.0
-0.1073496 -0.06702159 0.6622199 -7.150404 0.9780276 0.7252288 0.4513856 19.896 1.022963 1 0.9838467
-0.04153728 0.08738221 0.5202654 -7.032086 0.6204418 0.4363743 0.4497232 19.14867 1.039955 1 0.9944428
-0.05137266 0.04191733 3.323669 -5.729643 3.229545 2.24488 0.859016 20.60088 nan 0 0.0
-0.1259551 -0.05016658 0.1396538 -7.153491 0.9029488 0.6682594 0.4890424 19.73866 0.9365273 0 0.0
0.0513732 0.1928364 -3.227838 -8.497756 0.547044 0.4225728 0.1012387 19.02236 1.274956 1 1.803648e-06
-0.04775777 0.0219444 -0.4340733 -6.382248 0.5025194 0.3526661 0.5540066 18.92479 1.057632 0 0.0
0.03642229 -0.01669939 -0.01073305 -5.422432 1.840865 1.310674 0.6979827 20.0188 1.020172 0 0.0
0.02214808 -0.0451867 0.4782641 -6.157269 0.9845304 0.6911495 0.5954534 19.73467 0.8947544 0 0.0
0.00267477 0.193426 -0.01516038 -9.091397 1.669109 1.023921 0.3912633 20.25303 1.142378 0 0.0
0.06747111 -0.01147707 -0.3469691 -6.670945 1.646934 1.049816 0.4839017 20.35319 1.010799 0 0.0
-0.005133448 -0.01836006 -0.6248159 -7.252534 0.1219924 0.08573582 0.5870754 15.29681 1.24955 0 0.0
-0.02454654 -0.01145468 1.006345 -7.764493 1.303736 0.7860258 0.1904596 19.14275 nan 0 0.0
0.04043324 -0.006193564 1.473436 -4.239567 1.375433 1.274933 0.389189 20.01289 -0.1683216 0 0.0
0.03300711 0.02324235 1.009549 -3.782204 0.6502169 0.4039461 0.2084568 18.9549 nan 0 0.0
0.1002424 -0.0217344 -0.284133 -7.081361 0.4535627 0.303303 0.4452223 18.67941 0.9224968 1 0.9980054
-0.02925907 0.007053799 -0.7869627 -7.165642 0.7709898 0.6063294 0.4975188 18.24963 0.853756 0 0.0
-0.01269742 -0.008878793 -1.063356 -6.694272 0.6122209 0.3796244 0.269527 18.28832 nan 0 0.0
-0.09656678 -0.09323003 -0.3240765 -6.77388 0.09664308 0.06763719 0.409389 16.07346 1.216334 1 0.9994245
-0.01471056 0.008906859 -0.5133794 -6.709851 0.4455008 0.2563184 0.5185426 17.69194 0.9669876 0 0.0
-0.05581197 0.08767493 -0.3967459 -6.450907 0.5541819 0.3821455 0.5132279 19.09842 0.95084 1 0.9958948
0.0513392 0.069597 2.581867 -4.667628 2.604294 1.527198 0.2083496 20.79252 1.234404 0 0.0
-0.02319008 0.04495517 0.5792315 -6.452064 1.028558 0.6556385 0.6894696 19.56775 0.9066181 0 0.0
0.002491462 -0.01141647 0.8716042 -8.126735 1.080059 0.6665204 0.6748908 18.28351 nan 0 0.0
0.05434725 0.192275 0.1156681 -7.439194 0.563097 0.4351242 0.09181836 19.06515 1.061518 1 0.9669733
0.02237771 0.02117484 1.563148 -11.9525 1.494204 1.093538 0.1292385 18.9481 0.8404579 0 0.0
-0.2181109 0.09641776 -6.139413 -2.713385 0.4062722 0.3318463 0.3585258 18.76681 1.534519 1 0.0
-0.00347142 0.07992321 2.016853 -7.628992 1.736034 1.122428 0.5010072 20.33701 1.224134 0 0.0
-0.07511372 -0.04128377 2.009136 -7.222407 1.850818 1.332721 0.3203524 20.61411 1.119181 0 0.0
0.1098695 0.04713864 -0.5892773 -6.804204 0.5188492 0.3442704 0.4186482 18.87139 0.8876553 1 0.996572
0.01356242 -0.06515022 -0.02195103 -6.749624 0.4257243 0.3029493 0.5599316 18.72637 0.8657455 1 0.9992724
-0.06085727 0.01103299 -2.490637 -7.437258 0.7347484 0.5476751 0.341525 19.43756 0.8986015 0 0.0
0.1164556 0.0174061 -0.6831241 -5.144428 3.446591 2.889943 0.1564631 20.95153 0.8166828 0 0.0
0.07123556 -0.06395791 -0.04274176 -6.768534 0.37078 0.2504804 0.5128117 18.46833 0.8651314 1 0.9991079
