scripts/get_globular_clusters/output/NGC_6218_M_12.csv
# %ECSV 0.9
# ---
# datatype:
# - {name: x, unit: deg, datatype: float64}
# - {name: y, unit: deg, datatype: float64}
# - {name: pmx, unit: mas / yr, datatype: float64}
# - {name: pmy, unit: mas / yr, datatype: float64}
# - {name: pmx_e, unit: mas / yr, datatype: float64}
# - {name: pmy_e, unit: mas / yr, datatype: float64}
# - {name: pm_corr, datatype: float64}
# - {name: g_mag, unit: mag, datatype: float64}
# - {name: bp_rp, unit: mag, datatype: float64}
# - {name: filter, datatype: int64}
# - {name: memberprob, datatype: float64}
# meta: !!omap
# - comments: [deg deg mas/yr mas/yr mas/yr mas/yr dimless mag   mag   zeroone float]
# - __serialized_columns__:
#     bp_rp:
#       __class__: astropy.units.quantity.Quantity
#       unit: &id001 !astropy.units.Unit {unit: mag}
#       value: !astropy.table.SerializedColumn {name: bp_rp}
#     g_mag:
#       __class__: astropy.units.quantity.Quantity
#       unit: *id001
#       value: !astropy.table.SerializedColumn {name: g_mag}
#     pm_corr:
#       __class__: astropy.units.quantity.Quantity
#       unit: !astropy.units.Unit {unit: ''}
#       value: !astropy.table.SerializedColumn {name: pm_corr}
#     pmx:
#       __class__: astropy.units.quantity.Quantity
#       unit: !astropy.units.Unit {unit: mas / yr}
#       value: !astropy.table.SerializedColumn {name: pmx}
#     pmx_e:
#       __class__: astropy.units.quantity.Quantity
#       unit: !astropy.units.Unit {unit: mas / yr}
#       value: !astropy.table.SerializedColumn {name: pmx_e}
#     pmy:
#       __class__: astropy.units.quantity.Quantity
#       unit: !astropy.units.Unit {unit: mas / yr}
#       value: !astropy.table.SerializedColumn {name: pmy}
#     pmy_e:
#       __class__: astropy.units.quantity.Quantity
#       unit: !astropy.units.Unit {unit: mas / yr}
#       value: !astropy.table.SerializedColumn {name: pmy_e}
#     x:
#       __class__: astropy.units.quantity.Quantity
#       unit: &id002 !astropy.units.Unit {unit: deg}
#       value: !astropy.table.SerializedColumn {name: x}
#     y:
#       __class__: astropy.units.quantity.Quantity
#       unit: *id002
#       value: !astropy.table.SerializedColumn {name: y}
# schema: astropy-2.0
x y pmx pmy pmx_e pmy_e pm_corr g_mag bp_rp filter memberprob
[from data line 15965]
0.06624977 -0.04540672 1.079432 -7.211902 1.266939 0.8328388 0.5379881 20.02587 1.158587 0 0.0
0.03812984 -0.03524386 -0.5788114 -6.542712 1.040182 0.7048481 0.5752353 19.74903 0.9129791 0 0.0
-0.06286548 -0.1141425 0.5222953 -7.975703 1.36093 0.9794875 0.4365457 20.22876 1.154438 0 0.0
0.1292844 0.06364965 -16.93082 -0.2227278 0.2887552 0.1967305 0.3724354 18.03888 1.045788 1 0.0
-0.03037184 -0.01991029 1.479753 -10.79527 1.223203 0.9448485 -0.3922942 19.31266 0.7393188 0 0.0
0.002354265 0.02575012 -1.281041 -7.282882 0.3966239 0.2880653 0.4225766 18.43769 0.8284168 0 0.0
0.1431626 0.06679636 1.614375 -7.742403 1.04053 0.6529583 0.3405153 19.90769 1.107906 1 0.8003158
0.02025917 0.1273083 -6.037483 -4.959054 3.126491 1.848121 0.4638057 20.80372 1.34132 0 0.0
-0.1033627 0.0691899 -1.417082 -7.51765 1.449496 1.046305 0.5605642 20.33106 1.178354 1 0.9742281
0.01455394 -0.03054176 -0.6762441 -5.964781 2.823341 1.675085 0.6832562 20.58578 0.5773697 0 0.0
-0.141048 0.08480714 -3.644051 -6.303382 0.09939848 0.07815014 0.4297535 16.32332 1.096808 1 0.0
0.1438854 -0.04136298 -4.220823 1.400473 4.711683 2.894031 0.6936593 20.98415 0.8801479 0 0.0
-0.03383478 0.04206441 -0.386673 -6.935808 0.3573185 0.2507037 0.513987 18.24192 0.9397945 0 0.0
0.1529303 -0.02112002 -1.755127 -7.713332 1.034485 0.7046905 0.252266 19.77395 0.9514732 1 0.9327344
-0.05362873 0.01065892 -1.351971 -7.082467 0.7201219 0.5335452 0.5311489 19.35557 1.051706 1 0.9945014
-0.07728005 -0.02215912 3.174195 -10.68331 4.407934 3.122263 -0.7260531 20.60774 nan 0 0.0
-0.1327054 0.07787021 -0.7739171 -6.854809 1.005976 0.7830062 0.4087439 19.92167 1.019638 1 0.9782509
0.1185241 -0.05950143 4.807181 -1.300242 0.8986068 0.5048145 0.2997011 19.28722 1.337217 1 0.0
-0.01876656 -0.03684022 0.8349862 -7.904274 1.169984 0.6829961 -0.5227253 18.79838 nan 0 0.0
-0.02170971 -0.03922146 -0.1712017 -6.697752 0.2582802 0.1814817 0.4868517 17.75736 0.912468 0 0.0
0.007707376 0.09142592 4.431064 -7.192866 3.002354 2.313426 0.1526667 20.87256 1.672504 0 0.0
0.03443972 -0.02126017 1.21051 -15.24687 2.730905 2.973473 -0.2726717 20.65658 1.176237 0 0.0
0.0458483 0.04372769 0.3179543 -6.943044 0.243528 0.166354 0.2825114 17.52784 0.9851818 0 0.0
0.08317874 -0.005683368 0.5745483 -7.242124 1.654056 1.109777 0.2957593 20.50695 1.126429 0 0.0
-0.002129253 -0.006353417 -0.5011783 -6.714684 1.03883 0.8208277 0.6337671 18.31628 nan 0 0.0
-0.03080037 0.06541278 0.2703933 -6.689296 0.4455293 0.3096528 0.5107684 18.65294 0.9714127 1 0.9988607
-0.02669665 -0.01949943 0.730949 -6.965029 0.4399629 0.3072887 0.06299045 18.35106 0.8126755 0 0.0
0.01641417 -0.05316996 -0.03043302 -6.602219 0.7168325 0.5127666 0.5105922 19.34852 0.887228 0 0.0
-0.09825069 0.01617177 -0.6128771 -6.837408 0.3745965 0.2810237 0.5838484 18.40784 0.9400349 1 0.9980082
0.05972184 -0.07614136 0.3925138 -5.896749 0.4258398 0.3077851 0.530837 18.65723 0.9065094 1 0.9782979
0.08527555 0.1496408 -0.1025521 -6.607127 0.09930507 0.0668497 0.3170304 15.61024 0.2529449 1 0.9986269
0.1827069 0.06474584 -22.97542 -16.25997 0.4803309 0.3189697 0.3530272 18.74336 1.877501 1 0.0
0.0358887 -0.00930387 -0.6501406 -6.939634 0.2354304 0.1747435 0.4515468 17.68748 0.9888687 1 0.9991104
0.01037594 0.03810291 1.991188 -4.870427 1.01162 0.6529425 0.3427137 19.50237 0.9486923 0 0.0
0.02178279 0.008111895 -1.140403 -9.257385 0.7518512 0.5400306 0.592469 18.11733 nan 0 0.0
-0.01768415 -0.00683261 -0.2039155 -7.286665 0.2831394 0.1924716 0.530478 17.34276 0.8813725 0 0.0
-0.02035238 -0.04838983 -2.993075 -7.161022 1.4036 1.226834 0.2185285 19.85342 nan 0 0.0
0.005343473 0.0807641 -0.0657818 -6.813932 0.264235 0.1812112 0.4231371 17.56424 1.063166 1 0.9995476
-0.02389139 0.03062668 0.3380072 -6.472379 0.3595724 0.2447704 0.5192828 18.33421 0.8391781 0 0.0
-0.006033403 0.04230637 -0.5351172 -6.93168 1.301521 1.005012 0.5411079 19.81388 nan 0 0.0
-0.08002412 -0.04042533 -3.064217 -9.345227 1.488089 0.9665153 0.4678931 20.20639 0.8656788 0 0.0
-0.03275052 -0.03422296 0.5587399 -6.960604 1.941048 1.01172 0.07158113 20.20708 0.8362236 0 0.0
0.0173299 0.01952051 -0.2768419 -7.057808 0.2934681 0.201111 0.4758023 17.68703 0.8878174 0 0.0
-0.02829695 -0.07314052 -0.2680422 -6.736431 0.4144483 0.2931129 0.4984264 18.73619 0.9070091 1 0.9991011
-0.01760793 -0.004492651 -0.1711251 -6.202492 0.1765575 0.1268 0.5606392 17.19301 0.9639015 0 0.0
-0.001763287 0.02374919 2.77797 -3.774139 0.5507944 0.3788901 0.5420319 18.2258 0.9315262 0 0.0
0.003574088 -0.06387129 -1.857242 -7.935267 0.5438849 0.3982234 0.4540523 18.99987 0.678524 0 0.0
0.003193027 0.02665194 -1.437341 -7.670873 2.008536 1.17574 0.4347511 19.61171 nan 0 0.0
-0.04414273 -0.007007857 -1.113632 -7.316849 1.076368 0.809377 0.23446 19.50192 1.047209 0 0.0
-0.1002208 0.06572921 -0.9712188 -6.987731 1.050497 0.7620213 0.4589321 19.92829 1.125977 1 0.9867876
0.01543903 0.03604723 2.535405 -4.882119 0.455517 0.3058885 0.4829099 18.02118 0.8777008 0 0.0
-0.0055756 -0.04576687 2.500582 -6.479689 0.8083107 0.5284771 0.05885016 19.35073 nan 0 0.0
0.006700689 0.0560568 0.2107251 -6.679098 0.6700987 0.4445369 0.2580861 19.245 0.8785515 0 0.0
0.05002622 0.0203256 -4.716935 -10.79983 0.6660147 0.476597 0.497651 18.17333 nan 0 0.0
0.02856954 0.03663178 3.107815 -8.191828 2.087964 0.9112015 -0.432959 19.54915 1.041245 0 0.0
0.02579399 0.0368737 -0.2761316 -6.87744 0.1260035 0.08403103 0.4085638 16.34143 0.779007 0 0.0
-0.02067262 -0.04806534 -0.3713401 -7.345959 1.59355 1.070878 0.6640137 20.19672 nan 0 0.0
-0.03374272 0.01407145 -0.6613415 -6.984037 0.2615612 0.1899316 0.5159187 17.95184 0.949234 0 0.0
-0.03322365 -0.0147847 -8.117932 8.558197 2.333817 1.621244 -0.6216038 19.73293 nan 0 0.0
0.05810399 -0.1154655 0.5501983 -6.519449 0.8927702 0.6325427 0.5356987 19.70869 1.04977 1 0.99083
0.02817152 -0.05296293 -0.2105781 -5.369442 2.579069 1.652885 0.6538929 19.90079 nan 0 0.0
0.04543652 0.04282266 -12.24889 -7.251256 3.660988 2.504943 -0.1644205 20.30779 nan 0 0.0
0.05996768 -0.02551833 -2.221769 -5.959309 1.93992 1.21701 0.4508718 20.58895 0.7781849 0 0.0
-0.01841519 -0.09273765 -1.246956 -7.802837 0.8224671 0.5868722 0.4290461 19.62504 1.089993 0 0.0
-0.0007720244 0.02212926 -4.338333 -8.853927 0.945512 0.7173576 0.4412868 18.98027 nan 0 0.0
0.003284528 0.02647658 -0.2657037 -6.398995 0.5119462 0.3431032 0.4932692 18.18662 0.9434357 0 0.0
0.03938117 0.0009057314 -0.113976 -6.381731 0.2671098 0.1929629 0.3914391 17.51209 0.8173313 0 0.0
-0.1634342 0.06596721 0.491363 -6.938436 0.541627 0.4521713 0.4562792 19.07073 1.017851 1 0.9814549
-0.06863651 0.05378436 -0.8285737 -9.06601 3.081806 2.003276 0.7674553 20.68999 1.068956 0 0.0
-0.005911089 -0.04602329 1.10761 -7.070766 0.453622 0.3143395 0.5011894 18.77181 0.8780861 0 0.0
0.03154295 0.01530304 -0.1262292 -6.821316 0.5546415 0.3716847 0.3025103 18.73314 nan 0 0.0
-0.03148487 -0.03036401 -1.500888 -6.435515 2.675924 1.426847 0.41078 19.79256 nan 0 0.0
0.03479072 -0.008983293 3.040767 -6.650209 2.020763 1.856118 0.4779436 20.57782 1.201534 0 0.0
0.09253553 0.1573149 -3.294251 -10.78677 0.7496027 0.5197676 0.1329871 19.30809 1.099545 0 0.0
-0.009144632 0.07239477 -0.9883248 -8.426152 0.3006531 0.201281 0.3912332 18.03154 1.16758 1 7.802379e-06
0.02757591 -0.1046708 0.6403483 -5.802299 1.148971 0.793668 0.4461895 20.13395 1.033945 0 0.0
0.002537132 -0.06264963 -0.4598514 -6.320101 1.237774 0.8624354 0.473337 20.13011 0.9972267 0 0.0
0.01624774 0.08419463 -5.261761 -3.765955 4.520642 2.473206 0.3344505 20.77813 1.135267 0 0.0
0.07335782 -0.005411591 0.5232473 -7.077737 1.151704 0.7523384 0.2608954 19.97518 nan 0 0.0
0.05813697 -0.04662593 2.702008 -2.208074 2.612466 2.004245 0.6528019 20.85462 nan 0 0.0
0.004305915 -0.1173406 -0.739709 -8.980401 0.5114019 0.3711536 0.4443252 18.96855 1.028679 1 0.0003699018
-0.001275276 0.01692399 0.2432824 -5.92017 0.2365504 0.1599515 0.4985441 17.62877 1.00268 0 0.0
0.009475781 -0.03204555 -0.4567838 -8.125773 1.186501 1.007245 0.8452381 18.81898 0.9106464 0 0.0
0.04929468 0.03659148 2.814502 -9.190664 2.483735 1.749416 -0.4375011 20.43803 0.7214737 0 0.0
0.005815703 -0.0761601 0.2023143 -6.161997 0.6067992 0.4348651 0.4155128 19.21147 1.001423 1 0.9964545
-0.06437811 -0.03881533 -0.206263 -6.710421 0.09458424 0.06334648 0.4870705 15.5876 0.2039299 1 0.9998278
-0.01721096 -0.04988933 -1.605576 -6.831246 1.625424 1.072614 0.500113 20.29419 nan 0 0.0
-0.04530178 -0.004723957 -3.203593 -8.059075 1.482964 1.188956 0.1642489 20.1271 1.346857 0 0.0
-0.04202335 0.007271801 -0.6168259 -7.553595 1.099783 0.8626116 0.625064 19.84464 0.8639851 0 0.0
0.01104663 -0.01243396 0.3028185 -6.892702 0.3136834 0.1924795 0.7160826 17.60509 0.9573917 0 0.0
0.04668482 -0.03773221 -2.082485 -7.61058 1.167267 0.7555644 0.695034 19.61185 0.96134 0 0.0
0.02466474 -0.01265977 2.623176 -3.163531 1.518729 1.110107 0.2835353 19.24578 nan 0 0.0
0.1938339 -0.1165321 -2.903875 -6.189796 0.9252442 0.5910073 0.2868121 19.71849 1.009392 1 0.106959
-0.02719957 -0.03867306 8.3087 -12.03353 3.961583 1.965731 0.0714637 20.40756 1.082848 0 0.0
0.003177502 -0.1159099 0.4501451 -6.549463 0.5773773 0.4132654 0.4737978 19.11023 0.9768066 1 0.995865
-0.1565737 0.09062795 -0.384772 -5.142611 1.496894 1.106693 0.4783799 20.37194 0.7946835 0 0.0
0.006212474 0.001033138 -3.040676 -6.610192 0.8554796 0.6583168 0.1164862 18.26616 nan 0 0.0
-0.04879308 -0.03673997 -7.152695 -2.075457 4.259529 2.546886 -0.04247713 20.93325 0.5590458 0 0.0
0.02210268 -0.01902026 -2.500676 -5.854223 0.6129961 0.4238705 -0.1195103 18.41069 nan 0 0.0
-0.07895824 -0.006946068 -0.6307651 -7.865918 0.5431335 0.3948351 0.4378201 19.02459 0.934166 0 0.0
0.0446587 0.04056224 -1.888612 -8.266049 2.280897 1.354271 0.4563495 20.34191 nan 0 0.0
0.01542328 -0.018867 -0.6497934 -9.23148 1.462466 1.293027 0.2422903 19.96203 nan 0 0.0
-0.06032215 -0.02682809 -0.4104152 -5.854314 1.1348 0.7417111 0.435747 19.76921 1.039665 0 0.0
0.01418847 0.03207745 0.7040759 -6.429473 0.3331668 0.2310849 0.5018819 18.04979 0.884079 0 0.0
-0.04531705 -0.004262856 -3.504454 -6.76703 1.84694 1.487607 -0.2848027 20.30642 1.416306 0 0.0
-0.001138049 0.05361588 0.01846059 -6.733983 0.353147 0.2349608 0.4325256 18.3534 0.9133091 0 0.0
-0.01946835 -0.01069728 -0.1894715 -7.090143 1.942154 1.140219 -0.6686336 19.27143 nan 0 0.0
0.07076055 -0.1157676 2.259328 -6.601214 1.44744 0.9412235 0.4654094 20.42017 1.283754 0 0.0
-0.0007414995 -0.03340808 0.6891563 -6.725032 0.3067795 0.2228912 0.5587797 18.17793 0.7190495 0 0.0
-0.01083669 -0.0465538 1.386189 -6.97608 0.536889 0.4073063 0.2291215 18.93065 0.8801899 0 0.0
-0.1494866 0.1448544 -1.901738 -2.067572 0.3638627 0.2881961 0.5196762 18.51785 1.796732 1 0.0
-0.1042165 0.06632263 -1.808632 -7.30522 1.802584 1.284299 0.535717 20.59704 1.190865 0 0.0
0.000417482 -0.004396833 -0.0134045 -6.093024 0.3991791 0.2668846 0.6729586 16.38681 1.129664 0 0.0
0.02076139 0.03669889 1.36151 -6.116446 0.6315648 0.4064089 0.3079834 18.93812 1.096102 0 0.0
-0.1980907 -0.1273947 0.3629526 -26.57051 0.4093292 0.3163372 0.4581064 18.5432 1.216621 1 0.0
0.02433013 0.0493746 1.733437 -5.420466 0.9740152 0.6438889 0.3920862 19.16983 nan 0 0.0
0.1285568 -0.07736829 1.503912 -7.134066 1.059725 0.7565301 0.1533711 19.82424 1.14784 1 0.9571325
-0.01339858 -0.05053755 -0.03691929 -7.617062 1.594917 1.084337 0.3591126 20.34547 0.4338818 0 0.0
-0.005271065 0.1017986 -1.668105 -7.626827 1.753074 1.100205 0.4154091 20.52832 1.123148 0 0.0
-0.008457754 -0.04788058 -0.04043796 -6.240297 0.865631 0.7530441 0.4866715 19.48234 nan 0 0.0
0.02460442 0.03405394 -0.903111 -6.37895 0.3780451 0.244175 0.4019921 18.30415 0.9244823 0 0.0
0.04404919 0.06045172 -3.227482 -5.930123 3.212404 2.270609 0.08883722 20.92198 -0.6735649 0 0.0
0.008636816 -0.07636706 0.9839644 -6.206234 0.9962836 0.6629706 0.6711808 18.97476 0.923975 0 0.0
0.09270726 -0.0534292 2.378045 -6.153821 1.453897 0.8949753 0.4884194 20.28403 0.8361073 0 0.0
0.06124172 -0.205407 0.494581 -6.606906 0.3601241 0.2508725 0.442432 18.57488 0.9903736 1 0.9812103
-0.07963985 -0.1023165 0.4376858 -5.905199 1.666257 1.195287 0.2569104 20.48584 0.9659824 0 0.0
-0.03801219 -0.01071881 0.2789409 -5.835774 0.5392546 0.3410026 0.4562127 18.67447 nan 0 0.0
-0.02965707 0.09403886 0.1234729 -6.828403 0.3174169 0.2131761 0.4084448 18.16964 0.9355183 1 0.9989642
0.03181621 -0.04997906 -0.2120782 -6.745003 0.5685149 0.3938777 0.4854006 19.0439 0.9361973 0 0.0
0.0276532 -0.04321637 -1.223429 -7.819066 2.067261 1.271261 0.8052651 20.1251 nan 0 0.0
-0.02657551 0.03530871 -0.01921326 -6.666627 0.3333643 0.2431393 0.4897345 17.90731 0.9468365 0 0.0
-0.01298778 0.07232739 1.0246 -6.292623 0.6190774 0.4155543 0.3184708 19.13186 0.9367428 1 0.9933308
0.0248334 0.04948057 -0.5329782 -6.610465 0.2336861 0.1526974 0.1920204 17.26679 0.9255829 0 0.0
0.07578341 0.01372163 -1.706277 -5.850664 2.743363 1.595616 0.5355277 20.77601 0.6274014 0 0.0
0.05511842 -0.02087305 -0.8930216 -6.203218 0.8867662 0.6194575 0.2736025 19.51823 1.143593 0 0.0
-0.0361823 -0.006276318 0.1697888 -5.800351 0.4061481 0.3029976 0.4927451 18.52103 0.9164619 0 0.0
0.1045408 0.2008312 1.582119 -3.471819 0.05635184 0.0375323 0.2580192 14.27806 1.489769 1 0.0
0.08940867 0.1502699 -0.4490722 -6.81466 0.2694708 0.1768058 0.1782024 17.66879 1.035393 1 0.9968436
-0.07938483 -0.01563549 -0.3914434 -0.2792484 0.3797496 0.2682954 0.4847245 18.58745 1.033669 0 0.0
-0.03294948 0.001839517 -0.1077508 -7.314238 0.2926779 0.2007473 0.5625512 17.87116 0.8995342 0 0.0
-0.008793244 -0.04778677 -0.2728871 -6.393196 0.6805437 0.4705021 0.4972513 18.61467 0.9059772 0 0.0
0.01745173 0.003109447 -0.6828978 -8.05389 0.5032777 0.3526765 0.6540188 18.02094 0.9157791 0 0.0
0.01167231 0.05193869 -1.367775 -8.698186 1.08799 0.7110386 0.2642945 19.91666 0.9439545 0 0.0
0.03581285 0.009148061 -4.606974 -11.57912 0.8112413 0.5675576 0.4045863 18.78752 1.054106 0 0.0
0.195535 0.08686998 -9.560163 1.466191 1.076907 0.7333821 0.1225224 19.65385 1.198925 0 0.0
-0.04389906 0.005726801 -1.665365 -6.994641 0.8940362 0.7177614 0.3947317 19.55357 nan 0 0.0
-0.0357858 -0.006383479 1.729641 -8.247156 1.003882 0.9747569 0.1755676 19.69257 nan 0 0.0
-0.03653317 -0.0004344745 -0.7980343 -7.851677 0.6244237 0.4486845 0.762836 18.74322 nan 0 0.0
-0.0031968 0.02172228 -3.437007 -4.031153 1.385776 0.7647742 0.7774697 18.39504 nan 0 0.0
0.05586685 0.01493727 1.050463 -8.066036 1.151007 0.8016321 0.1289829 19.7931 0.8769989 0 0.0
-0.0342762 0.0007875874 -1.126712 -5.942562 1.639588 1.405849 -0.6455606 19.3224 nan 0 0.0
-0.009159232 -0.04781955 2.189784 -5.627964 0.6912972 0.5704573 0.3009621 19.14175 nan 0 0.0
-0.03470291 -0.01331965 -0.6598629 -6.491136 1.506821 1.468367 -0.3481604 19.84015 0.8140736 0 0.0
-0.1445828 0.04420252 -0.5450498 -5.752456 2.242267 1.701371 0.3848803 20.64372 0.9156418 0 0.0
-0.02099294 -0.04219477 -1.041697 -5.301179 0.4003823 0.265696 0.4170828 15.96817 0.2115383 0 0.0
-0.05303358 -0.002039232 0.3516822 -6.759765 0.319459 0.2213512 0.4154508 18.24432 0.8464813 0 0.0
0.03027598 -0.05121047 -0.1310847 -6.682596 0.2834974 0.19959 0.5502015 18.06583 0.8872089 1 0.9996249
0.05600524 0.0499625 0.2421029 -1.336956 2.370247 1.410091 0.3788555 20.77834 1.463034 0 0.0
0.039044 -0.06979215 0.8436252 -6.098137 1.297388 0.9139102 0.5735782 20.26725 0.5661564 0 0.0
-0.007634774 0.06170445 -0.1751355 -6.615713 0.4350239 0.2896026 0.4287257 18.64157 0.9352322 1 0.9991873
-0.1376341 -0.07450227 0.1360744 -6.347788 0.4579451 0.3499212 0.4156985 18.70219 1.016727 1 0.9927504
-0.1071293 0.06587064 -2.696821 -1.484529 0.4195263 0.2978897 0.5280018 18.63298 1.286201 1 0.0
-0.003913362 -0.06178179 0.8803 -6.219428 0.9540061 0.6801394 0.5244378 19.92086 0.9824924 0 0.0
0.02954477 -0.008265196 -0.04270203 -6.888596 0.1207368 0.08092013 0.479795 16.39614 0.5327148 0 0.0
-0.05029002 0.04649631 -0.5719175 -6.960228 0.4126206 0.2965284 0.5481874 18.66432 0.9043617 0 0.0
