scripts/get_globular_clusters/output/NGC_6218_M_12.csv
# %ECSV 0.9
# ---
# datatype:
# - {name: x, unit: deg, datatype: float64}
# - {name: y, unit: deg, datatype: float64}
# - {name: pmx, unit: mas / yr, datatype: float64}
# - {name: pmy, unit: mas / yr, datatype: float64}
# - {name: pmx_e, unit: mas / yr, datatype: float64}
# - {name: pmy_e, unit: mas / yr, datatype: float64}
# - {name: pm_corr, datatype: float64}
# - {name: g_mag, unit: mag, datatype: float64}
# - {name: bp_rp, unit: mag, datatype: float64}
# - {name: filter, datatype: int64}
# - {name: memberprob, datatype: float64}
# meta: !!omap
# - comments: [deg deg mas/yr mas/yr mas/yr mas/yr dimless mag   mag   zeroone float]
# - __serialized_columns__:
#     bp_rp:
#       __class__: astropy.units.quantity.Quantity
#       unit: &id001 !astropy.units.Unit {unit: mag}
#       value: !astropy.table.SerializedColumn {name: bp_rp}
#     g_mag:
#       __class__: astropy.units.quantity.Quantity
#       unit: *id001
#       value: !astropy.table.SerializedColumn {name: g_mag}
#     pm_corr:
#       __class__: astropy.units.quantity.Quantity
#       unit: !astropy.units.Unit {unit: ''}
#       value: !astropy.table.SerializedColumn {name: pm_corr}
#     pmx:
#       __class__: astropy.units.quantity.Quantity
#       unit: !astropy.units.Unit {unit: mas / yr}
#       value: !astropy.table.SerializedColumn {name: pmx}
#     pmx_e:
#       __class__: astropy.units.quantity.Quantity
#       unit: !astropy.units.Unit {unit: mas / yr}
#       value: !astropy.table.SerializedColumn {name: pmx_e}
#     pmy:
#       __class__: astropy.units.quantity.Quantity
#       unit: !astropy.units.Unit {unit: mas / yr}
#       value: !astropy.table.SerializedColumn {name: pmy}
#     pmy_e:
#       __class__: astropy.units.quantity.Quantity
#       unit: !astropy.units.Unit {unit: mas / yr}
#       value: !astropy.table.SerializedColumn {name: pmy_e}
#     x:
#       __class__: astropy.units.quantity.Quantity
#       unit: &id002 !astropy.units.Unit {unit: deg}
#       value: !astropy.table.SerializedColumn {name: x}
#     y:
#       __class__: astropy.units.quantity.Quantity
#       unit: *id002
#       value: !astropy.table.SerializedColumn {name: y}
# schema: astropy-2.0
x y pmx pmy pmx_e pmy_e pm_corr g_mag bp_rp filter memberprob
[from data line 18291]
-0.06204596 -0.01110469 0.2276855 -7.495286 1.218574 0.8679565 0.5177592 20.20073 1.140923 0 0.0
-0.04752752 -0.03111624 -1.135632 -6.886628 1.279534 0.9680175 0.2547631 20.10573 1.010551 0 0.0
0.02571672 -0.02948474 -4.197593 -9.69557 0.7868997 0.5798657 0.4800666 19.00035 nan 0 0.0
0.01119909 -0.01804765 -0.513515 -6.73169 0.06461888 0.04542709 0.5002069 11.78052 1.744827 1 0.9993955
0.01318186 0.01934007 -0.8474538 -6.753616 0.9343039 0.6602216 -0.1300548 19.17502 nan 0 0.0
-0.05715616 0.1542863 0.252761 -7.842832 0.6110878 0.4665653 0.2399432 19.17576 1.093552 1 0.907095
0.01623177 0.0072794 -1.040237 -5.20612 0.6709551 0.384947 0.06880354 18.32666 nan 0 0.0
-0.004523517 0.004028277 -4.225084 -5.668037 1.062987 0.8196352 0.4270223 17.97547 nan 0 0.0
-0.04984618 -0.007342994 1.39874 -1.772837 3.399776 2.991052 -0.2174551 20.79108 0.4724903 0 0.0
-0.02695502 -0.07269728 3.917098 -6.943593 4.153129 3.44104 0.04546051 20.92999 0.5839081 0 0.0
0.0526481 -0.01637736 -0.2958236 -6.847834 0.2339738 0.1662924 0.4934624 17.59248 0.97332 1 0.9996998
0.02942202 -0.05097799 -0.1174139 -6.828525 0.1180549 0.08290412 0.5263014 16.51252 1.168475 1 0.999848
-0.0404679 0.009330703 0.1289275 -7.255393 0.7196778 0.5778326 0.6725622 19.1628 0.9263706 0 0.0
0.02269772 0.00237887 -0.27276 -6.591512 0.05143532 0.03448104 0.5685534 13.87574 1.189136 1 0.9997972
-0.01612777 -0.09739585 0.7130763 -6.645703 0.9931376 0.6930925 0.3984217 19.88214 1.137186 0 0.0
0.03000301 0.03347116 3.368843 -7.077411 1.563565 1.087877 0.1190883 20.16411 0.4817142 0 0.0
-0.04148973 0.01252775 -3.101468 -8.910505 0.6142614 0.4322781 0.6205148 18.96401 nan 0 0.0
-0.05184074 -0.1076385 0.455603 -6.793168 1.370975 0.9480443 0.3310113 20.25785 0.8830948 0 0.0
-0.03099783 0.02124873 -0.4690872 -6.973887 0.3462556 0.2410544 0.539186 18.24249 0.8646278 0 0.0
0.04478039 0.02871426 2.058333 -5.856641 2.326572 1.706958 0.09399688 20.46794 1.159658 0 0.0
0.01333472 0.06618704 0.08812791 -7.383129 1.57001 1.050973 0.3951245 20.19535 0.9677906 0 0.0
0.02480251 0.02280857 0.1051393 -6.713083 0.07716723 0.0509895 0.4085264 14.8764 0.4021082 1 0.9997334
-0.004355764 0.003063159 -2.863158 -11.26474 0.5404704 0.4566862 0.3986903 18.3024 nan 0 0.0
0.00692879 -0.1015013 -1.567338 -7.346699 0.3884055 0.2769907 0.5085699 18.55812 0.9412613 1 0.8426055
0.1466939 0.169554 -9.807652 -3.744521 0.342745 0.2273665 0.2873324 18.1901 1.099997 1 0.0
0.0817451 -0.00884139 1.494206 -5.511552 2.65353 1.423469 0.2839227 20.62453 0.7955017 0 0.0
-0.02871109 0.06789166 0.5067554 -6.016592 2.111255 1.331179 0.4732115 20.5046 0.9771366 0 0.0
0.1397449 0.04650867 0.5996352 -0.5986615 0.8231159 0.5533715 0.3345537 18.9208 1.199799 0 0.0
0.0009054411 -0.07472767 2.611882 -5.070547 0.1394249 0.09877934 0.5188258 16.69905 1.021057 1 0.0
-0.0252037 0.08480702 -0.4725665 -6.378383 1.892926 1.187305 0.5590651 20.41909 1.041372 0 0.0
-0.01898073 0.0230684 -0.8028721 -7.684058 0.8204836 0.5822823 0.5744527 19.3175 0.9910736 0 0.0
-0.04611178 0.06017069 2.005608 -4.850338 1.659963 1.091975 0.6810524 20.18825 1.001818 0 0.0
0.00238473 0.000724992 -0.5373399 -6.983237 0.2141474 0.1381034 0.5409947 16.57628 nan 0 0.0
-0.1675517 -0.08782136 0.8585156 2.170826 0.2079014 0.1532982 0.5122051 17.35065 1.191986 1 0.0
-0.0504253 -0.01992484 -3.360169 -3.516759 1.165025 0.7728982 0.4685433 19.80739 0.853056 0 0.0
0.193993 -0.06114518 0.4049677 -7.086876 0.362653 0.2442531 0.3240649 18.50437 0.9482746 1 0.9626455
0.007294468 -0.1659507 -5.911643 -6.907134 1.282486 0.9438125 0.4612242 20.30708 1.404144 1 0.001181087
-0.0669257 -0.0164383 0.4258426 -6.721357 0.8188979 0.5881084 0.4055971 19.58408 0.9870396 0 0.0
0.08891684 0.07418905 -17.83401 -20.85864 0.955484 0.6408213 0.3590251 19.72025 1.135555 0 0.0
-0.01722682 0.009185189 1.024666 -5.859354 0.3787794 0.2591865 0.7020457 17.1859 1.058391 0 0.0
0.1194779 0.05816758 -0.7519048 -10.21539 0.4794948 0.3335938 0.3989284 18.81731 1.823896 1 0.0
0.06751767 0.008743684 0.4090317 -6.46765 1.689278 1.173376 0.2482176 20.50019 0.7534103 0 0.0
-0.05117493 0.05963529 0.4770846 -6.480786 0.3973748 0.2599487 0.6229985 18.39317 0.9379463 1 0.9983027
-0.1061068 0.05374093 -1.040179 -5.629053 2.553339 1.598559 0.5076965 20.76205 0.9909267 0 0.0
0.06176935 0.03472354 0.290346 -6.85517 0.726985 0.4793308 0.3042986 19.31711 0.7907505 0 0.0
-0.1716111 -0.05813033 2.650267 -3.345917 1.009113 0.767194 0.4708589 19.84874 1.214931 1 0.01341833
0.06576363 0.001512041 3.138238 -5.760231 4.392046 3.28358 0.5421662 20.98473 nan 0 0.0
0.035202 -0.03121321 -0.5472137 -6.818783 1.60026 1.063431 0.7613856 19.74317 0.8614426 0 0.0
-0.01644915 0.01713467 -1.948182 -6.970687 1.795069 1.05037 0.7196865 19.38612 nan 0 0.0
-0.02756873 0.1610223 -1.344795 -7.778479 0.9689951 0.6886717 0.2845672 19.72838 1.103624 0 0.0
-0.04505827 0.01328428 1.811335 -10.66103 1.535233 0.9151645 -0.1261431 19.70797 nan 0 0.0
0.03015388 -0.05682224 -0.2504455 -6.330692 0.3885236 0.2706964 0.5953523 18.44746 0.9405479 1 0.9974816
0.01601861 0.04325271 -0.2370644 -9.755684 1.267683 0.837151 -0.07836477 19.67443 0.8246498 0 0.0
-0.01289631 0.07603813 1.9457 -5.81219 1.862165 1.439911 0.5553117 20.42808 nan 0 0.0
-0.02976254 0.01958865 -0.9168846 -6.768803 0.546351 0.3936172 0.6383301 18.91381 0.8055573 0 0.0
0.02562668 0.06742107 -1.219891 -7.17508 1.000456 0.7333289 0.1984366 19.73534 0.7568684 0 0.0
0.06443727 0.01155488 0.06380892 -7.359743 1.239087 0.8830093 0.2826028 19.97456 1.028141 0 0.0
-0.01997139 -0.02761689 1.162184 -8.27524 1.158958 0.6848638 -0.6098917 18.93596 nan 0 0.0
-0.0201098 0.07079286 -1.05342 -6.131547 1.39841 0.8450714 0.5779696 19.85799 1.126106 0 0.0
-0.1661926 0.04523216 -0.5220077 -2.091293 0.0502912 0.0404182 0.3329172 14.79201 1.514471 1 0.0
-0.004675646 -0.1256154 -0.5500272 -7.042901 0.6806133 0.5037593 0.4457154 19.43363 0.9209671 1 0.9941484
0.05193227 0.01342618 2.164717 -8.578542 2.538855 1.981357 -0.6005816 20.15092 nan 0 0.0
0.06359903 0.02539117 2.620564 -6.365451 1.657993 1.222327 0.2790704 20.00167 nan 0 0.0
0.008835333 -0.0249725 -1.055755 -7.028978 0.2604729 0.1894395 0.5901821 17.64981 nan 0 0.0
-0.004263749 -0.1909483 -11.8716 -3.434752 1.029087 0.7345016 0.4503592 19.88133 2.389193 0 0.0
-0.07246016 -0.04419557 -18.2711 -10.91838 1.016262 0.6970138 0.3160418 19.86711 1.468657 0 0.0
0.01008572 -0.04009384 -2.411112 -10.42335 2.236481 1.994811 0.2493263 20.70075 0.7856789 0 0.0
-0.02971509 -0.07568494 0.395275 -6.476965 0.3432089 0.2456052 0.4999257 18.24632 0.8881092 1 0.9982666
-0.03479232 -0.1111674 -0.2420186 -6.743296 0.3568881 0.2593651 0.4625977 18.43917 0.9555664 1 0.9986758
0.03257584 -0.1883677 0.9187342 -0.5338397 2.264625 1.672005 0.5854584 20.83076 1.630346 0 0.0
-0.03429061 -0.04012253 -0.3546666 -8.291566 2.260018 1.537687 -0.2476794 20.58934 1.30971 0 0.0
0.03219906 0.0343119 0.4895037 -7.575047 1.909375 1.413474 0.134784 20.08198 1.004839 0 0.0
-0.1921766 -0.1080376 -1.873105 -4.485427 0.4967395 0.3856165 0.507476 18.88563 1.352013 1 0.0
0.01090977 0.04815356 0.9099344 -6.546591 0.6439876 0.448263 0.2069468 19.10935 0.9229546 0 0.0
0.02538143 -0.01660489 -0.100351 -8.091058 1.935445 1.749164 -0.2018437 20.09088 nan 0 0.0
-0.1757844 0.03899094 -2.934687 -10.6543 0.2414646 0.1947979 0.4137359 17.8452 1.030367 1 0.0
-0.01766946 0.04644535 3.010203 -5.987279 2.853174 1.782538 0.6823284 20.66179 1.097206 0 0.0
-0.0378017 0.1276214 9.494528 -11.08562 1.164599 0.8382817 0.3210776 19.88809 2.178308 0 0.0
0.03735109 -0.079727 0.07401702 -8.811388 4.036869 2.31014 0.5737428 20.92899 1.443022 0 0.0
0.02981998 0.03232878 0.3698872 -7.409433 1.10008 0.7141326 -0.05446568 19.54545 0.8715286 0 0.0
0.02230088 -0.02293033 -1.296802 -6.719324 0.5550855 0.3786926 0.3915237 18.69159 nan 0 0.0
-0.04438885 0.07485969 -1.256731 -5.418054 2.305752 1.596787 0.5465165 20.70896 0.9497986 0 0.0
0.008118503 -0.04366999 -1.594444 -7.506037 0.9546094 0.7083002 0.5758806 19.63526 0.7709808 0 0.0
0.05769698 0.01846378 -0.2450768 -4.483101 1.102595 0.5549824 0.3073288 19.19113 nan 0 0.0
-0.01676932 0.008969544 -3.194847 -9.29953 0.7131032 0.5157017 0.6558604 18.07088 nan 0 0.0
0.1582023 -0.06645578 1.18241 -6.390427 2.458822 1.586778 0.2465854 20.77785 1.825191 0 0.0
0.02544243 -0.01628648 -0.7161623 -7.300029 0.3984413 0.2892104 0.489404 18.55507 0.8733292 0 0.0
0.1891666 -0.1261212 -3.199626 -14.17835 0.5180005 0.3441457 0.2278469 19.03798 0.9849072 1 0.0
0.01771067 -0.02572001 0.174187 -6.766956 0.8678456 0.6566568 0.4910265 19.38759 0.9530907 0 0.0
0.05628997 -0.09865842 -0.6144295 -6.729804 0.5657001 0.3958141 0.5434747 19.04539 0.9523983 1 0.9959925
-0.0302347 -0.01395805 0.1801956 -6.321102 0.1652647 0.1224756 0.5361426 17.01128 1.142105 0 0.0
0.1156816 0.07416835 -0.5660914 -7.275183 0.877312 0.5750336 0.3206502 19.51804 1.011044 1 0.9877342
0.02493933 -0.006318314 -0.07655501 -7.095851 0.05913783 0.0373603 0.4300515 14.12777 1.366335 1 0.9995275
-0.02630038 -0.005163435 -0.1802319 -6.319751 0.2922404 0.2093341 0.4570215 16.46576 1.130584 0 0.0
0.1123803 -0.03479609 -1.68882 -0.1281494 1.969132 1.284469 0.4337745 20.59198 0.7776489 0 0.0
-0.0679802 0.03995885 -0.3736724 -6.659043 0.4777135 0.342628 0.5725435 18.84137 0.9573078 1 0.9986093
0.06225577 -0.008465524 -0.1758884 -6.796654 0.5968112 0.3788935 0.2850346 18.8196 nan 0 0.0
-0.04394428 -0.01453902 0.4778211 -8.368352 2.372459 1.369768 0.4512203 19.95086 nan 0 0.0
-0.0141771 0.04417064 0.02641528 -6.98507 0.2768719 0.190686 0.3868407 17.94518 0.8940487 1 0.9994759
-0.01033374 -0.001125405 -0.4141916 -6.314647 0.2175328 0.1513181 0.4888656 16.39826 1.143694 0 0.0
0.14891 -0.125663 -0.7369941 -0.8527703 1.775121 1.200743 0.3672228 20.63261 0.7614956 0 0.0
-0.02765799 0.01760003 -0.1503102 -7.322209 0.2474419 0.1784383 0.5448707 17.49487 1.040985 0 0.0
-0.004919844 -0.0545508 -1.10646 -7.101217 0.4698946 0.3338217 0.5029979 18.83605 0.8654556 0 0.0
-0.1113761 -0.0568669 -1.570707 -6.899713 0.7821288 0.5847154 0.480866 19.60068 1.038507 1 0.9681107
-0.005011417 -0.02942686 -0.2774361 -7.070694 0.5498512 0.3846474 0.5225967 18.74399 1.028967 0 0.0
-0.04255701 0.003640673 1.806818 -6.704039 1.250761 1.019331 0.4532683 20.03801 0.5721607 0 0.0
-0.08094179 0.0151922 1.659256 -5.452993 1.278553 0.9346159 0.6005551 20.16389 0.6871433 0 0.0
-0.01881446 0.1623917 8.410528 -2.387021 3.283885 2.765353 0.125509 20.92664 1.500395 0 0.0
0.1644942 -0.1255996 -6.524672 -1.232927 3.776291 1.978375 0.5122492 20.86383 1.168016 0 0.0
0.09186045 0.07865303 -0.3579967 -6.534782 0.3130985 0.2081078 0.4100955 18.11678 0.9014912 1 0.9973946
-0.06511497 0.08888243 -0.05732845 -6.643949 0.7369542 0.5084959 0.4534468 19.43893 1.053545 0 0.0
0.01531652 -0.01961456 0.7699128 -6.311207 0.6038585 0.4111822 0.6987094 18.67422 0.8768787 0 0.0
0.0258873 0.1611195 2.004356 -6.071984 1.954624 1.198814 0.3041767 20.50901 1.150515 1 0.9299338
-0.03349585 -0.126346 -0.218334 -6.224572 0.699468 0.5235263 0.4687867 19.42882 1.053448 1 0.9893964
-0.03145495 0.0001622705 3.357758 -5.53492 0.6726331 0.4783706 0.564164 18.40367 0.725626 0 0.0
0.07431913 0.007500283 0.8144134 -4.898185 3.572651 1.571494 0.2149029 20.86249 1.184444 0 0.0
0.2144729 -0.06080816 -2.081872 -5.817199 1.326105 0.8488254 0.3217121 20.24609 1.331968 1 0.582073
-0.02341872 0.03649811 0.361353 -6.595675 0.9379227 0.5690559 0.4941904 19.33043 0.8449059 0 0.0
-0.00264778 0.01291462 0.6185618 -6.343045 0.5592549 0.3854502 0.7397383 18.24167 nan 0 0.0
-0.006750181 0.04530317 1.603282 -5.478822 1.40459 0.9577375 0.5954438 19.83968 nan 0 0.0
0.02403951 -0.01187655 2.360452 -11.27416 1.803457 1.55262 0.01588762 19.5141 nan 0 0.0
0.08371228 -0.009888859 1.666854 -5.340666 1.902968 1.338649 0.2106963 20.62456 0.920248 0 0.0
-0.05120432 0.02236213 -1.055736 -8.766232 2.885699 2.001608 0.8240137 20.5385 0.9696693 0 0.0
0.01124468 -0.04110403 0.7594065 -6.835653 0.3589466 0.251167 0.5372276 18.427 0.9244423 0 0.0
-0.02774955 0.02090594 -0.4629339 -6.85603 0.0559563 0.04040641 0.4905694 14.07076 1.348472 0 0.0
-0.05324901 0.05991024 1.167993 -5.312667 1.418034 0.9235858 0.6884464 20.09802 0.9525108 0 0.0
0.04270673 0.0435089 -0.803359 -7.086261 0.6384693 0.5069488 0.2843135 18.86617 1.009787 0 0.0
-0.03204925 -0.02323137 1.73028 -7.271341 0.9801705 0.773803 -0.06850401 19.43245 0.9441624 0 0.0
0.006395929 0.1249352 -1.864609 -6.627301 1.476211 0.9537694 0.4038239 20.23355 1.009758 0 0.0
0.05896157 -0.01475274 -3.686698 -6.444657 2.355636 1.331125 0.5296239 20.55237 0.5140114 0 0.0
0.01229734 0.01894895 0.9407252 -5.668291 0.4769671 0.4092386 0.4692726 18.61084 0.9250546 0 0.0
0.02689117 -0.01612796 -0.7558212 -5.502047 1.078387 0.9210418 0.5052908 19.73306 0.9236488 0 0.0
-0.008397365 0.07520775 2.199609 -3.411981 1.392802 0.9190367 0.2903448 19.25628 1.00577 0 0.0
0.02875129 -0.03648989 0.4027836 -7.475364 0.7067042 0.4813658 0.4895506 19.3585 nan 0 0.0
0.02570144 -0.03152847 -4.123861 -8.135856 2.183811 1.429591 0.6030082 20.5545 nan 0 0.0
-0.005560432 -0.02146296 -0.5410768 -6.873555 1.524013 0.9879881 0.5416171 19.27721 nan 0 0.0
0.009323759 0.05414026 0.2127804 -6.319326 0.494623 0.3302273 0.412798 18.87831 nan 0 0.0
0.1890845 0.0918291 2.407811 -0.5411758 3.370406 1.641323 0.5601079 20.76625 0.9068069 0 0.0
0.03589073 0.0875478 0.1058695 -6.907259 0.2295363 0.1557996 0.4063634 17.532 1.095362 1 0.9990682
-0.02713948 0.0171089 6.244007 -2.330907 2.58194 1.952002 0.905342 19.92926 nan 0 0.0
0.01098603 0.04915098 -0.1154746 -6.553715 0.5085068 0.3376407 0.3848939 18.92749 0.8379154 0 0.0
-0.1017322 -0.1561667 -1.880589 -3.2631 0.2354123 0.1622929 0.3321381 17.63929 1.282911 1 0.0
0.007249275 -0.04429107 0.4873794 -6.717431 0.3145052 0.2205618 0.5427908 18.24857 0.8742123 1 0.9985202
-0.03972012 -0.01297632 1.469349 -7.185411 2.428102 1.58254 -0.35244 20.32414 1.048183 0 0.0
0.040707 -0.03638606 -0.1785866 -6.425268 0.241054 0.1664751 0.5239627 17.69991 0.8296661 0 0.0
0.2397104 -0.06116084 -2.286325 -2.469764 0.1581649 0.1056252 0.1798821 16.98781 1.007101 1 0.0
-0.1616866 0.1336731 -3.829707 -2.71028 1.756222 1.424371 0.6146961 20.43143 1.246342 1 1.581316e-05
-0.05820541 0.05986001 1.443258 -5.801879 1.212727 0.7971105 0.6793228 19.81072 1.024488 0 0.0
-0.02756617 -0.002132798 -0.2972763 -6.624099 0.06351407 0.04591397 0.4496857 11.31744 1.910712 1 0.9998035
0.06001458 0.006653156 1.400572 -5.925084 2.020504 1.438375 0.1385008 20.48747 0.6727066 0 0.0
0.01248034 0.01859192 -2.220345 -8.016087 0.8485915 0.5118891 0.4926075 19.0058 0.8197956 0 0.0
0.02100385 -0.08568146 -2.306533 -9.697801 2.090243 1.422392 0.3123674 20.53723 0.4748669 0 0.0
-0.007390826 0.07591633 -1.222191 -6.700402 0.4891543 0.3307461 0.4261424 18.87106 0.9151421 0 0.0
0.08543567 -0.006797611 -0.1176607 -6.438041 0.3610364 0.2485867 0.3302012 18.33555 0.9035473 1 0.9984921
-0.008641736 0.1497222 -4.393464 -4.785386 0.5150778 0.3623894 0.3836124 19.00768 0.9482498 1 0.0
0.0975589 -0.01416063 -7.725212 -8.952414 2.627573 1.504442 0.5089741 20.78749 0.734417 0 0.0
-0.03346708 -0.04278982 -0.1401707 -7.034792 1.05048 0.6599662 0.5500789 19.48918 nan 0 0.0
-0.00222078 0.01417263 -0.3355918 -7.252401 1.234885 0.7454073 0.5647602 19.19353 nan 0 0.0
-0.01693705 0.006917831 1.006423 -7.835476 0.9970847 0.6205279 0.5468663 18.98132 nan 0 0.0
0.03061248 0.003311795 -10.867 -16.51457 1.242574 0.7710163 0.6339068 18.45271 0.99436 0 0.0
0.084429 -0.01025892 -2.081053 -8.232759 1.376999 0.9280513 0.2365379 20.23207 0.9849892 0 0.0
0.01001001 0.05038004 0.4511864 -6.906645 0.9556949 0.5724631 0.3061303 19.44903 0.6996651 0 0.0
0.007631012 0.06622248 -2.088119 -2.832424 0.2635784 0.1782703 0.4292216 17.87234 1.179752 1 0.0
0.02425314 -0.002470348 0.1242241 -6.872023 0.4826064 0.3225776 0.6896385 17.44653 0.986887 0 0.0
0.00387939 0.0730136 -2.170098 -7.872844 2.138236 1.356078 0.5916413 20.54213 nan 0 0.0
