scripts/get_globular_clusters/output/NGC_6715_M_54.csv
# %ECSV 0.9
# ---
# datatype:
# - {name: x, unit: deg, datatype: float64}
# - {name: y, unit: deg, datatype: float64}
# - {name: pmx, unit: mas / yr, datatype: float64}
# - {name: pmy, unit: mas / yr, datatype: float64}
# - {name: pmx_e, unit: mas / yr, datatype: float64}
# - {name: pmy_e, unit: mas / yr, datatype: float64}
# - {name: pm_corr, datatype: float64}
# - {name: g_mag, unit: mag, datatype: float64}
# - {name: bp_rp, unit: mag, datatype: float64}
# - {name: filter, datatype: int64}
# - {name: memberprob, datatype: float64}
# meta: !!omap
# - comments: [deg deg mas/yr mas/yr mas/yr mas/yr dimless mag   mag   zeroone float]
# - __serialized_columns__:
#     bp_rp:
#       __class__: astropy.units.quantity.Quantity
#       unit: &id001 !astropy.units.Unit {unit: mag}
#       value: !astropy.table.SerializedColumn {name: bp_rp}
#     g_mag:
#       __class__: astropy.units.quantity.Quantity
#       unit: *id001
#       value: !astropy.table.SerializedColumn {name: g_mag}
#     pm_corr:
#       __class__: astropy.units.quantity.Quantity
#       unit: !astropy.units.Unit {unit: ''}
#       value: !astropy.table.SerializedColumn {name: pm_corr}
#     pmx:
#       __class__: astropy.units.quantity.Quantity
#       unit: !astropy.units.Unit {unit: mas / yr}
#       value: !astropy.table.SerializedColumn {name: pmx}
#     pmx_e:
#       __class__: astropy.units.quantity.Quantity
#       unit: !astropy.units.Unit {unit: mas / yr}
#       value: !astropy.table.SerializedColumn {name: pmx_e}
#     pmy:
#       __class__: astropy.units.quantity.Quantity
#       unit: !astropy.units.Unit {unit: mas / yr}
#       value: !astropy.table.SerializedColumn {name: pmy}
#     pmy_e:
#       __class__: astropy.units.quantity.Quantity
#       unit: !astropy.units.Unit {unit: mas / yr}
#       value: !astropy.table.SerializedColumn {name: pmy_e}
#     x:
#       __class__: astropy.units.quantity.Quantity
#       unit: &id002 !astropy.units.Unit {unit: deg}
#       value: !astropy.table.SerializedColumn {name: x}
#     y:
#       __class__: astropy.units.quantity.Quantity
#       unit: *id002
#       value: !astropy.table.SerializedColumn {name: y}
# schema: astropy-2.0
x y pmx pmy pmx_e pmy_e pm_corr g_mag bp_rp filter memberprob
[from data line 826]
0.04842754 0.01585319 -6.647561 -7.762637 2.651771 2.368281 0.5783864 20.39191 nan 0 0.0
-0.03189354 0.05423014 -0.08088226 -4.361597 0.2737312 0.2432588 0.3108037 17.68351 0.9932594 0 0.0
0.01528497 0.02519288 -3.877097 -1.839656 0.5856832 0.4917256 -0.1581346 18.65247 1.107662 0 0.0
-0.0006575976 0.07499874 -2.977265 -1.534246 0.2378935 0.2123119 0.2888739 17.56315 1.221375 1 0.9938574
-0.03616985 -0.05169405 -3.155969 -1.510304 1.274 1.069359 0.2321578 19.91063 0.6125584 0 0.0
0.02690006 -0.02093124 -2.883071 -1.382797 0.1061902 0.1004741 0.3010339 16.07392 1.414719 1 0.9986503
0.07983135 -0.05323451 -2.427388 -0.7197943 0.4494194 0.4204089 0.3121083 18.52838 0.2719841 0 0.0
-0.03174218 0.07431456 -2.895757 -1.558186 0.2162841 0.1937298 0.2268001 17.32454 1.484642 1 0.9944442
0.01924269 -0.04902848 -4.421691 -3.523456 2.642495 2.319468 0.2785073 20.43794 1.084215 0 0.0
0.04834842 0.01544315 -2.566946 -4.196588 1.145751 1.12802 0.5166765 19.93533 nan 0 0.0
0.05064383 -0.02184096 -4.024521 -5.753423 0.5401034 0.5165943 0.3889863 18.82506 0.9911537 1 0.0
-0.00441935 0.02832203 0.3654305 -10.12663 0.3694627 0.3394825 0.31621 18.03233 0.7975922 0 0.0
-0.01249143 -0.006932198 -1.134338 -0.8223166 0.281585 0.2503589 0.1701835 17.61759 nan 0 0.0
0.01442998 -0.0634491 -1.137141 -6.75148 0.8010936 0.7950622 0.4649133 19.38886 1.324934 0 0.0
-0.009575089 0.0216097 -2.981935 -1.660079 0.2765495 0.253936 0.3163015 17.68412 1.134558 0 0.0
-0.009627058 0.0150961 -1.947053 -1.250763 1.365658 1.303524 0.558351 19.55138 nan 0 0.0
-0.00762201 -0.06015434 -3.245707 -6.086731 0.1149539 0.1090794 0.3190669 16.25928 1.275538 1 0.0
-0.06904809 -0.06043222 -3.751812 -2.372651 0.6430383 0.5637737 0.4327202 19.13486 0.8795338 0 0.0
0.0381585 -0.01009935 -2.540951 -2.496207 0.7696036 0.736807 0.5132803 19.15311 0.8718491 0 0.0
-0.01839699 0.07078368 2.417495 -3.732703 2.05322 1.827551 0.5078621 20.16998 1.842653 0 0.0
0.01969927 -0.001175104 -2.997485 -1.152891 0.7268667 0.7364268 0.5183959 18.80578 nan 0 0.0
-0.01086362 0.01732756 -1.788324 4.112531 1.091172 1.043782 0.5495061 19.58221 nan 0 0.0
-0.01002162 0.01505791 -2.713597 -1.35562 0.110142 0.09410981 0.1888562 16.2517 1.325892 0 0.0
-0.005912878 -0.07092692 -2.049632 -0.1895399 0.2827001 0.2714585 0.3890206 17.9498 1.359173 1 0.140144
-0.03182496 -0.07492212 -7.954728 -4.270024 2.183436 1.92411 0.5291102 20.27068 nan 0 0.0
-0.07752534 -0.0432019 1.854573 0.2820169 0.7743827 0.6509796 0.4069494 19.35981 2.520662 1 3.740171e-05
-0.08640729 0.01188822 -4.274371 -2.644569 0.5062024 0.4605319 0.2493166 18.75392 1.012653 1 0.1756132
0.01204803 0.01596749 -1.483044 -9.567119 0.1909058 0.168649 0.1575147 17.20414 1.169085 0 0.0
0.03011319 -0.004265766 -1.930571 -1.301362 0.8790435 0.8723104 0.4560457 19.42652 0.7220097 0 0.0
-0.0115974 -0.005898304 -2.413278 -1.131215 0.2069676 0.1833861 0.1668492 17.10367 1.034231 0 0.0
0.0159915 0.002254988 -16.11857 -3.527455 2.633705 2.255909 -0.5082229 19.26974 nan 0 0.0
-0.001919758 0.01223553 -3.325265 -1.822522 0.1345669 0.1278329 0.2861617 16.47155 1.165112 0 0.0
0.01567042 -0.03168051 -2.788292 -1.542305 0.1940888 0.1829024 0.1969797 16.99315 1.157566 1 0.9973781
0.007363042 -0.02010382 -0.8359979 -0.1072516 0.4157015 0.4049306 0.3832613 18.0332 0.6884346 0 0.0
0.01414081 -0.06382671 -1.280334 -2.934028 1.671938 1.528607 0.4816708 20.07236 nan 0 0.0
-0.01432113 0.09587741 -1.012673 -11.14781 0.6955799 0.5728067 0.2672445 18.8316 0.9905052 0 0.0
-0.0329683 0.04192166 -3.095165 -0.7682948 0.4797217 0.4335474 0.3974695 18.65444 nan 0 0.0
-0.008230293 -0.01591154 -2.514488 -1.256307 0.1870715 0.165271 0.2483607 16.86181 1.187195 0 0.0
0.01180685 -0.02059827 -2.383715 -1.155447 0.169733 0.1644928 0.3364007 16.7945 1.307363 0 0.0
0.03236355 -0.03847288 -2.543514 -7.574119 1.270255 1.269253 0.4574219 19.86209 0.9383755 0 0.0
-0.03863352 -0.06995022 -5.752825 -3.3266 2.1361 1.872582 0.5106302 20.32663 1.119234 0 0.0
0.002971849 -0.01733412 0.5181856 2.919944 1.703419 1.600102 0.6120874 19.52716 nan 0 0.0
-0.05455484 -0.03261388 -1.90197 -6.542982 1.12138 0.9589643 0.5179896 19.80215 1.07443 0 0.0
0.005604306 0.03263067 -2.958919 -1.045872 0.6590119 0.5849137 0.3347261 19.21032 0.3455715 0 0.0
-0.05079733 -0.02840423 -7.74592 -15.31353 0.6516049 0.5665895 0.4824364 19.14922 1.068108 0 0.0
0.005523382 -0.002577076 -0.7326099 0.4307395 0.2167706 0.2140362 0.3393621 14.54353 1.313107 0 0.0
-0.008498073 0.03931953 -2.99292 -8.248859 0.1361386 0.117703 0.1437436 16.67185 1.286469 1 0.0
0.07610809 -0.04127245 -2.394293 2.072942 1.30941 1.224569 0.3942288 19.925 1.044025 0 0.0
-0.008390867 0.01653817 1.918815 2.487438 0.7227234 0.6260474 0.1367108 16.51424 1.273048 0 0.0
0.006809273 -0.04256281 0.7055816 -0.548485 0.7732858 0.7216901 0.3493075 19.35205 1.421732 0 0.0
-0.07311145 -0.004710088 -2.959523 -1.382427 0.08642318 0.07428622 0.2888665 15.57077 1.571983 1 0.9951432
-0.008758838 0.01321935 -2.731858 -1.006166 0.0772329 0.06488698 0.1364473 15.12858 1.576765 0 0.0
0.004285415 -0.04513759 -3.336529 -0.9623833 0.5878021 0.5436545 0.2623988 18.73615 1.175611 0 0.0
-0.03798487 -0.04850184 -6.165273 -11.30995 0.8760116 0.7371253 0.2388091 19.33748 1.117971 0 0.0
-0.0032857 -0.04269996 3.372848 -5.307889 1.56637 1.355304 0.529683 20.07651 0.987175 0 0.0
0.0009475049 0.02732267 -3.698812 -0.7706338 0.5304844 0.4702841 0.2979491 18.94808 1.014935 0 0.0
-0.02070587 0.0366455 -2.469615 -1.742327 0.338666 0.2959488 0.2496843 18.01405 1.126463 0 0.0
-0.06795274 -0.04815003 4.905392 -4.479019 0.7866957 0.6382419 0.414973 19.33338 1.201696 1 0.0
-0.05408345 0.01804557 -5.525745 -8.312112 0.9651595 0.8674716 0.7113865 19.28232 0.7950592 0 0.0
0.01598252 -0.05237338 -1.334943 1.840972 1.933077 1.614749 0.2605014 20.15466 1.160284 0 0.0
-0.04803974 -0.02201131 -2.268273 -2.374849 0.9215074 0.8089166 0.4453936 19.30403 0.9994869 0 0.0
-0.026479 0.07775508 -0.6890614 -1.916383 0.7155986 0.6528002 0.3781263 19.12639 1.056999 0 0.0
0.01402568 0.04925236 -3.229805 0.3381416 1.546917 1.48163 0.5557486 19.98442 1.24309 0 0.0
-0.09334281 -0.02456191 0.6220134 -3.90049 0.4014993 0.347659 0.46473 18.41262 1.03463 0 0.0
-0.02263307 -0.04832158 -1.505894 -2.053928 0.3269434 0.3105806 0.4392462 17.64359 1.119261 1 0.0009739826
-0.007257976 -0.007292156 -0.7617063 -1.272156 0.4608757 0.4091068 0.05477467 15.28018 1.257342 0 0.0
0.002947088 0.03337656 -3.560445 -2.393621 0.5525979 0.4902463 0.305252 19.00451 1.078234 0 0.0
-0.01979379 -0.04946537 -3.990284 -1.166862 2.663389 2.274234 0.3963456 20.3213 1.278839 0 0.0
0.04740888 -0.07717722 2.363304 -4.681905 0.3394163 0.3153028 0.2944772 18.05342 1.077431 1 0.0
0.01605313 0.05704928 0.1785348 -9.064344 0.2647406 0.2269701 0.1079163 17.57561 1.125463 1 0.0
-0.02342659 0.08141606 -2.687208 -1.598202 1.004289 0.9238282 0.398102 19.55869 1.113703 0 0.0
-0.03497719 -0.07878939 -3.17617 -1.916391 0.5940412 0.5243867 0.7049532 18.43558 1.557177 0 0.0
0.002183338 -0.001131174 2.746507 -1.630254 0.660559 0.6063692 0.2179522 13.56796 0.9069901 0 0.0
0.05999671 -0.077373 -2.769765 -1.261516 0.3761962 0.3442859 0.1941699 18.09942 1.008558 1 0.9881666
0.03256095 -0.07699565 -2.795851 -1.274367 0.3396006 0.3203641 0.3406843 18.10804 0.938261 1 0.9918729
0.02406855 0.01278571 -2.900834 -1.215764 0.1947508 0.1875529 0.3286743 17.24261 1.183554 0 0.0
0.001971513 -0.07125673 -2.730521 -1.247434 0.1625534 0.1546814 0.3188962 16.96062 1.29204 1 0.9977623
-0.08732446 0.008023109 -0.09257453 -4.321725 0.863363 0.8020958 0.3008589 19.71856 1.253452 0 0.0
-0.07518344 0.02203128 -6.329531 -4.318592 2.091077 1.84277 0.7311372 20.04646 0.4555759 0 0.0
0.004420684 0.03917865 -2.057036 -0.9591356 0.3834599 0.3521316 0.3549453 18.34753 1.172186 1 0.9794593
0.03744462 -0.08827745 1.372244 -0.7234454 1.063547 1.130611 0.7681909 18.97066 0.9589977 0 0.0
-0.007523913 0.03091774 -2.426204 -1.287506 0.2247895 0.1970222 0.2214175 17.60961 1.159321 0 0.0
-0.01546889 0.02901136 -2.763308 -1.177357 0.8193224 0.6599642 0.02142365 19.06993 nan 0 0.0
0.004079377 0.05680066 -2.754952 -5.355053 0.8276563 0.7264201 0.2498677 19.34742 nan 0 0.0
-0.001182877 -0.01851855 -2.707202 -1.481032 0.1570021 0.1429769 -0.00148209 16.15996 1.253284 0 0.0
-0.02326241 0.0552492 -2.302604 -4.1312 0.2075406 0.1841735 0.303004 17.34271 1.024075 1 0.0
-0.006913109 -0.04928431 -2.972303 -1.768129 0.2056486 0.1966621 0.3364669 17.18369 1.281351 1 0.987962
-0.03284889 -0.07787884 -2.196417 -0.8509762 0.4118127 0.3970649 0.5650404 18.3171 0.8869667 1 0.9783839
0.0007104747 -0.008203601 -0.7795894 -3.199285 0.3277832 0.2090033 -0.8552386 14.93001 1.557042 0 0.0
-0.0275521 0.05620938 -3.040891 -1.407889 0.09558724 0.08549331 0.2302335 15.78197 1.421012 1 0.9868855
-0.06581529 0.05648859 0.8361399 -5.347692 0.2003902 0.1838148 0.2225813 17.26956 1.330193 1 0.0
-0.005444961 0.02104735 1.642464 6.965545 2.499909 2.051051 -0.2275544 20.07591 nan 0 0.0
0.03067063 0.0120972 -2.675882 -1.383078 0.08239776 0.0765782 0.2247712 15.46902 2.011732 1 0.99938
-0.02730181 -0.08537682 -0.4921286 -6.626947 0.7965594 0.7526938 0.4144389 19.35146 1.417589 1 0.0
-0.02939224 0.04970288 -2.787046 -1.114928 0.392166 0.3927095 0.4731856 18.16812 1.30036 1 0.991091
-0.04689333 0.05455023 -3.080379 -1.986435 0.8089669 0.7420826 0.4558145 19.43016 0.8188896 0 0.0
-0.00583954 0.020807 -2.789333 -1.183981 0.5386945 0.4802219 0.3196876 18.87013 1.016544 0 0.0
-0.01734734 0.08846116 -2.404256 -0.1452491 1.923337 1.817317 0.6632977 20.13171 0.5199642 0 0.0
-0.05490028 0.02046936 -1.086749 -6.765193 0.4033576 0.3518872 0.422053 18.45724 nan 0 0.0
0.03797211 -0.08328041 -3.725339 -4.44256 0.4457835 0.5134936 0.5685652 18.43939 0.9821377 1 1.021761e-05
0.04993336 -0.07400085 -3.037542 -2.461735 0.998417 0.8980797 0.3183883 19.81814 nan 0 0.0
-0.001734687 -0.04070102 -3.292302 -3.943502 0.3315123 0.3200236 0.3764121 18.12033 0.9529419 1 0.0
-0.01859499 0.004985849 -1.08936 -4.187792 0.7788698 0.8116169 0.5824347 18.86731 nan 0 0.0
0.005341297 0.034168 -0.1213138 -2.198567 2.373756 2.100879 -0.1720267 19.97269 nan 0 0.0
-0.03799965 -0.01066959 -3.144178 -1.902271 0.5912421 0.4985342 0.4529486 18.93874 0.4723892 0 0.0
0.03966041 -0.002897804 -2.787288 -1.332388 0.07217047 0.06533692 0.1786859 14.99687 1.71656 1 0.9993671
-0.07043403 0.03872413 -7.175724 -1.292013 0.3464536 0.3028433 0.06410203 17.84859 0.9678993 0 0.0
-0.08086752 0.05603666 -0.4356616 -3.938602 0.1645329 0.1536776 0.3490802 16.72231 1.008278 1 0.0
-0.07771284 -0.005936263 -4.193006 -2.584965 1.064868 1.069324 0.7374173 19.11637 nan 0 0.0
-0.09504892 -0.0007083428 -3.131815 -8.311639 0.5519578 0.5028571 0.2555963 18.99839 0.9948463 1 0.0
-0.04318147 -0.06717122 6.30571 -12.65592 1.415138 1.103138 0.1308868 19.96622 0.9566593 0 0.0
-0.002942935 -0.07598888 -2.71983 -1.200214 0.3518378 0.3331511 0.4098108 18.24032 1.274284 1 0.9921088
-0.01642606 -0.06709627 -3.600634 -3.590829 0.1766987 0.1701442 0.3767726 17.11955 0.9605446 1 0.0
0.005182585 0.01811005 -1.300661 -0.06578583 0.3353201 0.3019215 0.1957598 17.86254 0.9911346 0 0.0
0.0206265 0.03058206 -2.983953 -1.512641 0.3119623 0.2725531 0.0006314279 17.87245 1.184111 0 0.0
0.00197358 0.03064907 -5.220003 -1.723444 0.8534252 0.7455539 0.3170876 19.5812 0.8832111 0 0.0
0.02548707 0.00557366 -2.286107 -2.30286 1.068793 0.9717704 0.2325636 19.73522 0.6939926 0 0.0
-0.05599246 0.04421332 -3.744374 -2.966211 0.7262049 0.6466463 0.4590533 19.25574 0.7714119 0 0.0
0.008992592 -0.02816251 -3.008509 -0.8918231 0.8298659 0.8007423 0.1490671 19.31721 0.9536839 0 0.0
-0.004655358 0.01231555 -3.182343 -0.8531701 0.5124951 0.4796313 0.4322129 18.26198 nan 0 0.0
0.0426973 0.02544793 -3.448235 -1.48176 0.6013285 0.5723802 0.3635526 19.01517 0.133831 0 0.0
0.002473447 0.0306605 -7.048382 -2.841765 2.692861 2.393632 -0.01056005 20.25184 nan 0 0.0
-0.0249417 -0.06648391 -0.7460724 -5.764273 0.7136494 0.6950316 0.4529509 19.26974 1.047836 0 0.0
-0.007049596 0.02045406 -3.037596 -1.456297 0.2033257 0.1887403 0.3818815 17.248 1.152254 0 0.0
-0.009311572 0.01686615 -3.496547 -3.061565 0.9084875 0.8522086 0.5656001 19.35968 0.8188305 0 0.0
0.0186688 -0.02595136 -1.869711 -0.3253797 0.2684064 0.2496503 0.3269028 17.3328 nan 0 0.0
-0.01225048 -0.04077997 -2.081334 3.02757 2.656032 2.271992 0.6485085 20.2438 1.127108 0 0.0
-0.007049518 0.01936878 -2.980005 -1.102489 0.2034387 0.1935341 0.2744089 17.30659 1.185661 0 0.0
0.03737063 -0.07570038 -6.296163 -3.63502 0.415498 0.392531 0.3675303 18.55565 1.038036 0 0.0
0.04517376 -0.0235587 -4.250826 -11.12891 2.080678 2.364582 0.850223 19.96209 1.138489 0 0.0
-0.04167761 -0.01933427 -2.658313 -1.328374 0.3069724 0.2586877 0.3821543 17.94412 0.9975586 1 0.9961745
-0.05050675 -0.08156568 0.9557125 -6.795219 0.8612134 0.8151723 0.4284828 19.51254 1.056011 1 0.0
-0.0007096153 -0.01065454 -4.571345 -3.840332 0.5207007 0.503211 0.2831673 17.77475 nan 0 0.0
-0.0353777 -0.0614384 -0.5161739 -5.344242 0.3936688 0.3826645 0.4548296 18.42555 1.199646 1 0.0
-0.03873947 0.06427556 -3.101138 -0.975002 1.053418 0.9642363 0.4689733 19.78304 0.9941807 0 0.0
-0.01017264 -0.05007043 -4.132682 -7.206797 0.5322567 0.5134177 0.3577163 18.61272 1.099234 0 0.0
-0.01888512 0.009170516 -2.180376 -0.7819889 0.6217498 0.5715893 0.4943114 18.10135 1.164837 0 0.0
-0.02340745 0.001723245 -3.451535 -2.258616 0.5067584 0.471177 0.4444847 18.77888 0.9517956 0 0.0
0.02099936 0.05167916 1.934937 -3.287953 1.706315 1.639269 0.5868545 20.14647 1.022947 0 0.0
-0.02393308 0.0001476471 -1.602468 0.5349182 0.9925633 0.9162371 0.4189439 19.45585 0.9246464 0 0.0
-0.04352154 -0.07074765 -1.522946 -5.271425 0.119108 0.1084567 0.2711116 16.38727 1.51693 1 0.0
-0.007917629 0.01963383 -3.318334 -0.7040873 0.4070795 0.3749758 0.3458671 18.30862 nan 0 0.0
-0.006522407 0.004501033 -2.764557 -1.718632 0.1109918 0.100561 0.232626 15.16957 1.648597 0 0.0
-0.04815004 -0.06473024 -2.618184 -2.532197 0.5742782 0.486206 0.2408818 18.90523 1.017006 0 0.0
0.01691105 -0.003427159 13.78953 0.9684534 1.730147 1.65513 0.3025201 19.02514 nan 0 0.0
0.006179133 -0.03002768 -2.413337 -2.612522 1.670742 1.587476 0.5151188 20.07236 0.5849018 0 0.0
0.01759079 -0.02583862 -2.488476 -1.289858 0.3277537 0.3209486 0.3935637 18.18093 0.9536552 0 0.0
-0.04125453 0.037194 4.958334 1.10688 1.468027 1.405923 0.5152723 19.96809 0.2889214 0 0.0
0.02316654 -0.01944064 -2.407307 -1.531076 0.27649 0.2623388 0.4391844 17.75246 1.157675 0 0.0
0.009073927 -0.001818218 3.07065 2.887957 0.5231171 0.5465589 0.3378366 17.25891 0.7100534 0 0.0
0.01731888 -0.07618302 -2.899927 -1.531916 0.5658979 0.5044279 0.4047381 18.81817 1.160084 1 0.9808003
0.02084167 0.05259472 -2.600837 -1.140798 0.7972385 0.7037669 0.2919953 19.45372 1.088182 0 0.0
0.02093678 0.005374473 -4.088974 -2.904278 1.41828 1.207571 -0.1025876 19.49409 0.7257652 0 0.0
-0.003129502 0.005035259 -2.568165 -1.228331 0.09928486 0.09079896 0.1820542 15.26116 1.20135 0 0.0
0.0531725 -0.01382382 -1.636642 -2.484348 0.5123892 0.4920211 0.391961 18.6603 nan 0 0.0
0.05011706 -0.07452165 -4.489115 -6.290052 0.3770553 0.3459757 0.3187231 18.39358 1.032154 1 0.0
-0.0054714 0.0233972 -2.717236 -1.343889 0.2966784 0.2655509 0.2606949 17.87032 1.121714 0 0.0
-0.03530337 -0.04899674 3.012193 -3.962154 1.123872 0.9373528 0.2734693 19.81049 1.505932 0 0.0
-0.02856706 -0.07202957 -0.2876109 -1.465407 0.1411418 0.1361183 0.3738238 16.70357 1.079153 1 0.0
-0.006390264 -0.005169216 -1.971188 -0.8072087 0.1512539 0.1355184 0.1481488 15.62801 1.133396 0 0.0
-0.01426797 0.09245373 -2.964427 -8.408322 1.596346 1.572979 0.722379 19.9122 0.1719303 0 0.0
-0.01617902 0.02783822 -2.134955 -5.116773 0.5850062 0.531398 0.3976609 19.04132 0.6393738 0 0.0
0.02087823 -0.0223412 -2.558394 -1.2528 0.1726725 0.1676485 0.3257618 16.99498 1.409132 0 0.0
-0.02731577 0.05803478 -6.412544 -3.536389 3.076687 2.732933 0.5427076 20.50927 0.6987991 0 0.0
0.006074807 -0.01652364 -3.162753 -2.983112 1.558462 1.661074 0.4720725 19.39821 nan 0 0.0
