scripts/get_globular_clusters/output/NGC_6293.csv
# %ECSV 0.9
# ---
# datatype:
# - {name: x, unit: deg, datatype: float64}
# - {name: y, unit: deg, datatype: float64}
# - {name: pmx, unit: mas / yr, datatype: float64}
# - {name: pmy, unit: mas / yr, datatype: float64}
# - {name: pmx_e, unit: mas / yr, datatype: float64}
# - {name: pmy_e, unit: mas / yr, datatype: float64}
# - {name: pm_corr, datatype: float64}
# - {name: g_mag, unit: mag, datatype: float64}
# - {name: bp_rp, unit: mag, datatype: float64}
# - {name: filter, datatype: int64}
# - {name: memberprob, datatype: float64}
# meta: !!omap
# - comments: [deg deg mas/yr mas/yr mas/yr mas/yr dimless mag   mag   zeroone float]
# - __serialized_columns__:
#     bp_rp:
#       __class__: astropy.units.quantity.Quantity
#       unit: &id001 !astropy.units.Unit {unit: mag}
#       value: !astropy.table.SerializedColumn {name: bp_rp}
#     g_mag:
#       __class__: astropy.units.quantity.Quantity
#       unit: *id001
#       value: !astropy.table.SerializedColumn {name: g_mag}
#     pm_corr:
#       __class__: astropy.units.quantity.Quantity
#       unit: !astropy.units.Unit {unit: ''}
#       value: !astropy.table.SerializedColumn {name: pm_corr}
#     pmx:
#       __class__: astropy.units.quantity.Quantity
#       unit: !astropy.units.Unit {unit: mas / yr}
#       value: !astropy.table.SerializedColumn {name: pmx}
#     pmx_e:
#       __class__: astropy.units.quantity.Quantity
#       unit: !astropy.units.Unit {unit: mas / yr}
#       value: !astropy.table.SerializedColumn {name: pmx_e}
#     pmy:
#       __class__: astropy.units.quantity.Quantity
#       unit: !astropy.units.Unit {unit: mas / yr}
#       value: !astropy.table.SerializedColumn {name: pmy}
#     pmy_e:
#       __class__: astropy.units.quantity.Quantity
#       unit: !astropy.units.Unit {unit: mas / yr}
#       value: !astropy.table.SerializedColumn {name: pmy_e}
#     x:
#       __class__: astropy.units.quantity.Quantity
#       unit: &id002 !astropy.units.Unit {unit: deg}
#       value: !astropy.table.SerializedColumn {name: x}
#     y:
#       __class__: astropy.units.quantity.Quantity
#       unit: *id002
#       value: !astropy.table.SerializedColumn {name: y}
# schema: astropy-2.0
x y pmx pmy pmx_e pmy_e pm_corr g_mag bp_rp filter memberprob
[from data line 7917]
0.0200126 -0.07157191 -1.037883 -8.922499 2.056544 1.321832 0.4991182 20.35182 1.154346 0 0.0
0.02834357 -0.02233166 1.608229 2.147293 0.6540031 0.4667968 0.1668595 18.74891 1.234392 0 0.0
0.02578767 0.01772326 -3.707991 -6.610551 2.309255 1.305572 0.272439 19.8685 nan 0 0.0
-0.08248946 0.009626464 -3.164851 -1.963223 0.5520358 0.3914696 0.4444957 18.81916 1.319107 1 0.0
-0.02876542 -0.02797943 -2.972985 -1.51937 0.7694071 0.6059159 0.3800542 19.11467 nan 0 0.0
0.0724844 -0.03580363 -1.845526 -1.908939 0.6640285 0.4671843 0.2454341 19.01446 1.558273 0 0.0
-0.01084367 0.01980466 -1.197822 -4.076153 0.7252794 0.5134986 -0.03013575 18.56208 nan 0 0.0
-0.05699608 -0.0467297 -7.425841 1.457553 2.808803 2.028257 0.271597 20.66104 nan 0 0.0
-0.002792613 0.07691495 -2.683227 -5.34839 0.7282546 0.4892055 0.42695 19.22839 1.33674 0 0.0
0.047 0.02599251 -4.346379 -3.286695 0.6732444 0.4981226 0.08097368 19.15367 1.580469 0 0.0
-0.05073493 -0.0165773 -6.039258 -4.477321 1.526863 0.9051919 0.1119514 19.88241 1.232918 0 0.0
0.03026493 0.02046493 -0.7638509 -4.123024 2.812169 1.605278 0.5116496 20.10221 1.225332 0 0.0
0.04464131 -0.002431767 2.053394 -4.315335 1.283945 0.8634282 0.4152132 20.13064 1.051056 0 0.0
-0.03794493 0.007425919 -0.0633221 -4.878933 0.354052 0.2347682 0.3164125 18.0202 1.281202 0 0.0
-0.02760106 0.008941406 5.645358 -2.611324 2.351064 1.60613 0.3342361 20.60905 0.7435951 0 0.0
-0.06109029 -0.04276071 -3.563751 -4.649242 0.9493533 0.705079 0.3091309 19.60588 nan 0 0.0
0.01085291 -0.02323466 1.091144 -3.801739 0.1812648 0.1150781 0.3132182 16.89398 1.490803 1 0.6197564
0.01467176 -0.03268409 -2.666425 -7.660136 0.4828167 0.3244106 0.3559475 18.69403 1.623514 1 0.0
-0.0598539 0.04497226 0.7976256 -5.188017 2.298297 1.728168 0.228147 20.51807 0.3241768 0 0.0
-0.01446695 -0.03676579 -7.101652 -3.809757 1.671413 1.155724 0.3099804 18.71951 1.438189 0 0.0
-0.04505101 -0.03706747 -6.394377 -2.735391 0.6140929 0.4635572 0.1551396 19.04865 nan 0 0.0
-0.003146855 0.04813879 -1.466217 -3.157072 0.6641845 0.4644642 0.3644359 19.17432 1.406311 1 2.659039e-05
-0.04740304 -0.02329355 -3.395095 -4.850816 1.091379 0.8270347 0.4750347 19.38852 1.380339 1 0.0007311636
-0.009290377 0.05193599 2.920135 -1.635399 1.077051 0.726192 0.429158 19.50354 1.386141 0 0.0
-0.01203904 -0.03416388 -3.248597 -4.390969 0.7718978 0.5091483 0.325963 19.25578 1.156654 0 0.0
0.03724862 0.007449035 3.914009 0.5236002 1.910002 1.316115 0.2285951 18.85575 1.363468 0 0.0
0.005314441 -0.009823701 4.523373 -2.385872 1.016581 0.7633107 -0.4130521 18.37731 0.9351845 0 0.0
0.06396746 -0.04401351 -5.147926 1.544593 0.1793186 0.1207302 0.277039 17.10537 1.326485 1 0.0
0.04563864 0.03487367 -1.493525 -5.624921 0.9270576 0.616586 0.3343239 19.49052 1.455484 0 0.0
0.02161305 0.02649793 -0.9509609 -1.0151 2.741356 1.964532 0.2088877 20.46547 nan 0 0.0
0.001357951 0.02966807 -4.904687 -1.76699 0.3007428 0.2000996 0.3708814 17.82199 1.537077 0 0.0
0.01524519 -0.02919753 -0.4619396 -3.924775 1.05555 0.7609049 0.1263568 19.34205 nan 0 0.0
-0.03716018 -0.05574139 -4.469725 -13.46491 1.129455 0.7410909 0.1808173 15.80791 2.088046 0 0.0
0.01172909 0.006218531 4.280833 -2.796122 0.3893905 0.2523069 0.265411 18.0363 1.081839 0 0.0
0.04738515 -0.03274827 14.28596 -2.113436 3.080421 1.865027 0.7033681 20.14796 nan 0 0.0
0.02565405 0.03051016 -4.847969 -4.264341 0.3641867 0.2384942 0.393711 18.07118 nan 0 0.0
0.004111182 -0.08005983 -3.377742 -4.905716 1.761604 1.118192 0.4560732 20.38692 1.4464 0 0.0
0.03903291 -0.04260992 -6.259527 -3.200976 0.3462793 0.2321804 0.5053854 17.84154 1.365257 1 0.0
-0.04943114 -0.06575007 1.577699 -10.00434 0.2420766 0.1686855 0.314372 17.41397 1.62377 1 0.0
0.05091084 0.04229485 -3.355082 -3.314046 0.8151865 0.5146625 0.3118098 19.43835 1.176083 0 0.0
-0.03165155 -0.04994712 -5.651741 -4.224149 0.7661402 0.5596584 0.4271111 19.40746 1.3025 1 0.0
-0.04607493 -0.001162041 -0.8687407 -5.782594 1.872637 1.283696 0.2154321 20.2246 nan 0 0.0
0.0109355 -0.01555759 -6.870937 -4.098651 0.5218508 0.4036694 0.2643298 18.56895 1.168276 0 0.0
0.05733536 0.004921132 -0.858802 -2.830257 0.390031 0.2742919 0.2236593 18.37485 1.296051 0 0.0
-0.04585676 -0.0007671321 -6.484967 -3.200541 1.351637 0.9886195 0.5604055 19.86578 0.9627476 0 0.0
-0.008334886 0.05402651 -1.645958 1.10835 0.6106084 0.4098071 0.4274066 19.10788 nan 0 0.0
-0.01803728 -0.06036782 -4.818421 -5.317725 0.7520895 0.5479229 0.5146163 19.24895 1.375975 0 0.0
0.04001161 -0.05242166 1.160674 -9.152494 1.643292 0.9859338 0.4949421 19.72161 1.10409 0 0.0
-0.04611735 0.03644132 -5.167215 -9.819777 0.2983527 0.1958464 0.3597039 17.73293 1.253574 1 0.0
-0.03777527 0.07242077 0.4516731 -4.155793 3.094466 2.267383 0.1473087 20.38449 nan 0 0.0
-0.01351746 0.009086986 1.905431 -4.423236 0.5096266 0.3125437 0.5427187 18.22572 1.262232 0 0.0
-0.02605967 0.07213984 1.272276 -1.111555 1.824595 1.269888 0.3973772 19.40842 nan 0 0.0
-0.01199095 0.02776582 -1.265571 -3.711145 1.269758 0.8356129 0.2926067 19.87089 nan 0 0.0
-0.05884106 -0.0133444 -1.341689 -5.709628 0.7180281 0.5130819 0.2583947 19.1417 1.465126 0 0.0
-0.006641027 0.03716948 5.024313 -4.634357 2.177184 1.369961 0.5086783 20.50134 nan 0 0.0
-0.04826732 0.02038247 -4.74274 -6.828871 0.9652253 0.6711634 0.5793089 19.61007 1.131443 0 0.0
0.005859859 -0.01703732 -4.685322 -4.026546 0.8874901 0.543229 0.4853138 19.3674 nan 0 0.0
-0.03725662 0.07310949 -2.597887 -2.925691 1.261766 0.9112962 0.07256517 19.97998 0.6893272 0 0.0
-0.04258936 0.01965039 -3.43861 -7.02636 1.89565 1.276169 0.380349 20.33456 0.6645813 0 0.0
0.04532181 -0.006904767 -7.631424 -7.373568 0.2914552 0.1915388 0.1973964 17.99859 1.480402 0 0.0
0.039638 -0.02849766 -2.896392 -8.187374 0.5457564 0.3715507 0.359659 18.97537 1.07222 0 0.0
-0.05614824 0.06024436 -0.1388433 -3.103891 0.1514224 0.09772064 0.1909969 16.76392 1.64783 1 0.0
0.0252053 -0.02385109 -0.4905894 -5.828006 0.4973521 0.3344764 0.2249832 18.44251 1.399105 0 0.0
0.0289571 -0.07780322 -3.99642 -5.936436 0.4358855 0.2690128 0.3792373 18.45089 1.709637 0 0.0
0.01930003 0.06997062 -2.682429 -2.155158 1.996038 1.289026 0.5218614 20.45649 nan 0 0.0
0.02525995 -0.02350205 -4.955751 -1.416833 0.7036956 0.4773191 0.4163929 19.14673 nan 0 0.0
0.04362356 0.04832698 -5.737395 -7.130619 0.1772946 0.1180367 0.2148854 17.00627 1.60799 1 0.0
-0.02575285 -0.07770327 -4.816587 -4.838751 0.4010486 0.2972792 0.4744769 18.25367 1.536196 0 0.0
-0.0430747 0.00369333 -0.6376989 -4.318549 2.806045 2.162365 0.07471728 20.41131 nan 0 0.0
0.06582863 0.01394214 -0.7957237 -3.692408 0.6251693 0.420387 0.3543069 18.99445 nan 0 0.0
-0.02823696 -0.06862297 0.3254573 -2.500153 1.417128 1.0383 0.3547611 19.96928 1.279446 0 0.0
0.04670025 -0.03962398 -4.737249 -5.101324 0.2624894 0.1727704 0.2574249 17.64331 1.759535 1 0.0
-0.04330346 -0.04086051 -4.043649 -3.925691 0.8848129 0.6263023 0.3006699 19.66185 1.245571 0 0.0
0.02487416 -0.04091034 -0.5758905 -1.518286 0.450778 0.3034387 0.3075041 18.63015 1.469059 0 0.0
0.01287775 0.02707908 -5.512303 0.8501271 1.440058 0.962966 0.1089356 20.00932 nan 0 0.0
0.05397058 0.04642477 -10.56766 -1.085012 0.9948028 0.6603599 0.1471033 17.60665 1.641293 0 0.0
-0.01890111 0.05012092 1.403337 -4.67801 1.19555 0.772059 0.4218739 20.02498 nan 0 0.0
-0.005656662 0.005887113 2.503548 -3.904297 0.7417635 0.4269857 0.3598671 18.40157 nan 0 0.0
-0.01616693 0.02300838 -2.377824 -6.303315 1.093321 1.015879 0.06108841 19.44651 nan 0 0.0
-0.03481329 -0.05886298 -7.152006 -2.706562 0.917342 0.6492272 0.3150473 19.74751 1.306719 0 0.0
-0.03726607 -0.06561576 0.6857819 0.8889764 0.626587 0.4456992 0.291619 19.19743 1.339861 0 0.0
0.001194431 0.05587694 -4.250761 -4.797955 0.5011117 0.34025 0.3434378 18.76719 1.21505 1 0.0
-0.0170314 -0.03770456 0.05909975 -6.17275 0.9395142 0.6288028 0.3991501 19.78003 1.112129 0 0.0
-0.02011791 -0.01743757 -4.479749 -6.407364 1.393159 1.099516 -0.3196691 19.86506 nan 0 0.0
-0.03626777 -0.03124885 -1.382583 -2.496259 0.5306885 0.3935342 0.1570312 18.84943 1.446781 0 0.0
-0.07558674 0.01365383 -6.396228 -1.335907 0.828482 0.5831291 0.352557 19.39581 1.264843 0 0.0
-0.04010383 -0.0626508 -1.006112 -1.667916 1.133114 0.8652278 0.327418 19.94367 nan 0 0.0
-0.05935837 0.03708563 -4.570215 -6.525745 1.979637 1.355379 0.4129657 20.35628 0.9838619 0 0.0
0.01908775 -0.05666964 -3.913317 -3.485357 0.6639952 0.4478318 0.2987597 18.89772 0.9821644 0 0.0
-0.04793177 -0.06379822 -5.793542 -3.759496 1.451379 1.048921 0.4794735 20.10139 1.192427 0 0.0
0.04163541 0.06207398 -8.046218 -4.760201 1.321613 0.7958757 0.7034736 19.14715 nan 0 0.0
0.01642672 0.02853965 -2.874048 -3.230063 0.4944154 0.3314062 0.3136127 18.79659 1.223566 0 0.0
-0.06189698 -0.01406699 1.528059 -3.948701 0.9138733 0.6714546 0.3146334 19.65881 1.284304 1 0.6264873
0.02258964 -0.004603486 1.843396 3.142689 0.720679 0.4788029 0.2823528 18.03587 1.053274 0 0.0
-0.06235581 0.02674049 -4.393073 -3.501455 2.494408 1.691104 0.443948 20.44157 0.8215446 0 0.0
0.04166261 0.06178978 -2.635234 -6.478245 0.3812639 0.2301494 0.6995728 17.49192 1.637743 0 0.0
-0.03392021 -0.03499797 -6.878925 -2.107525 0.1042731 0.07857093 -0.04671406 15.33875 2.150412 1 0.0
0.02218018 -0.005164166 -4.539346 -6.102647 0.1126544 0.07430108 0.1484412 16.1259 1.656091 1 0.0
0.02243219 0.02752774 -8.333572 -5.13195 1.188354 0.7332288 0.1171748 19.87514 0.8257484 0 0.0
0.02473204 0.05905573 -6.188621 -6.070158 0.9039428 0.5763114 0.0976546 19.40209 1.208178 0 0.0
-0.02252223 -0.002129641 1.661756 -6.552433 0.6676427 0.4623058 0.3842523 17.74772 nan 0 0.0
-0.04779435 -0.06628725 -3.806509 -5.006422 0.7724985 0.5366028 0.3315812 19.49485 1.371029 0 0.0
0.04285083 -0.04659955 -3.622329 -2.302858 0.3485276 0.2325604 0.2698579 18.22225 1.417879 0 0.0
0.06469743 -0.007482466 -5.365774 -6.203572 1.189499 0.8573881 0.4771119 19.92916 nan 0 0.0
0.06600896 0.04271439 -5.030016 -7.418473 0.8335538 0.5253596 0.3287013 19.45412 nan 0 0.0
-0.006095063 0.03805834 -2.216853 -8.463141 4.013352 2.560399 0.4358321 20.56865 nan 0 0.0
0.04426094 0.002001059 0.8275404 -4.283625 0.07653484 0.05074022 0.1301551 15.14164 1.541966 1 0.994263
0.0646909 0.02928932 -5.813114 -7.482236 0.1477683 0.09669349 0.1216081 16.70001 1.684061 1 0.0
0.01599188 0.04247671 0.8541118 -3.774088 1.179722 1.280053 -0.4211246 19.44243 nan 0 0.0
0.03422641 -0.05914891 -1.966875 -1.679474 1.166377 0.7598447 0.2268596 20.05201 0.9330463 0 0.0
0.03827351 -0.02921817 -3.938046 -0.7303887 0.2872303 0.1966455 0.4030676 17.77535 1.581408 1 0.0
0.07882612 0.02129248 -5.158479 -6.002755 1.242716 0.8053354 0.3551279 19.96406 1.430426 0 0.0
-0.02238587 -0.001639426 1.410426 2.223005 0.5500187 0.402203 0.5642185 17.45484 1.32853 0 0.0
-0.03008277 0.001216019 -3.502146 -7.215277 0.6876961 0.4417698 0.5898043 18.88661 1.472954 0 0.0
-0.05616882 -0.009188857 1.390682 -5.402351 1.253954 1.081868 0.2115235 19.82819 1.162115 0 0.0
0.05164249 0.03007986 -9.828141 -9.46178 1.786359 1.311812 0.3751675 19.93682 1.760199 0 0.0
-0.01165949 -0.0104021 0.6951222 -3.92692 0.4704293 0.3558742 0.04782785 18.52812 1.425968 0 0.0
0.04249642 -0.04596618 -4.079775 -3.77559 0.2609556 0.1727902 0.2108524 17.9135 1.335649 0 0.0
0.03602721 -0.05761786 3.477165 -0.3133956 1.85425 1.151512 0.5028256 19.97867 1.208368 0 0.0
0.05766213 0.003437051 -2.563915 -5.594717 1.139187 0.7671857 0.4098646 19.85099 1.460157 0 0.0
0.04075078 -0.04506337 -5.315744 -3.015998 0.3008484 0.1985296 0.2181637 18.01516 1.298117 0 0.0
-0.01623998 -0.03926275 -3.412389 -6.400645 1.913431 1.358308 0.4694985 20.23425 1.195299 0 0.0
-0.04160125 -0.07033222 -4.798757 -8.115649 0.8459125 0.6080691 0.3214158 19.61527 1.536606 0 0.0
0.03820436 0.008854436 -3.991846 -4.078536 1.232878 0.8133638 0.3170274 19.96999 1.298397 0 0.0
-0.0648281 0.00583457 -1.084484 -0.3588741 0.1440664 0.09637256 0.1648132 16.41475 1.27017 1 0.0
0.02076814 0.03384519 -0.6162599 -2.84369 0.7235397 0.4831138 0.3594826 19.3212 0.9360371 0 0.0
-0.04252958 -0.06768135 1.415612 -4.711449 1.059786 0.7684205 0.3263981 19.83226 1.098352 0 0.0
0.03550096 0.004611456 -5.759783 -7.881496 0.2461978 0.1720857 0.5491062 17.1993 1.203838 1 0.0
0.06314577 0.0490732 -0.8750065 -7.6388 2.836183 1.781823 0.4369161 19.91528 1.349545 0 0.0
0.02948126 0.05133366 -4.238158 -2.844726 1.449084 0.8811591 0.5518044 19.81029 1.051458 0 0.0
0.01058063 -0.01698044 -17.42328 1.987092 0.5161553 0.370776 0.06080359 17.20379 nan 0 0.0
-0.06286634 -0.03775298 0.432512 -4.681226 2.302392 1.500408 0.2868475 20.22796 1.250397 0 0.0
0.003213768 0.01185912 1.877182 -15.25432 2.358672 1.871532 0.1615483 19.22274 nan 0 0.0
0.06267138 -0.01952625 -0.8689566 -6.773622 0.5068355 0.3359338 0.23712 18.91369 1.310667 0 0.0
0.04195229 -0.04192622 0.5756649 -3.632399 0.3988113 0.2591903 0.2151621 18.22687 1.216003 0 0.0
0.0514314 0.04637062 6.027154 -2.522423 1.43801 0.9838228 0.2667905 20.14892 1.448256 0 0.0
-0.05106357 0.0473359 -5.980643 -7.460626 1.007894 0.6389769 0.2825451 19.58552 nan 0 0.0
0.0428458 0.01281817 -3.606696 -5.779446 0.645134 0.4562596 0.1962679 19.18714 1.308327 0 0.0
-0.01302581 0.005955177 6.105643 0.9743038 3.197243 2.310909 0.7694173 19.70357 nan 0 0.0
-0.07100365 0.01763549 2.368699 -0.7146343 0.4283501 0.3204705 0.2904881 18.48262 nan 0 0.0
0.03199514 -0.03952356 1.068101 -4.431638 0.2011179 0.132452 0.1300146 17.03532 1.65336 0 0.0
0.01733247 0.06097779 -4.72725 -7.183034 0.5075177 0.3483507 0.3550069 18.2811 1.307325 0 0.0
-0.06370609 0.0495707 -5.633794 -6.078102 1.096886 0.7456422 0.4397936 19.89561 0.9982853 0 0.0
-0.01954657 -0.007507818 4.944205 -5.400651 1.736126 1.160972 0.06294747 19.73494 1.073769 0 0.0
0.003104739 0.01737136 -5.0019 -5.013642 1.090179 0.7271322 0.4252182 19.37677 1.096779 0 0.0
-0.04109723 -0.03084231 0.6350943 -5.921764 3.057667 2.779628 -0.6673487 20.2961 1.298872 0 0.0
0.05109772 0.03279426 2.641525 1.116083 0.6128454 0.413631 0.4697778 19.02992 1.35006 0 0.0
0.04707729 0.0147868 -2.295082 -6.05227 0.1844585 0.1246504 0.1386312 14.28845 3.75652 1 0.0
0.03174797 -0.04539621 -3.164943 -2.741637 0.434977 0.2832532 0.2792782 18.68339 1.525917 0 0.0
-0.02837801 -0.04980512 -1.178603 -3.124126 1.730481 1.209517 0.4938686 20.29825 0.476572 0 0.0
0.01451581 0.02844454 3.863991 -1.764445 1.210038 0.8398276 0.4766932 19.98166 1.032021 0 0.0
0.02271637 -0.05354607 -8.174142 1.64853 2.15176 1.426279 0.5994927 20.23456 nan 0 0.0
0.04108891 0.06105375 -3.329876 -4.64496 1.158332 0.6641275 0.63916 19.50286 nan 0 0.0
-0.06040606 -0.04689739 -1.442727 -5.552747 1.563351 1.097033 0.02464706 20.14001 1.16564 0 0.0
-0.008523092 0.01465692 5.4073 -0.06591063 1.729822 1.041386 0.5940414 19.73096 nan 0 0.0
0.01816186 -0.04681423 0.8162361 -6.231746 0.8921105 0.5985528 0.4293969 19.35593 1.342495 0 0.0
0.009761935 -0.01772042 0.7864564 -10.9215 0.1811285 0.1203628 0.2443334 16.43608 1.318825 0 0.0
-0.04735491 0.05835625 -3.67966 -6.667916 1.559343 0.9772652 0.4723928 20.18907 1.257215 0 0.0
0.001902507 -0.05565527 -4.671615 -5.304497 1.119334 0.7991574 0.3193216 20.05069 1.247206 1 3.362638e-05
-8.884398e-05 -0.02298047 1.098267 -4.100045 0.2071153 0.1406012 0.4182103 17.20896 0.6841965 0 0.0
0.02791284 0.001678147 0.9884425 -4.540911 0.6986557 0.4363281 0.4652414 19.0894 1.403412 0 0.0
-0.056802 -0.05300859 -0.4923224 -2.895642 0.8717322 0.6090475 0.4367748 19.42997 1.795572 0 0.0
-0.007242786 0.05533312 -5.701742 -10.24155 2.390563 1.681991 0.4407055 20.22065 1.642073 0 0.0
-0.05060652 0.06345129 -4.686353 -3.198836 1.208618 0.8305451 0.438725 19.91241 1.138979 0 0.0
0.05495271 0.0448145 -7.884109 -0.4058582 1.348289 0.8633775 0.3839337 20.10144 0.6867008 0 0.0
-0.05345793 -0.02892862 -2.468229 -0.58186 1.942532 1.307585 0.4669239 20.00907 1.073349 0 0.0
0.0362786 -0.03906326 -1.573167 -6.785714 0.2033247 0.1380774 0.3692672 17.26916 1.800177 1 0.0
-0.05854138 0.04105334 -1.659106 -3.521598 0.6620354 0.4519959 0.4060647 19.16906 1.011518 0 0.0
