scripts/get_globular_clusters/output/NGC_7089_M_2.csv
# %ECSV 0.9
# ---
# datatype:
# - {name: x, unit: deg, datatype: float64}
# - {name: y, unit: deg, datatype: float64}
# - {name: pmx, unit: mas / yr, datatype: float64}
# - {name: pmy, unit: mas / yr, datatype: float64}
# - {name: pmx_e, unit: mas / yr, datatype: float64}
# - {name: pmy_e, unit: mas / yr, datatype: float64}
# - {name: pm_corr, datatype: float64}
# - {name: g_mag, unit: mag, datatype: float64}
# - {name: bp_rp, unit: mag, datatype: float64}
# - {name: filter, datatype: int64}
# - {name: memberprob, datatype: float64}
# meta: !!omap
# - comments: [deg deg mas/yr mas/yr mas/yr mas/yr dimless mag   mag   zeroone float]
# - __serialized_columns__:
#     bp_rp:
#       __class__: astropy.units.quantity.Quantity
#       unit: &id001 !astropy.units.Unit {unit: mag}
#       value: !astropy.table.SerializedColumn {name: bp_rp}
#     g_mag:
#       __class__: astropy.units.quantity.Quantity
#       unit: *id001
#       value: !astropy.table.SerializedColumn {name: g_mag}
#     pm_corr:
#       __class__: astropy.units.quantity.Quantity
#       unit: !astropy.units.Unit {unit: ''}
#       value: !astropy.table.SerializedColumn {name: pm_corr}
#     pmx:
#       __class__: astropy.units.quantity.Quantity
#       unit: !astropy.units.Unit {unit: mas / yr}
#       value: !astropy.table.SerializedColumn {name: pmx}
#     pmx_e:
#       __class__: astropy.units.quantity.Quantity
#       unit: !astropy.units.Unit {unit: mas / yr}
#       value: !astropy.table.SerializedColumn {name: pmx_e}
#     pmy:
#       __class__: astropy.units.quantity.Quantity
#       unit: !astropy.units.Unit {unit: mas / yr}
#       value: !astropy.table.SerializedColumn {name: pmy}
#     pmy_e:
#       __class__: astropy.units.quantity.Quantity
#       unit: !astropy.units.Unit {unit: mas / yr}
#       value: !astropy.table.SerializedColumn {name: pmy_e}
#     x:
#       __class__: astropy.units.quantity.Quantity
#       unit: &id002 !astropy.units.Unit {unit: deg}
#       value: !astropy.table.SerializedColumn {name: x}
#     y:
#       __class__: astropy.units.quantity.Quantity
#       unit: *id002
#       value: !astropy.table.SerializedColumn {name: y}
# schema: astropy-2.0
x y pmx pmy pmx_e pmy_e pm_corr g_mag bp_rp filter memberprob
[from data line 7455]
-0.03994419 0.0321288 2.78802 -1.528963 0.5638799 0.5815943 0.149862 18.82477 0.8681583 0 0.0
-0.05562933 0.07852467 2.330892 -4.13445 2.268482 3.050145 0.4491062 20.69201 0.4070702 0 0.0
0.002318631 0.04030813 8.958325 -1.541998 0.9311151 0.8206708 0.01401956 19.06308 0.6289253 0 0.0
0.01653831 -0.004482112 4.667747 -3.718796 0.2785572 0.2960821 0.3472594 16.95211 0.9290562 0 0.0
0.008360684 0.1118691 4.901776 0.01651432 1.778814 2.363258 0.4998416 20.11604 0.6362553 0 0.0
-0.02987438 0.03608974 5.164194 -0.683276 1.759346 2.321965 0.5886253 20.13886 0.313488 0 0.0
0.05159938 -0.001916611 9.352008 -9.762707 0.5393778 0.598224 0.1817717 18.76031 1.53454 0 0.0
0.02004765 0.03236439 3.60983 -2.096895 0.08577718 0.06209295 -0.3169446 14.7096 1.122484 1 0.9999353
0.09087057 -0.03718919 3.914008 2.017774 3.134409 3.217702 0.06713614 20.66593 0.5716801 0 0.0
-0.001343143 0.06271571 3.534959 -2.239186 0.5582508 0.6200352 0.160188 18.4499 0.6665268 1 0.9986818
-0.02102528 0.07006955 1.367189 -2.874407 1.631878 2.140023 0.4047669 20.26125 0.5708675 0 0.0
-0.01922509 0.1133945 -12.61897 -6.748588 0.7846185 0.7631785 0.03133526 18.93741 2.085733 0 0.0
-0.1148604 0.1403817 -0.3248829 -1.780681 0.4913738 0.6231169 0.3358923 18.5166 1.300364 1 0.0
0.05767171 -0.0044245 2.939326 -2.186987 0.9479763 0.8952145 0.08581687 19.63611 0.6917706 0 0.0
0.005095433 0.009385714 9.115941 -5.675767 0.4230351 0.431591 0.05271435 15.65936 nan 0 0.0
-0.08620649 0.1403515 3.994618 -3.164605 0.8370015 1.070306 0.4070437 18.77746 0.8285866 0 0.0
-0.03960857 0.03638273 2.894984 -2.302 0.3794574 0.3588798 0.01564605 18.10076 0.8793087 0 0.0
0.07018296 0.01591032 3.899259 -3.12669 1.20921 1.160539 0.09045861 20.02054 0.3997726 0 0.0
-0.05327958 0.07085168 2.697158 -2.087059 0.7602415 0.6239983 -0.2346112 18.80025 0.7452984 1 0.9953511
-0.08083417 0.05014475 3.251101 -2.459293 0.1959104 0.1647843 -0.03006718 16.93833 1.001528 1 0.9983222
0.04903667 0.03953654 5.416285 0.09480444 0.8027336 0.8794668 0.2936616 19.19804 0.6479588 0 0.0
-0.1163848 0.08669896 -3.464717 -2.941965 1.608762 2.184375 0.5174913 19.90084 1.018625 0 0.0
-0.04781739 0.06911708 3.516604 -0.5317391 1.912264 2.266686 0.2397341 20.28635 0.3521938 0 0.0
0.09136111 0.06561169 3.490612 -1.523689 0.9078254 0.7571964 -0.1718113 19.33987 0.6874447 1 0.9923063
-0.01925543 0.07225669 2.203295 3.890172 2.248143 2.581175 0.1978595 20.47557 0.5455265 0 0.0
0.03011751 0.03436168 3.945763 -2.311959 1.222612 0.8738632 -0.4064906 19.59091 0.6707916 0 0.0
-0.02706704 0.03900371 0.07990065 -1.790614 1.10338 1.243122 0.3794188 19.71212 0.2273579 0 0.0
0.1129635 -0.01159105 3.089571 -2.544044 1.12237 1.050483 0.07053513 19.87902 0.7610092 1 0.9868218
0.02825683 0.1495741 -1.359912 -0.8817828 0.7467774 0.729846 0.2382477 19.50928 2.796904 1 0.0
-0.009856774 0.05258816 2.855815 -0.8829861 0.6493494 0.5775169 -0.01884388 18.99357 nan 0 0.0
-0.1263938 0.08749896 -4.153781 -6.841726 1.896202 2.577378 0.4588323 20.4596 1.187288 1 0.01424991
0.09169628 0.04242286 4.01226 -2.96452 1.140267 1.028268 -0.002759703 19.84747 0.751215 0 0.0
0.1698138 0.04134121 3.430503 -2.204866 0.1307635 0.1306932 0.2236621 16.54062 1.029984 1 0.9992446
-0.02734162 0.02989737 3.219357 -1.436922 0.6774759 0.7442044 0.2593379 19.04399 0.6744976 0 0.0
0.01888809 0.03165122 3.744655 -2.256768 0.08271459 0.06211604 -0.2529942 14.74811 1.182272 1 0.9998165
0.04152954 -0.01035609 2.462692 -2.413383 0.2943742 0.3160289 0.3688037 17.58783 0.918745 0 0.0
-0.03320045 0.03230136 2.33159 -4.09577 0.6390046 0.7119601 0.2658314 18.81164 nan 0 0.0
-0.1754646 0.1625641 -0.254605 -10.6477 1.500223 1.736695 0.2858328 20.0813 1.936207 0 0.0
0.03814284 0.03097332 3.662959 -2.133298 0.8817516 0.6823045 -0.2737266 19.32987 0.4859295 0 0.0
0.04171317 0.04315773 3.841376 -2.141053 0.8915541 0.7412613 -0.1550515 19.4971 0.5422935 0 0.0
-0.02316124 0.05344236 2.966625 -1.796775 0.7568583 0.8910445 0.3220053 18.84573 0.8203049 0 0.0
0.01321243 0.05329911 2.503392 -2.398105 1.8343 2.048097 0.1649575 20.20602 0.6372738 0 0.0
-0.06249637 0.1662846 -5.711568 -5.851037 0.4643608 0.5580463 0.2608826 18.21081 0.8120365 0 0.0
-0.03793035 0.04675472 3.028746 -1.876517 1.021565 1.0021 0.2395142 19.67854 0.4902554 0 0.0
0.03972959 0.03034281 4.085998 -2.290302 1.074119 0.8574529 -0.2182682 19.63187 0.5930901 0 0.0
-0.03048459 0.02477367 1.920342 -0.4285176 1.045413 1.284456 0.5126813 19.40391 nan 0 0.0
0.01305986 0.05355535 8.537047 -5.27374 2.446435 2.501496 0.01868934 20.33321 nan 0 0.0
0.04207927 0.03573915 2.638518 -2.741146 2.624611 2.508049 -0.0252739 20.55981 0.3913708 0 0.0
0.04476485 0.06301664 3.677631 -0.8306473 1.113824 0.9111825 -0.1796183 19.78298 0.5178394 0 0.0
0.07039685 0.0331078 4.923854 -1.53751 0.6792576 0.7151295 0.1027712 19.0055 0.696804 0 0.0
0.006041366 -0.001568011 5.021187 -1.118517 0.3544365 0.2832099 -0.1749162 15.90821 nan 0 0.0
-0.01727176 0.02529833 3.930404 -2.482502 0.1252997 0.1119916 0.01387661 16.14825 0.2778559 0 0.0
0.1119889 0.0549225 2.377857 -3.990934 1.41812 1.303204 -0.02635325 20.10584 0.8557987 1 0.9254823
-0.0673479 0.1346325 2.457543 -2.801468 1.04645 1.075768 0.1140959 19.62846 0.6894855 0 0.0
0.07906322 0.04383409 4.298402 -1.465842 0.6273055 0.6942989 0.1705612 18.9872 0.6955471 1 0.9945099
-0.03469576 0.04382614 4.123902 -2.966781 1.527103 2.005346 0.4282647 20.11158 0.6804638 0 0.0
0.03542718 0.04851702 1.430804 -2.19331 1.798032 1.444227 -0.2327734 20.35608 0.5193081 0 0.0
-0.03573316 0.03188458 3.074991 -2.376423 0.6499205 0.6182176 0.01094248 18.89224 0.7526989 0 0.0
0.02239742 0.05858618 4.253375 -2.999416 1.205025 1.149708 0.01738455 19.80399 0.1793289 0 0.0
-0.05810091 0.06848394 3.58895 -2.102812 0.06215346 0.05150127 -0.0507998 14.31089 1.260357 1 0.9999027
0.04458098 -0.00965905 3.360168 -2.726061 0.2346663 0.2158908 0.08058199 17.42208 0.9187698 0 0.0
-0.1015237 0.07063468 3.855305 -0.7772266 1.196378 1.208811 0.1051667 19.6708 0.7167664 0 0.0
0.05623788 0.02061317 1.826216 -1.65942 0.7876669 0.7048264 -0.03256111 19.47535 0.7154198 0 0.0
0.006377014 -0.008552186 3.701796 -1.357888 0.2335554 0.1917686 -0.1253487 15.92276 nan 0 0.0
0.05468159 0.01733338 4.827879 1.850423 1.489811 1.646224 0.1684502 20.10411 0.4385796 0 0.0
-0.1958417 0.0005241946 3.843382 -1.112814 1.413489 1.856976 0.5332802 20.01359 1.11743 1 0.9204426
-0.08879931 0.08855927 4.228974 -2.133769 0.7585964 0.7589848 0.03475762 19.10799 0.7607574 0 0.0
0.01958993 0.0330983 3.053302 -1.98577 0.6603275 0.3191085 -0.971335 15.21306 1.138195 1 0.99968
-0.2387472 0.04343255 -2.788458 -2.827838 0.6823099 0.6608881 0.1941211 19.04133 0.830204 0 0.0
-0.03539868 0.1853964 -2.851483 -6.17149 0.7231977 0.7021738 0.2142394 19.50307 0.7158108 1 0.0
0.01391413 0.01125728 3.321282 -2.7661 0.1987444 0.1432721 -0.3485525 16.52142 nan 0 0.0
-0.04961755 0.05076754 6.169695 -0.4931432 2.008413 2.733955 0.4679639 20.55816 0.9776478 0 0.0
0.1660647 0.1554929 2.5171 -10.41532 0.377533 0.4454462 0.4607539 18.30326 1.431402 1 0.0
-0.05813106 0.04208297 17.13078 -8.387684 0.9342419 0.8787882 0.08327672 18.68683 0.606636 0 0.0
0.03484695 -0.003991863 3.612523 -2.023141 0.0604331 0.05187248 -0.03945016 14.14596 1.287498 1 0.9999203
-0.00558487 0.1953945 4.226149 -2.128239 0.821538 0.7748329 0.1679299 19.71456 0.9787407 1 0.9676422
0.0388759 0.1112834 -0.5287748 -4.377056 2.134985 2.708912 0.3950238 20.46455 0.8051853 1 0.7863511
0.01720994 0.07051225 4.442073 -1.974812 2.006258 2.513376 0.36732 20.32996 nan 0 0.0
-0.02154388 0.03852971 1.055058 -4.38368 1.422858 1.251114 0.02666025 19.89723 0.6865654 0 0.0
-0.02245928 0.03075648 2.891334 -2.175828 0.5674996 0.550508 0.08269071 18.56375 0.8355751 0 0.0
0.06505694 0.04297806 3.541704 -2.106388 0.2219157 0.1962814 -0.0583471 17.40173 0.9869099 1 0.9997367
0.04491752 0.07154117 2.066777 -4.025217 1.628423 1.795413 0.1800181 20.20459 0.5363483 0 0.0
-0.1286213 0.08512991 3.488613 -1.85733 0.4390569 0.5511383 0.347971 18.38346 0.9582157 1 0.9946834
0.03719703 0.04764832 1.615182 -3.370527 1.138989 0.9320582 -0.2130881 19.66902 0.5983448 0 0.0
0.05034858 0.02130657 0.009726589 -4.877941 1.812732 1.906153 0.08529351 20.27086 0.6581001 0 0.0
0.01278517 0.03577422 -0.8595107 -0.06984191 0.2846064 0.2477325 0.09708905 16.23356 1.019685 0 0.0
-0.02282546 0.03132451 4.855086 -2.75968 0.6032147 0.6404728 0.1835273 18.97037 0.8153381 0 0.0
0.03673906 0.01979198 4.477362 -1.216617 0.6475371 0.7142946 0.1691514 18.99096 0.7591152 0 0.0
0.09593662 -0.008750388 -0.6982783 -1.080141 2.324814 2.419844 0.09161485 20.52919 0.3730431 0 0.0
0.00588882 0.01615322 3.624292 -2.063396 0.07310979 0.05495642 -0.2433013 13.85895 1.31952 1 0.9999354
-0.002289105 0.06263417 3.469821 -1.98941 0.6364861 0.7058473 0.1625132 18.76713 0.8702583 1 0.9983306
-0.04055453 0.0376998 4.464144 -2.462428 0.5852501 0.5730294 0.05342507 18.80985 0.7045746 0 0.0
0.02197008 0.03338815 4.039159 -2.521149 0.6401746 0.5271614 -0.2441156 18.36279 nan 0 0.0
-0.005554152 0.02759964 3.992851 -2.681142 0.260059 0.3280421 0.3632141 17.10575 0.0674057 0 0.0
-0.02685346 0.04179541 5.12136 -1.415989 0.9903234 1.080023 0.3391741 19.57043 0.8483753 0 0.0
-0.004669204 0.006806979 7.331294 -5.120133 0.6411259 0.6435856 0.279927 16.52448 nan 0 0.0
-0.007995287 0.009457235 4.15682 -1.377915 0.179127 0.1569813 -0.02067592 15.75926 1.577033 0 0.0
0.02862341 0.2185944 -3.377478 -7.37604 0.5499937 0.5065331 0.1067131 19.11737 1.10618 1 0.0
0.006254961 -0.00518804 3.643479 -1.598022 0.08740563 0.09054862 0.08474879 12.44426 1.593739 0 0.0
-0.01849233 0.02096245 1.405378 -3.038537 0.723706 0.956165 0.3966282 18.91814 0.7265034 0 0.0
0.0376547 0.04202152 1.2755 -0.8882188 1.726865 1.236091 -0.4155435 19.85551 0.961874 0 0.0
0.05056221 0.0238124 0.2630948 -1.53021 2.466924 2.463401 0.02813798 20.5791 0.9550343 0 0.0
-0.1958152 0.08556891 -9.01223 -18.48996 1.305015 1.853952 0.6400657 19.86643 1.134562 0 0.0
0.05382781 0.06622552 3.523713 -0.6170603 1.611521 1.772323 0.1554649 20.2139 0.3951931 0 0.0
0.06252406 0.03204548 2.728262 -3.116865 1.704641 1.822135 0.1305708 20.24504 0.8227081 0 0.0
0.0061329 -0.007918112 3.775436 -2.387418 0.2431101 0.2012912 -0.1227879 15.72835 0.8897028 0 0.0
-0.02355819 0.1010307 2.830385 -3.802369 1.532284 1.933577 0.335687 20.11204 nan 0 0.0
0.05059293 0.0404145 5.593224 -2.277942 2.851985 3.087074 0.1952247 20.46905 0.5446129 0 0.0
-0.02831805 0.02420655 3.536486 -2.421346 0.1134387 0.09303974 -0.07284412 15.61084 1.120852 0 0.0
0.09712601 -0.03559116 1.999725 -6.443199 1.020126 1.246949 0.342218 19.67509 1.011166 0 0.0
0.07369219 0.01966314 3.487434 3.160991 2.818486 2.853664 0.05157923 20.47693 0.4773426 0 0.0
-0.1543759 0.08493933 -6.793694 4.193677 1.821672 2.355645 0.5060535 20.17584 2.3209 0 0.0
0.08562525 0.1143019 0.1364148 -1.332354 0.8453285 0.8077622 0.1403964 19.51469 1.670259 0 0.0
-0.09002033 0.1098393 3.266666 -2.529958 2.381356 2.889668 0.295596 20.53405 0.8606358 1 0.91266
-0.02721993 0.08879084 4.857886 3.595723 2.301052 2.970848 0.373042 20.51162 0.8237801 0 0.0
-0.03365817 0.03258483 3.830916 -2.285489 0.1793828 0.1461812 -0.08892849 16.68896 1.030149 1 0.9996501
0.08254228 0.06394754 4.739052 -2.347013 1.199621 1.053977 -0.1017874 19.94293 0.5257912 0 0.0
0.04119391 -0.007215283 3.349426 -1.797858 0.1490354 0.1239204 -0.09615977 16.17197 0.1288872 1 0.9994037
0.02962927 0.03457429 7.16664 -2.463192 1.209924 1.017268 -0.1488304 19.7486 nan 0 0.0
0.0200477 0.04345985 3.618404 -1.562222 0.8533407 0.8150769 -0.03548154 18.90034 nan 0 0.0
0.05263647 -0.03125284 3.312756 -2.210265 0.1603918 0.1476964 0.08303288 16.6458 1.02232 1 0.9997989
-0.006255951 0.003328331 3.695172 1.23962 0.603497 0.5738741 0.1324009 15.69374 nan 0 0.0
-0.123005 0.03168704 -0.3556148 -4.756231 2.073465 2.833083 0.5551379 20.59825 0.9035435 0 0.0
-0.03878474 0.04434156 3.039927 -0.9122159 0.7508497 0.6697672 0.04093555 19.2458 0.7083893 0 0.0
0.02319037 -0.01783484 3.490166 -1.614823 0.1831068 0.2123574 0.4784838 16.41318 0.9464731 0 0.0
0.06688638 -0.04340185 3.527458 -2.246858 0.16292 0.1497793 0.0680016 16.55089 1.098496 1 0.9998031
-0.01531884 0.02765439 3.212762 -0.2666685 1.222818 1.329069 0.3579662 19.49342 nan 0 0.0
0.002623755 0.004276764 4.661321 -1.10501 0.5655354 0.4309408 -0.2466922 14.82097 0.7853756 0 0.0
0.02108522 0.04690469 4.455439 -1.951777 0.6672367 0.7551218 0.160624 18.76321 0.7290802 0 0.0
0.00833004 0.04414755 2.431489 -5.01274 1.514844 1.424855 -0.1507939 19.86368 0.6649952 0 0.0
0.1204411 0.04238663 3.816773 -2.091316 0.1714353 0.1504395 -0.03567138 16.61041 1.030304 1 0.9987039
0.08196101 -0.01100164 3.609753 -2.396143 0.8273334 0.8258453 0.204493 19.42463 0.8295822 0 0.0
0.02477789 0.1146326 3.036028 -0.6286484 1.933211 2.384131 0.3049531 20.41938 0.7035503 0 0.0
-0.002105986 0.004972351 4.726081 -2.936476 0.3428979 0.342693 0.1757048 15.74241 0.8273859 0 0.0
-0.234781 0.05460221 4.932762 -5.16256 0.185289 0.172728 0.1351276 17.00993 0.7951794 1 0.0
-0.04186657 0.02788308 2.733921 -2.741633 0.4919952 0.5260342 0.2299312 18.62128 0.7350368 0 0.0
-0.1317327 0.0488768 1.454562 -4.132368 0.7274744 0.9531211 0.5137546 19.1759 0.9394932 1 0.7024183
0.08028333 0.01946388 3.247399 -0.6988058 1.5459 1.29589 -0.1458676 20.08927 0.6782837 0 0.0
-0.01797366 0.03835896 2.219232 -4.135243 0.9738906 0.852996 -0.005288818 19.67262 0.6476383 0 0.0
0.03167384 0.04633635 2.726106 -2.167408 0.9948898 0.8402112 -0.2049048 18.61683 0.7723541 0 0.0
-0.02209352 0.1137506 2.047809 -1.268474 0.1585521 0.1364519 -0.07891733 16.76339 0.8628635 1 0.0
-0.04055486 0.07212665 2.183254 -3.01889 1.312059 1.037786 -0.2352283 19.91259 0.5662003 0 0.0
0.01116803 0.089237 2.61562 -18.35781 2.071259 2.47498 0.2704295 20.5309 1.58548 0 0.0
-0.03173578 0.03681243 3.867324 -0.9789567 0.7225503 0.7725103 0.2291567 18.90314 0.8014202 0 0.0
-0.2451227 0.009283054 1.330471 -7.214156 0.6751168 0.7231433 0.3290723 18.91554 1.107773 1 0.0
0.1518134 0.1385882 16.47511 4.479274 3.173904 2.911162 -0.06965687 20.63392 1.875059 0 0.0
-0.01412878 0.03316508 3.463296 -1.805671 0.296007 0.2620096 0.01935732 17.82253 0.8761082 0 0.0
-0.03222407 0.04406547 -0.2911986 -3.123005 1.709145 1.604938 0.09015674 20.17107 0.7188892 0 0.0
-0.03033202 0.02547975 -7.595906 3.253833 0.630719 0.4752611 -0.1055249 17.6072 -0.09508896 0 0.0
0.1318228 0.03462378 3.500889 -5.280288 1.095718 0.940093 -0.1300374 19.71012 0.6824093 1 0.3605784
0.008055333 0.005971317 3.183522 -1.407786 0.1329211 0.1098095 -0.1101031 15.28677 0.9295492 0 0.0
-0.2405758 0.004517642 -2.456708 -31.80968 0.4148321 0.5430777 0.5388357 18.19338 1.017094 0 0.0
0.0392116 0.1146265 3.624119 -1.984568 0.6947144 0.6948107 0.2477198 19.44424 0.7554417 1 0.9947612
-0.01428141 0.04978738 3.187271 -2.023687 0.1101584 0.08503324 -0.3052279 15.59068 1.118602 1 0.9995569
0.04339124 0.01973189 4.172069 -2.814207 1.134099 0.9983731 -0.09527552 19.56448 0.6085072 0 0.0
0.08995701 0.04547918 4.715426 -0.4543923 0.7915891 0.721956 0.009095268 19.36077 0.8208599 1 0.9351547
0.03966816 -0.01028258 3.636272 -2.019976 0.3909657 0.4722251 0.3110356 18.19474 0.8583641 0 0.0
-0.01055854 0.02382427 1.870699 -0.8148406 0.3372709 0.3666405 0.3362401 17.82346 0.7676773 0 0.0
0.08306198 0.1148824 3.703646 -1.9139 0.594428 0.689245 0.4098593 18.87441 0.7145901 1 0.9936529
0.1224254 0.07114001 3.896265 -1.2198 0.4365874 0.5216216 0.4465733 18.07505 0.985918 0 0.0
0.03216144 -0.03334421 5.085474 -2.55065 0.7366031 0.703558 0.1374824 19.22186 0.7831707 0 0.0
-0.02288671 0.07377701 8.299532 -1.56398 2.122876 2.308963 0.1565719 20.36416 0.6207352 0 0.0
0.06050942 -0.01278928 3.905438 -2.077148 0.5347727 0.644749 0.3108972 18.69938 0.7340107 0 0.0
0.002135545 0.04508746 3.552394 -2.188548 0.1575316 0.1980541 0.3678594 16.26635 0.1425323 1 0.9998742
0.01272404 0.00279247 7.707696 -3.682581 0.6184151 0.6789019 0.3982159 17.10536 0.7758169 0 0.0
