scripts/get_globular_clusters/output/NGC_6366.csv
# %ECSV 0.9
# ---
# datatype:
# - {name: x, unit: deg, datatype: float64}
# - {name: y, unit: deg, datatype: float64}
# - {name: pmx, unit: mas / yr, datatype: float64}
# - {name: pmy, unit: mas / yr, datatype: float64}
# - {name: pmx_e, unit: mas / yr, datatype: float64}
# - {name: pmy_e, unit: mas / yr, datatype: float64}
# - {name: pm_corr, datatype: float64}
# - {name: g_mag, unit: mag, datatype: float64}
# - {name: bp_rp, unit: mag, datatype: float64}
# - {name: filter, datatype: int64}
# - {name: memberprob, datatype: float64}
# meta: !!omap
# - comments: [deg deg mas/yr mas/yr mas/yr mas/yr dimless mag   mag   zeroone float]
# - __serialized_columns__:
#     bp_rp:
#       __class__: astropy.units.quantity.Quantity
#       unit: &id001 !astropy.units.Unit {unit: mag}
#       value: !astropy.table.SerializedColumn {name: bp_rp}
#     g_mag:
#       __class__: astropy.units.quantity.Quantity
#       unit: *id001
#       value: !astropy.table.SerializedColumn {name: g_mag}
#     pm_corr:
#       __class__: astropy.units.quantity.Quantity
#       unit: !astropy.units.Unit {unit: ''}
#       value: !astropy.table.SerializedColumn {name: pm_corr}
#     pmx:
#       __class__: astropy.units.quantity.Quantity
#       unit: !astropy.units.Unit {unit: mas / yr}
#       value: !astropy.table.SerializedColumn {name: pmx}
#     pmx_e:
#       __class__: astropy.units.quantity.Quantity
#       unit: !astropy.units.Unit {unit: mas / yr}
#       value: !astropy.table.SerializedColumn {name: pmx_e}
#     pmy:
#       __class__: astropy.units.quantity.Quantity
#       unit: !astropy.units.Unit {unit: mas / yr}
#       value: !astropy.table.SerializedColumn {name: pmy}
#     pmy_e:
#       __class__: astropy.units.quantity.Quantity
#       unit: !astropy.units.Unit {unit: mas / yr}
#       value: !astropy.table.SerializedColumn {name: pmy_e}
#     x:
#       __class__: astropy.units.quantity.Quantity
#       unit: &id002 !astropy.units.Unit {unit: deg}
#       value: !astropy.table.SerializedColumn {name: x}
#     y:
#       __class__: astropy.units.quantity.Quantity
#       unit: *id002
#       value: !astropy.table.SerializedColumn {name: y}
# schema: astropy-2.0
x y pmx pmy pmx_e pmy_e pm_corr g_mag bp_rp filter memberprob
[from data line 1657]
-0.007881372 -0.0907947 -2.683555 4.552257 0.5532542 0.6250816 0.8154181 18.25458 1.765398 1 0.0
0.0246377 -0.1383695 3.005069 -2.072585 0.28893 0.2366716 0.2369337 18.06746 1.817991 1 0.0
0.0236677 -0.07119996 -1.273 -7.330448 3.347467 3.409507 -0.03454322 20.86178 1.237759 0 0.0
-0.0685163 -0.08971111 1.179118 -4.760932 1.120213 1.146925 0.526014 19.99863 1.945786 1 0.9297836
0.04679797 -0.0686821 -0.710742 -6.717742 0.8679351 0.852583 0.4215843 19.54161 1.572054 0 0.0
0.03904407 -0.1225164 -30.26925 -21.39295 0.3429667 0.3579573 0.4910558 18.22411 1.706059 0 0.0
0.06642954 -0.09964149 0.2460809 -4.136899 0.6398938 0.6728099 0.4630623 19.20989 nan 0 0.0
0.07962107 -0.09173656 2.978648 -1.132703 1.182636 1.204974 0.4430381 20.09759 1.986929 0 0.0
0.06314415 -0.1290877 -2.00468 -3.149157 2.967532 3.095379 0.3955516 20.5343 0.5059605 0 0.0
-0.09160596 -0.1538465 -1.352833 -4.995656 1.382334 1.484898 0.3153506 20.18134 1.434191 0 0.0
0.06965153 -0.09655574 -0.5831289 -5.306524 0.08751644 0.08130187 0.3518928 15.37223 2.050541 1 0.996615
0.05038431 -0.0712406 0.04214329 -5.383309 0.355646 0.371839 0.481574 18.25873 1.854996 1 0.9912743
0.0518646 -0.1808391 -9.450197 -2.67615 0.6994653 0.7144397 0.4084552 19.30034 1.784718 1 0.0
-0.04146445 -0.1154489 -1.95002 -8.893916 0.6561716 0.7534289 0.8269041 18.49858 1.827469 1 0.0002040574
-0.07042495 -0.1445274 -1.968449 -6.274769 1.951321 1.759529 0.2074675 20.62725 1.206636 0 0.0
0.004367075 -0.1039325 -0.4073392 -5.049301 0.3309249 0.344392 0.4888539 18.1933 1.693079 0 0.0
0.03998647 -0.1184534 2.076674 -2.733034 0.06655507 0.05704456 0.2877086 15.09004 2.069687 1 0.0
-0.01763816 -0.07266652 -0.1250625 -5.156097 0.3078766 0.2806318 0.2558328 18.16505 1.725601 1 0.9977636
-0.02882116 -0.118356 -0.8955408 -4.374188 1.710913 1.759693 0.3482635 20.38824 1.741726 0 0.0
0.04412023 -0.1121341 5.033768 0.1300721 0.1638044 0.1401766 0.2617348 17.09614 1.95178 1 0.0
-0.1093302 -0.1152818 -0.6038892 -4.825597 1.245887 1.09112 -0.01001847 20.1277 1.665577 0 0.0
-0.05195364 -0.06821376 0.07208596 -4.843335 0.3487846 0.3488585 0.2811752 18.39004 1.68038 1 0.9942681
0.01615804 -0.1594526 3.70743 -1.207405 2.342433 2.15502 -0.02398344 20.85856 2.963144 0 0.0
0.02312101 -0.06012874 1.65048 -1.77142 1.384505 1.484032 0.2778447 20.12215 1.788984 0 0.0
0.05336026 -0.1032742 -0.08263948 -5.309108 0.7737494 0.8064114 0.5257088 18.84606 1.743378 0 0.0
-0.008275601 -0.158062 0.699544 -5.781964 0.2591478 0.221869 0.29603 17.97072 1.90848 1 0.0008777322
0.03284334 -0.1375059 -0.1958285 -9.894486 0.5337409 0.5519591 0.4704941 18.96328 1.592997 1 0.0
-0.01371505 -0.1754518 -4.360194 -8.472479 0.1643714 0.1420494 0.2983903 17.14577 1.87154 1 0.0
-0.007759418 -0.1217438 -1.339341 -8.274782 2.358065 1.764426 0.1445177 20.56749 1.054445 0 0.0
0.05469865 -0.09049275 -0.5069952 -5.068275 0.3425482 0.3567002 0.513593 18.16778 1.844595 1 0.9954703
0.06402691 -0.1152638 0.8276494 -4.74036 1.985281 2.008997 0.1674024 20.60316 1.446161 0 0.0
0.01558062 -0.1595842 -3.621703 -2.887245 1.919055 1.926983 0.1504293 20.62972 1.926521 0 0.0
-0.003413751 -0.05215563 -1.810213 -3.160645 2.004956 1.916885 0.4490114 20.33952 nan 0 0.0
-0.06991078 -0.1223931 -0.8996795 -5.390733 0.3328981 0.3512975 0.3998783 18.11277 1.846142 1 0.9795336
-0.03881962 -0.1269405 -4.204468 -4.218034 3.203993 3.046906 0.2317813 20.90574 1.804064 1 0.5877576
0.1115239 -0.1490336 -0.9815432 1.109024 3.026184 3.182254 -0.1390161 20.96957 0.8348961 0 0.0
-0.04182865 -0.1230769 0.8956875 -0.7379569 2.090721 2.070564 0.124 20.63939 1.70747 0 0.0
0.0145779 -0.1532222 -0.5395235 -5.349349 0.1970304 0.1684051 0.2833542 17.40812 1.965113 1 0.9938473
-0.0029578 -0.05677427 -8.236485 -6.468786 0.706469 0.7046953 0.542728 19.18996 1.742926 1 0.0
0.06220775 -0.07076432 -2.150694 -4.287249 0.5354886 0.5643039 0.5615883 18.53916 1.867725 1 0.003364042
-0.006756952 -0.07809367 -2.097392 -6.398463 1.17478 1.193574 0.4615782 20.05564 1.231258 0 0.0
0.0446626 -0.1779856 -0.4746372 -3.700911 0.975315 1.00493 0.365484 19.73099 1.991522 0 0.0
0.02053706 -0.07186504 -0.445248 -4.950679 0.5381066 0.4747925 0.2859657 19.07481 1.44499 0 0.0
0.1028613 -0.1571365 -10.83928 -4.880371 2.178263 2.184974 -0.0312449 20.78223 1.337524 0 0.0
0.06214339 -0.1072018 0.4819112 -7.204092 0.72947 0.7552836 0.4629548 19.41795 1.721479 1 0.1350568
-0.003170591 -0.05166544 -0.3170637 -4.810849 0.3444866 0.3061474 0.1781372 18.16897 1.65484 0 0.0
-0.06450843 -0.04965259 -0.01338523 -7.63589 2.261689 2.157878 -0.03198825 20.67054 1.126833 0 0.0
-0.09367721 -0.1223208 -10.6239 0.120447 0.6537656 0.6902214 0.4051762 19.22742 2.188412 1 0.0
-0.01392993 -0.07826688 -6.234989 -6.24013 1.23447 1.294401 0.4608419 20.11742 1.42412 0 0.0
-0.09212485 -0.1384958 -2.826112 -5.560788 1.534352 1.65261 0.3425276 20.36166 1.345154 0 0.0
0.02913896 -0.06517297 -1.284067 -2.153657 1.686137 1.487342 0.1229429 20.53243 1.744699 0 0.0
-0.01447748 -0.05812339 -1.246067 -5.962574 0.6021867 0.6224589 0.4108709 18.9595 1.700169 1 0.9850906
-0.01250064 -0.117428 2.575986 -1.683785 0.6989492 0.7128329 0.4223599 19.19825 1.838598 1 0.0006475976
0.01612796 -0.1474201 -2.556682 -0.786595 0.274802 0.2359395 0.2346273 17.90483 1.916277 1 0.0
0.1063623 -0.1206052 -3.439306 1.530746 0.9354165 0.9541542 0.4296361 19.67165 1.937492 0 0.0
0.03154024 -0.06295388 2.01279 2.733082 2.804332 2.38882 0.5402908 20.52246 1.284992 0 0.0
0.05105125 -0.0928547 -1.259505 -6.160573 1.135557 1.166097 0.4491454 20.04611 1.660255 0 0.0
-0.009401322 -0.0718624 -0.4839517 -5.753462 1.063229 1.088131 0.4668288 19.93571 1.37158 0 0.0
0.05709824 -0.106992 -2.544614 -7.197626 1.664477 1.495199 0.07817436 20.49004 1.609789 0 0.0
-0.02231461 -0.1926047 -4.692849 -3.850719 1.686621 1.978538 0.8091534 19.77571 1.584984 0 0.0
-0.06441145 -0.1067008 -2.275603 0.5436997 1.977653 1.716411 0.1427985 20.64674 1.484798 0 0.0
0.06339203 -0.08176219 0.3919582 -4.373032 0.5875773 0.6038082 0.4703383 19.09938 1.560072 1 0.9768256
-0.01569096 -0.1514155 -0.3184538 -5.1338 0.1574331 0.1321161 0.1923677 16.92665 1.928195 1 0.9976398
0.05977551 -0.07813026 0.7146367 -4.936912 0.8217265 0.8518376 0.436842 19.55138 1.659958 0 0.0
-0.07374607 -0.07164434 -0.2010612 -5.889665 0.4740529 0.4396244 0.33802 18.9344 1.916222 1 0.9742229
0.01430577 -0.09219385 -1.385481 -4.290765 0.666336 0.6980706 0.4768508 19.2627 1.65097 1 0.8278483
-0.01079862 -0.1210705 -0.1217338 -6.120443 1.298661 1.345699 0.477239 20.02347 1.611452 0 0.0
-0.005084773 -0.1411805 -5.483749 -3.589628 0.1245263 0.09840017 0.1767688 16.42815 1.869556 1 0.0
0.01494405 -0.0913718 -9.792531 -5.728593 0.4917583 0.5129121 0.4844366 18.80552 1.682095 0 0.0
0.03320916 -0.1161379 -2.266144 -2.638797 0.3539259 0.3666337 0.5083121 18.26673 1.712679 1 0.0
-0.008671301 -0.1125818 -0.8577671 -6.121134 0.6558157 0.6726788 0.5004603 19.17011 1.574825 0 0.0
0.1161413 -0.1594047 -4.305313 -23.26362 0.4057784 0.3937514 0.3485754 18.56581 1.629377 1 0.0
-0.1116139 -0.09119866 -0.4233699 -0.3114667 1.337419 1.152124 -0.02314481 20.16783 1.794868 0 0.0
0.08806638 -0.1206382 -4.400487 -5.516947 0.6455437 0.6285484 0.2213715 18.97469 1.73101 1 3.858778e-06
-0.08279182 -0.1609702 -4.697571 -3.799068 0.4102259 0.4465586 0.3569378 18.49969 1.626495 1 0.0
0.03104997 -0.1435368 -0.6393219 -1.482733 2.054967 1.964888 0.2301357 20.61543 1.307629 0 0.0
-0.003930477 -0.05100931 0.6517401 -7.241113 1.617699 1.548206 0.4947912 20.08583 1.455816 0 0.0
0.05438959 -0.1498297 -2.668638 0.514288 1.260139 1.295085 0.4401549 20.07551 1.569 0 0.0
-0.1119391 -0.1425907 -5.495777 -11.52474 1.595577 1.243842 0.3812155 20.17211 1.627556 0 0.0
-0.01860811 -0.1626408 -4.442982 2.571349 0.3965706 0.4115549 0.5120439 18.37347 1.86779 0 0.0
-0.04167192 -0.1946436 -2.16616 -4.562844 0.6299632 0.6915251 0.368872 19.13856 1.666859 1 0.07991315
0.05491317 -0.07010371 -0.3061959 -5.045806 1.163419 1.186896 0.499892 19.94376 1.37121 0 0.0
-0.03265049 -0.1197685 0.4648623 -8.114203 2.477381 2.225431 0.1604127 20.82779 1.507275 0 0.0
0.01819491 -0.1341002 -6.022599 -1.477364 0.05795255 0.04987416 0.3018519 14.66067 1.986075 1 0.0
0.05196223 -0.1028488 -1.476391 -4.153717 0.1489262 0.1270489 0.3079519 16.92451 2.103694 1 0.0
0.05910575 -0.08986706 3.528413 -11.28071 0.7105361 0.7515547 0.4407882 19.38875 1.541859 1 0.0
0.04251251 -0.0664154 -16.58977 -13.09812 0.9866101 0.8767335 0.3099724 19.86087 1.427437 0 0.0
-0.02168078 -0.06713343 -0.4874298 -3.228788 2.521577 2.209434 0.3070792 20.55104 nan 0 0.0
-0.04346937 -0.1294871 -7.320048 4.290224 1.337766 1.395997 0.3063157 20.19218 1.370035 0 0.0
-0.03088521 -0.1714403 8.541508 -4.203778 0.2771157 0.2312864 0.133057 17.89509 1.629063 1 0.0
0.01518616 -0.134464 6.141479 -4.347107 0.7082732 0.7447497 0.4768149 18.88511 3.313242 0 0.0
-0.06437679 -0.1484321 2.592193 -1.71336 1.950113 2.445197 0.7654382 20.10776 1.75486 0 0.0
0.04174979 -0.1097045 1.544458 -5.555806 1.996865 1.554443 0.0279228 20.60985 1.067734 0 0.0
0.02381716 -0.1379022 -1.453877 -8.067573 1.506044 1.223475 0.001251239 20.3365 0.1645184 0 0.0
-0.09488505 -0.1739852 -15.06972 -1.711207 1.153095 1.127813 0.04296004 19.97963 2.276381 0 0.0
0.06795072 -0.0853685 -0.451463 -4.820023 0.1772394 0.1653428 0.3730168 17.1952 1.958622 1 0.9940996
0.09399309 -0.1187432 0.4062183 -5.292949 1.279727 1.30663 0.4431623 20.20658 1.61685 0 0.0
-0.0003437964 -0.1159702 -1.619333 -6.134082 1.160126 1.199529 0.4524416 20.04348 1.849403 1 0.9243775
0.01038455 -0.121905 0.5088866 -3.205363 0.122966 0.1011262 0.2513921 13.04345 2.88741 1 0.0
0.06417146 -0.1875197 1.457209 -1.499169 1.686686 1.623454 0.2121743 20.56125 1.622507 0 0.0
0.04099099 -0.09410234 -3.125577 -2.882782 0.1898087 0.1624182 0.2864199 17.40661 1.940439 1 0.0
0.005887022 -0.07075419 -0.09269376 -4.598586 0.5036388 0.5209763 0.4609553 18.89421 1.623058 1 0.9935717
0.05074508 -0.1206604 0.4668681 -4.330189 0.3828133 0.4052707 0.4761 18.38894 1.678289 1 0.927225
-0.0007388655 -0.1408596 1.610309 -2.923432 0.193296 0.1578134 0.2381772 17.34852 1.720074 1 0.0
-0.04049545 -0.05988212 -1.247177 -5.526284 0.8753537 0.8683001 0.4175565 19.71403 1.63591 0 0.0
-0.0359052 -0.07101218 1.528237 -2.73681 0.2689795 0.2187979 0.3062541 17.66176 1.985846 0 0.0
0.0345462 -0.1202178 -3.979586 -2.379874 1.026598 1.05533 0.4564311 19.88005 1.562265 0 0.0
0.02889532 -0.07586078 0.04404854 -5.239767 0.5138219 0.5353667 0.487625 18.87568 1.956268 0 0.0
-0.008305788 -0.1733803 -1.237904 -4.218201 1.167517 1.015205 0.3027549 20.09628 1.313738 0 0.0
0.02901687 -0.0762742 0.5793755 -3.209233 0.4967167 0.471578 0.2390849 18.83318 nan 0 0.0
-0.08163683 -0.1623252 -5.62469 -4.501662 0.3630849 0.39701 0.3695918 18.2981 1.769978 1 0.0
-0.001954741 -0.06463969 0.2925953 -5.150143 0.4757213 0.4431525 0.3597798 18.90196 1.517347 0 0.0
-0.01259028 -0.1938852 -2.635574 -8.587227 0.6732354 0.7033881 0.3662271 19.27107 1.802544 1 0.0003435238
0.02636962 -0.1472206 -3.886046 -4.133475 2.039016 1.96531 -0.1054962 20.63942 1.488337 0 0.0
0.04223749 -0.08850055 -1.494301 -5.133809 1.107079 1.129064 0.4650528 19.98367 1.77825 0 0.0
0.02108419 -0.07093332 -7.832817 3.126977 2.220569 2.180298 0.08051566 20.73171 1.056547 0 0.0
-0.1247985 -0.1217935 -3.691609 6.281643 0.3368568 0.3457528 0.1939653 18.25742 1.806345 1 0.0
-0.03608051 -0.1937874 2.306854 -4.45438 0.5574306 0.6023618 0.2996662 18.97208 1.607929 1 0.00250579
0.01384975 -0.09778999 -1.056392 -7.917049 3.02204 2.440657 0.5461424 20.67602 1.194452 0 0.0
0.04120453 -0.08206271 -0.3686791 -5.305153 0.3943564 0.4089204 0.5076323 18.35272 1.863718 1 0.995868
-0.0559042 -0.07633701 -0.373431 -5.956236 0.7519921 0.7485318 0.4435403 19.50111 1.729288 0 0.0
0.0430598 -0.06364167 -1.490304 -6.688658 0.6436663 0.6766403 0.4773664 19.21067 1.686905 1 0.9325167
-0.03410591 -0.1820781 -2.972588 -8.780834 0.5495591 0.4596148 0.173802 17.62669 1.80957 0 0.0
0.06782957 -0.08135161 -0.02924038 -6.195054 0.5847913 0.6093516 0.4675129 18.90455 1.616211 1 0.926064
0.02169104 -0.1014351 -0.1615757 -4.787224 0.3410206 0.3377714 0.4773328 18.11786 1.845417 1 0.9944999
-0.01660318 -0.1323783 -0.3105978 -4.837331 0.3026986 0.2708841 0.3031306 18.12435 1.762241 1 0.9920585
0.04181236 -0.08265116 3.409109 -0.2999687 0.5143659 0.5301773 0.4803892 18.82162 1.832827 1 0.0
0.03740618 -0.06718326 0.9619036 -3.350383 0.8636364 0.9065454 0.5174919 19.58692 1.150669 0 0.0
-0.06979744 -0.04766378 0.3798353 -8.829914 3.300191 3.076721 0.4643004 20.75834 1.97032 0 0.0
0.0359768 -0.08197275 -0.1533434 -0.2742797 0.3928142 0.3872874 0.4916499 18.33346 1.783472 1 0.0
-0.005388229 -0.1936829 -0.5046211 -5.441669 0.7094519 0.7304432 0.5241691 19.3091 1.486532 0 0.0
0.03861777 -0.1357391 0.02893399 -3.833972 1.543509 1.324894 0.04180575 20.45266 1.517418 0 0.0
0.05402878 -0.1046333 -5.405723 -1.290407 2.819351 2.409313 0.4962468 20.66649 1.526127 0 0.0
0.01950335 -0.08189575 -1.235586 -13.39802 0.7313725 0.7618207 0.5065593 19.2542 1.442606 0 0.0
0.04722304 -0.07473462 -0.6305131 -5.024859 0.2009718 0.1705311 0.2744734 17.19539 1.999893 1 0.9974849
0.04679346 -0.1296547 0.5293473 -5.338061 1.154637 1.175362 0.4039943 20.10719 1.650173 0 0.0
-0.1108139 -0.14645 -1.891897 -2.207383 1.757019 1.702316 0.2349362 20.55425 1.370625 0 0.0
0.08615042 -0.129911 -2.440184 -5.242349 0.3507441 0.3301064 0.4909329 18.06 1.943182 1 7.443257e-06
0.006980953 -0.09487403 -0.472754 -5.983615 0.5210216 0.4673085 0.2512683 19.03337 1.602327 0 0.0
-0.007060381 -0.1238557 -0.5029011 -4.794434 0.5487773 0.486093 0.2721331 19.10651 1.668711 1 0.9831223
-0.1081744 -0.1207371 -0.619942 -4.828916 0.508415 0.4796376 0.1392071 18.97032 1.733387 1 0.9675119
0.03923067 -0.0538348 6.239964 6.286842 2.117413 1.695557 -0.130846 20.70457 1.260935 0 0.0
0.004670551 -0.1646752 2.058015 -5.949242 2.645874 2.39582 0.3180332 20.78507 2.063711 0 0.0
-0.01596554 -0.1096704 -7.521575 -2.299884 1.045059 1.093148 0.3093526 19.77386 2.123777 0 0.0
0.01855881 -0.1608397 -1.84189 4.179668 1.239821 1.2512 0.3963723 20.1804 1.856209 1 0.0
-0.09221518 -0.1442412 -0.5207346 -5.346383 0.1280393 0.1019375 0.1126772 15.8545 2.045109 1 0.9915939
0.00129744 -0.08733139 -2.200721 -7.751649 2.108451 2.269965 0.3647583 20.68589 1.118019 0 0.0
-0.05237986 -0.05974422 0.5516811 -3.273565 1.34678 1.333595 0.3457536 20.24957 1.577995 0 0.0
0.004944676 -0.08623468 -0.002617342 -5.182875 0.392353 0.4062653 0.4816505 18.47328 1.687477 1 0.9947037
-0.01365538 -0.1247427 -1.504705 -4.818938 0.914106 0.9382471 0.4551502 19.68791 1.572807 0 0.0
0.06052467 -0.1890442 -1.480878 -11.03678 2.302011 2.180782 0.3894179 20.46738 1.390905 0 0.0
0.0164317 -0.1537911 0.6696578 -4.642777 2.969196 2.729206 0.5542717 20.71896 1.441431 0 0.0
-0.04826873 -0.1618541 1.22974 -6.075862 1.638301 1.739682 0.3852528 20.38496 1.263178 0 0.0
-0.08027465 -0.1204036 3.110834 -4.980489 0.7527078 0.7938281 0.3955819 19.41185 1.815996 1 0.002753742
0.06553927 -0.1844795 -1.760506 -5.034441 1.670737 1.685336 0.2020656 20.4887 1.195545 0 0.0
0.02448823 -0.07429896 -2.206069 -3.371683 1.161688 1.019332 0.3003162 20.13671 1.601957 0 0.0
0.01546047 -0.1024378 -1.568339 -2.12138 0.182243 0.1525963 0.2489547 17.27547 1.906923 1 0.0
-0.04410763 -0.1288563 -4.956688 -2.158134 1.58094 1.663603 0.3525351 20.38463 0.9178219 0 0.0
0.02676821 -0.06452151 0.02257596 -4.13976 0.5362251 0.4908736 0.3353199 18.98997 1.759949 1 0.9783898
0.03989898 -0.05992977 -0.23854 -4.937924 0.6780108 0.7180437 0.4638455 19.26363 1.474577 0 0.0
0.01837832 -0.09768377 -0.5298972 -5.150215 0.1219844 0.1017156 0.2600628 16.51729 1.994689 1 0.9989407
0.0333638 -0.06541207 -1.588812 -5.236196 0.5249249 0.5407287 0.4806474 18.7935 1.693806 1 0.9407996
0.01108395 -0.09956902 1.556228 -5.804135 1.098375 1.182056 0.4496979 19.55506 1.811926 0 0.0
0.0006895343 -0.1191912 0.3434296 0.8918464 0.9527897 0.9823657 0.4895072 19.79129 1.668356 0 0.0
