scripts/get_globular_clusters/output/NGC_6626_M_28.csv
# %ECSV 0.9
# ---
# datatype:
# - {name: x, unit: deg, datatype: float64}
# - {name: y, unit: deg, datatype: float64}
# - {name: pmx, unit: mas / yr, datatype: float64}
# - {name: pmy, unit: mas / yr, datatype: float64}
# - {name: pmx_e, unit: mas / yr, datatype: float64}
# - {name: pmy_e, unit: mas / yr, datatype: float64}
# - {name: pm_corr, datatype: float64}
# - {name: g_mag, unit: mag, datatype: float64}
# - {name: bp_rp, unit: mag, datatype: float64}
# - {name: filter, datatype: int64}
# - {name: memberprob, datatype: float64}
# meta: !!omap
# - comments: [deg deg mas/yr mas/yr mas/yr mas/yr dimless mag   mag   zeroone float]
# - __serialized_columns__:
#     bp_rp:
#       __class__: astropy.units.quantity.Quantity
#       unit: &id001 !astropy.units.Unit {unit: mag}
#       value: !astropy.table.SerializedColumn {name: bp_rp}
#     g_mag:
#       __class__: astropy.units.quantity.Quantity
#       unit: *id001
#       value: !astropy.table.SerializedColumn {name: g_mag}
#     pm_corr:
#       __class__: astropy.units.quantity.Quantity
#       unit: !astropy.units.Unit {unit: ''}
#       value: !astropy.table.SerializedColumn {name: pm_corr}
#     pmx:
#       __class__: astropy.units.quantity.Quantity
#       unit: !astropy.units.Unit {unit: mas / yr}
#       value: !astropy.table.SerializedColumn {name: pmx}
#     pmx_e:
#       __class__: astropy.units.quantity.Quantity
#       unit: !astropy.units.Unit {unit: mas / yr}
#       value: !astropy.table.SerializedColumn {name: pmx_e}
#     pmy:
#       __class__: astropy.units.quantity.Quantity
#       unit: !astropy.units.Unit {unit: mas / yr}
#       value: !astropy.table.SerializedColumn {name: pmy}
#     pmy_e:
#       __class__: astropy.units.quantity.Quantity
#       unit: !astropy.units.Unit {unit: mas / yr}
#       value: !astropy.table.SerializedColumn {name: pmy_e}
#     x:
#       __class__: astropy.units.quantity.Quantity
#       unit: &id002 !astropy.units.Unit {unit: deg}
#       value: !astropy.table.SerializedColumn {name: x}
#     y:
#       __class__: astropy.units.quantity.Quantity
#       unit: *id002
#       value: !astropy.table.SerializedColumn {name: y}
# schema: astropy-2.0
x y pmx pmy pmx_e pmy_e pm_corr g_mag bp_rp filter memberprob
[from data line 10779]
0.03572044 0.05431283 0.2021959 -9.029817 0.4867966 0.3928678 -0.2223799 18.38825 nan 0 0.0
-0.01947138 -0.03491503 -1.709678 -4.673929 0.1518024 0.1229082 -0.3866845 16.13945 1.214055 1 0.0
-0.005995774 0.05822027 1.609905 -1.000947 0.2955738 0.2566596 0.04821213 17.5788 1.421495 0 0.0
0.01458599 0.05906261 -2.251912 -5.948786 0.4893502 0.4063091 -0.1482637 18.38429 1.486975 0 0.0
-0.009260662 0.007402592 -4.931426 -15.40736 0.8025887 1.013976 0.8235799 17.18401 1.49662 0 0.0
0.009211237 0.04871195 -1.995243 -8.972708 0.5241568 0.4304464 -0.1956905 18.45224 1.351887 0 0.0
0.02608064 0.05314222 0.08525334 -9.90172 0.4709057 0.3910445 -0.1662227 18.45055 nan 0 0.0
0.01206042 0.009982993 0.3282345 -9.527077 0.1190087 0.09724104 -0.1972345 15.3177 1.560114 0 0.0
0.01572421 0.07863566 -5.918407 -5.576793 0.7062767 0.6186386 -0.004198394 18.93586 1.664488 1 0.0
-0.0007046735 0.01333479 -0.3740335 -9.037489 0.2026524 0.155925 -0.7193948 14.30811 1.61813 1 0.9955436
-0.04608502 0.0006213529 -2.128781 -2.039089 0.2723625 0.2284939 -0.1935746 17.14801 1.559124 0 0.0
-0.04063002 -0.0008644657 -0.09901923 -10.31072 0.4698257 0.3716224 -0.4679187 18.06169 1.091366 0 0.0
-0.01460938 0.04692043 -0.4273474 -10.07088 0.6708256 0.5867995 0.01765213 18.81289 1.245266 0 0.0
-0.004442824 0.01065298 0.1061732 -8.934265 0.6402556 0.4925572 -0.8010329 15.39417 1.505384 0 0.0
-0.01753998 0.008761634 -0.2532066 -9.503191 0.194702 0.1505271 -0.5981004 16.08245 0.6825628 0 0.0
0.04003483 0.03327345 -0.4549824 -3.2785 0.6876782 0.5813788 -0.09630625 18.7478 1.266306 0 0.0
0.008712124 0.04107115 0.2083756 -4.240818 0.6136587 0.4897252 -0.2823492 18.7777 nan 0 0.0
-0.04783488 0.01490482 -5.352264 -4.353233 0.684107 0.6357072 -0.06429083 18.58419 1.398308 0 0.0
-0.03569594 -0.02060591 -1.58722 -10.56658 0.9798634 0.955014 0.04376718 18.6478 nan 0 0.0
-0.03968853 -0.001228463 -3.872515 0.4056927 1.095078 0.8873515 -0.2612281 18.06133 1.46175 0 0.0
0.01117644 0.03316308 -5.218408 -4.897162 0.1372543 0.111535 -0.2106477 15.71416 1.827909 1 0.0
0.00389243 0.02745674 -0.1070193 -2.01603 1.219289 0.9333653 -0.2888932 18.51395 1.164305 0 0.0
0.007659597 0.04037122 -0.5704744 -8.458908 0.367284 0.3126858 -0.01909279 17.87887 1.47559 0 0.0
-0.01059347 0.05083471 -1.129291 -4.33709 1.243305 1.032793 -0.1152344 18.15695 1.366014 0 0.0
0.01076443 0.07258609 -2.343202 -5.924784 0.2503566 0.216445 0.03713456 17.31496 nan 0 0.0
-0.03517886 0.01067857 -0.958904 -8.553206 0.5434073 0.4387477 -0.391504 18.17421 1.230417 0 0.0
-0.01665623 0.02599465 -1.706884 -8.622501 0.7275781 0.5744508 -0.43485 17.02407 1.373408 0 0.0
-0.003058946 0.0360322 2.908992 1.436078 0.4566898 0.375145 -0.2028235 18.3299 1.524818 0 0.0
-0.02302814 0.03882436 -4.43788 -6.064932 0.6200859 0.5410472 0.138499 18.55314 1.216825 0 0.0
-0.02373836 -0.01264748 0.1366875 -8.8642 0.6865794 0.6424289 -0.1294395 17.97028 1.610474 0 0.0
-0.02833189 -0.02207266 -2.148995 -2.955743 0.2579804 0.2091052 -0.3903931 16.86357 1.284199 0 0.0
-0.002725412 -0.017673 -0.3647308 -8.217669 0.2486869 0.202516 -0.3626163 16.94576 1.450412 0 0.0
0.01446999 0.01458898 -0.0165251 -9.030626 0.1258328 0.1077674 -0.1049653 15.63804 0.6356783 0 0.0
0.01546933 0.03429558 -3.570269 -3.051248 0.6514004 0.5682937 0.03218199 18.39681 nan 0 0.0
-0.01939479 0.006184529 -1.192697 -9.761125 0.5625861 0.4364286 -0.1804552 18.02905 nan 0 0.0
0.008408817 0.06110595 -2.850777 -3.437281 1.050118 0.9054153 -0.2831452 19.01971 0.9140453 0 0.0
-0.0039448 0.0231385 0.1414408 -8.868201 0.06921828 0.05675373 -0.1859894 13.51498 1.773954 1 0.9902221
0.001372095 0.01013616 -1.758007 -3.734342 0.3753177 0.2922091 -0.8154246 15.79261 1.510005 0 0.0
-0.05120699 -7.684513e-05 -2.295544 -2.321969 0.1695374 0.1349131 -0.4500417 16.25648 1.716789 1 0.0
0.005802002 -0.0003810871 -0.9805329 -8.099805 0.7157352 0.6426287 0.1030272 15.78243 1.078233 0 0.0
-0.05123333 -0.003317442 -2.300172 -1.31192 0.4581517 0.3757762 -0.2779675 15.62043 1.289661 0 0.0
-0.01698573 0.005391426 -2.168405 -7.643148 1.205666 1.052066 0.1024356 18.42667 nan 0 0.0
-0.003086286 0.02178049 0.5448915 -9.919401 0.5058875 0.4199629 -0.06900266 18.3109 1.188906 0 0.0
-0.03024527 -0.008756005 -1.029083 -8.104332 0.7026532 0.5931772 -0.2592209 18.45379 1.059029 0 0.0
0.01134168 0.02299118 0.2889952 -9.00636 0.6009664 0.4388039 -0.414726 18.26605 1.285948 0 0.0
-0.02672984 -0.005659567 0.4978111 -5.274587 0.5020841 0.4213508 -0.1030816 17.43223 nan 0 0.0
0.01834978 0.03515731 -3.173712 -13.86493 1.389016 1.11738 -0.2532322 18.68451 1.299263 0 0.0
-0.05250875 0.0009544844 -2.749564 -4.586682 0.1560923 0.1247756 -0.4167961 14.44071 2.993521 1 0.0
0.001510771 0.02859739 -0.0866033 -8.912565 0.1858007 0.1532156 -0.1769345 16.94458 1.445654 0 0.0
0.01544078 0.02746156 1.301288 -8.43207 1.17514 1.030852 0.06893335 18.68351 nan 0 0.0
0.01101381 0.07306481 -0.5717954 -2.208346 0.1370057 0.1113303 -0.2271848 16.2346 1.710903 1 0.0
-0.01042701 0.04764946 -5.355808 -7.313026 0.6409343 0.5317889 -0.1529069 18.66868 1.313555 0 0.0
0.02599444 0.03835266 -1.063733 -5.397083 0.8682833 0.7649064 0.07855989 17.80959 1.184818 0 0.0
-0.01394392 0.04073307 -2.018277 -7.652203 0.6032295 0.5002653 -0.1641597 18.48694 1.23991 0 0.0
-0.01100623 0.02013972 0.3984976 -9.168455 0.4251213 0.3378842 0.0194808 17.48318 1.351114 0 0.0
0.005499273 0.04090539 -0.5359676 -8.500574 0.1413405 0.1128054 -0.2506443 15.61285 1.64482 0 0.0
-0.02210314 -0.02279046 -2.682701 -1.339181 0.354691 0.2738413 -0.5925851 15.77931 1.653563 0 0.0
-0.001147697 0.01036314 -0.7261588 -8.782802 0.3920602 0.3185298 -0.3248624 16.72271 nan 0 0.0
0.01175835 0.03649326 -1.58794 -9.661583 0.9369637 0.8965589 0.3299151 18.81207 nan 0 0.0
-0.01687125 -0.02185313 0.3434597 -9.303939 0.1286912 0.09880609 -0.5625072 15.06721 1.486814 1 0.9575041
0.01359065 0.07633375 0.4055226 -1.263909 0.9653173 0.8456372 0.01561865 18.79547 nan 0 0.0
0.0005139223 0.06251004 0.8530887 -9.792354 0.4882761 0.4032123 -0.1808299 18.52919 1.229967 0 0.0
-0.04292761 -0.00224807 -2.009652 -8.782174 0.6483873 0.541812 -0.2700219 18.57862 1.37096 0 0.0
0.01984196 0.01405609 -5.467503 -5.123014 1.180056 0.8474474 -0.2619473 18.78222 nan 0 0.0
-0.02557209 0.01887681 -0.884332 -9.131674 0.2226588 0.1733261 -0.2846488 16.61549 1.5698 0 0.0
-0.01853701 0.01007184 -1.618476 -9.409509 0.2264548 0.1908855 -0.2552039 15.7743 1.685021 0 0.0
-0.01316137 -0.02539653 -2.983207 -1.313302 0.5689505 0.4576223 -0.3741892 18.17139 1.145435 0 0.0
0.03375275 0.05064746 -3.010132 -5.305167 0.8581012 0.6733041 -0.5355286 18.74853 1.256521 0 0.0
0.03612821 0.02782155 1.36257 -1.206147 0.9539554 0.8262389 0.3176414 17.62156 1.389299 0 0.0
-0.0005664441 0.06237271 -2.334941 -9.054076 0.2717879 0.2404134 0.04916363 16.65014 1.785929 0 0.0
-0.0366178 0.007464273 -2.379641 -7.264781 0.5879154 0.4871087 -0.3078316 17.8429 1.211975 0 0.0
-0.005190578 0.0135197 -0.6263411 -8.653219 0.2304881 0.1895473 -0.3606518 16.17007 1.474587 0 0.0
-0.04537066 0.01565915 0.1295522 -8.832725 0.5303557 0.4614272 -0.1657552 18.09775 1.349936 0 0.0
0.01098549 0.06611063 -5.262324 -5.310599 0.6453195 0.52824 -0.2217457 18.77304 1.466465 0 0.0
-0.002864494 0.01091433 -2.050047 -10.88199 1.162 1.028374 -0.1527517 16.20874 1.192682 0 0.0
0.00475145 0.04073758 1.728953 -4.290711 0.6042874 0.48537 -0.2271784 18.45053 1.171667 0 0.0
0.0249686 0.03301611 -1.208567 -8.622552 0.8849856 0.7599557 0.09220346 18.86475 0.7261353 0 0.0
-0.007792529 -0.002034868 0.3150322 -8.888804 0.1393862 0.116523 -0.3425389 14.09076 1.649383 0 0.0
0.0005967909 0.01342634 1.539254 -8.809013 0.5334022 0.467895 -0.7410789 15.75791 1.457144 0 0.0
0.0161061 0.03260941 -0.7511517 -8.881763 0.5476513 0.4449271 -0.07619711 18.60009 1.304113 0 0.0
-0.006909857 0.05745156 -0.2838094 -9.246166 0.3423966 0.2994198 0.1900473 17.54136 1.370865 0 0.0
-0.003473589 0.007746213 -0.8150275 -8.793253 0.1087027 0.08399702 -0.5577505 14.45868 1.659305 1 0.9849562
-0.01712655 0.02260904 -2.149263 -7.724257 0.783892 0.6235516 -0.3876103 18.34083 1.400356 0 0.0
-0.01966749 -0.02012548 0.3807242 -8.815906 0.2746399 0.2108863 -0.5213664 16.72349 1.373446 0 0.0
-0.04378967 0.008356487 -7.72148 -8.185655 0.5061111 0.4058155 -0.4322393 18.27977 1.078398 0 0.0
0.00746555 0.03755599 -2.972525 -5.531699 0.1269083 0.1000011 -0.2994058 13.91339 2.544583 1 0.0
-0.01662735 0.01714265 -1.238399 -9.445993 0.9703704 0.892908 0.07069986 18.20855 nan 0 0.0
0.001206352 0.05088285 -0.4629816 -8.889426 0.1986213 0.1709427 -0.015137 16.73606 0.7535191 0 0.0
-0.03592572 0.008015699 -3.481352 -10.34456 0.7239911 0.6551857 -0.2151748 18.3591 1.264343 0 0.0
-0.01485901 0.04977379 6.001866 4.008642 0.6875878 0.5769451 -0.08866947 18.86629 1.82576 0 0.0
-0.02056308 0.0383594 -2.124277 -6.468795 1.546351 1.437054 0.4526461 19.10478 1.031498 0 0.0
0.03397193 0.04184498 -0.06028276 -9.010926 0.07471228 0.05969243 -0.2944437 14.05171 1.636108 1 0.9915758
-0.02338837 0.03975508 -2.473595 -10.65742 0.3999266 0.3505897 0.1692932 17.58406 1.373747 0 0.0
0.02397808 0.06665429 1.501644 -4.959792 0.5443526 0.4409677 -0.305939 18.51914 1.183109 0 0.0
0.02101132 0.05146853 1.796203 -3.805429 0.1977413 0.168371 -0.09308777 16.89321 1.248287 0 0.0
-0.00178452 0.006987124 0.2099935 -8.130269 0.2305917 0.1851514 -0.3645933 15.79701 1.357111 0 0.0
-0.003667234 0.00165795 -0.5361969 -9.072605 0.4218079 0.3624208 -0.2143332 13.74303 1.576119 0 0.0
0.02746174 0.03563246 -3.982027 -3.858212 1.723236 2.167706 0.6814945 19.11041 nan 0 0.0
0.006964827 -0.001376783 0.1261539 -7.164384 0.6996986 0.7063718 0.3252924 16.71287 nan 0 0.0
0.0121449 0.02437012 -0.769821 -9.000284 0.4483803 0.3776302 -0.07957775 18.0699 1.289038 0 0.0
0.04394226 0.04006419 -1.491613 -7.084128 0.2432738 0.2075262 -0.02512623 17.23343 1.743336 1 0.0
-0.003252366 0.01888513 0.7352361 -8.666592 0.2311365 0.1694181 -0.6021696 16.45289 1.473162 0 0.0
0.00569218 0.01978531 -1.033411 -7.515875 0.5282992 0.3952275 -0.4999841 17.90687 nan 0 0.0
0.01970278 0.009520433 -0.795151 -9.732045 0.4361782 0.3571627 -0.1649917 18.23493 1.266096 0 0.0
0.0138055 0.01542257 -1.329359 -11.57496 0.5765398 0.4535645 -0.2566767 17.53251 nan 0 0.0
-0.01930988 -0.005614317 -0.9731818 -8.809643 0.1841329 0.1469473 -0.4547354 16.38196 1.477931 0 0.0
-0.01396936 0.02068493 -3.130922 -5.629102 0.1385311 0.1092979 -0.493761 15.66132 1.666364 1 0.0
-0.04259777 0.004736755 -7.086355 -6.174468 1.073143 1.042491 0.1666025 18.93617 1.07209 0 0.0
0.003586898 -0.003560553 0.7481357 -9.295964 0.1426421 0.1165372 -0.3918019 13.07408 1.740854 0 0.0
-0.008347327 0.01355386 0.4083235 -9.979723 0.2028463 0.1665768 -0.274345 16.09283 1.492768 0 0.0
0.01471808 0.005086541 0.3535784 -8.979236 0.1873843 0.1656776 0.07045975 15.30818 1.214845 0 0.0
0.01452701 0.0285603 -2.117767 -0.986422 0.7279171 0.5824166 -0.281606 18.47252 nan 0 0.0
-0.05604814 -0.009342939 -6.108973 -6.461375 0.1646419 0.1311769 -0.4353507 16.07937 1.543493 0 0.0
0.03804282 0.03993645 -2.576331 -3.002978 0.20123 0.1640708 -0.1999442 16.99444 1.473633 0 0.0
0.0446644 0.04570015 -0.2518822 -4.512971 0.8823318 0.6808719 -0.5246153 18.66733 1.400366 0 0.0
-0.03924014 -0.01820754 -3.370479 -5.400065 0.7885446 0.6146415 -0.504688 18.59503 1.434628 0 0.0
0.04623798 0.03174923 -0.1428724 -0.6557699 0.5608784 0.4496541 0.7381863 17.4889 1.518332 0 0.0
0.01438922 0.03442923 -0.4613722 -7.520848 0.9447779 0.7076614 -0.5475342 18.45917 nan 0 0.0
-0.01884247 0.01578811 2.379323 -10.20648 0.6598507 0.5253026 -0.0536207 18.14516 1.322569 0 0.0
-0.01313322 -0.02984828 -4.602275 -8.125296 0.223218 0.1777448 -0.303757 16.64713 1.610505 0 0.0
-0.02022853 0.0249508 -3.66403 -5.274974 0.4137109 0.3335899 0.07487897 17.23526 1.394248 0 0.0
0.01913015 0.06684587 0.4153103 0.08746235 0.2012393 0.1647565 -0.2117843 17.01877 1.28606 1 0.0
-0.004692914 0.03380627 1.160199 -9.301258 1.444093 1.235353 -0.03565745 18.80799 1.214703 0 0.0
0.02031304 0.01609496 -2.264826 -7.558172 0.1399829 0.1162419 -0.1549774 16.2264 1.720615 0 0.0
-0.01867161 -0.01540464 -3.89074 -2.88899 0.4705034 0.4070807 -0.1974187 16.38315 1.591619 0 0.0
-0.01674143 0.04165206 -1.880188 2.79585 0.4642842 0.378193 -0.1816903 18.3768 1.37764 0 0.0
0.008434342 0.02914833 -0.04413237 -10.03922 1.025364 0.9018639 0.07038247 18.47241 0.7126808 0 0.0
0.02139366 0.01994572 0.005854901 -8.730191 0.1001697 0.08002189 -0.2845953 15.31138 1.540399 0 0.0
-0.02861052 -0.01429646 -1.943814 -3.645849 0.322471 0.2436073 -0.8816612 15.60525 1.6929 1 0.0
-0.05422659 0.003660271 -3.163831 -8.866387 0.6735735 0.5366978 -0.4300407 18.5295 0.8324795 0 0.0
-0.009901151 0.05282604 0.8626221 -7.556848 0.2336468 0.1887181 -0.2003517 17.07669 1.375406 0 0.0
-0.0011756 0.03271917 0.1612776 -9.440858 0.9478241 0.8214362 0.009484371 18.77631 nan 0 0.0
-0.005219471 0.04204218 0.3798471 -8.5702 0.2085881 0.1811618 -0.007503322 16.76966 1.663859 0 0.0
-0.007847735 -0.004689901 0.1478899 -9.802257 0.3302005 0.2649406 -0.4407374 16.23228 nan 0 0.0
0.01749122 0.03518986 -0.0213034 -8.219587 0.4523843 0.3862296 -0.06982413 18.21203 1.260305 0 0.0
0.008129734 0.02957751 -0.752679 -10.28861 0.7215417 0.589717 -0.1162688 18.78265 nan 0 0.0
0.02990145 0.04593158 -3.175073 -3.375525 0.3229885 0.274246 -0.06735673 17.82101 1.311001 0 0.0
0.03607492 0.03501036 1.074036 -4.6809 0.1657217 0.1317167 -0.2879169 16.2279 nan 0 0.0
-0.01189496 0.04696459 -2.825627 -7.117024 0.1929367 0.1677706 -0.009797024 16.88976 1.828424 1 0.0
-0.03843926 -0.01194737 -1.043965 -9.362693 0.7570945 0.6189764 -0.348513 18.51953 nan 0 0.0
0.007245829 0.06916838 0.6548777 1.193592 0.2101996 0.1741318 -0.1497592 17.06448 1.301809 0 0.0
0.02776435 0.0265496 -0.06110936 -11.57356 0.131574 0.1134955 -0.07653159 16.05666 1.560301 1 0.0
-0.04234218 -0.01390749 -1.663187 -8.715453 0.5256479 0.4161959 -0.4632694 18.318 1.314577 0 0.0
-0.01906773 0.04003811 0.7464227 -9.12597 0.7556656 0.5894497 -0.452387 18.72105 nan 0 0.0
0.02777172 0.05939795 -3.051616 -3.932047 0.7514989 0.6066201 -0.1973634 18.50182 nan 0 0.0
0.02929527 0.05940523 -0.5585489 -1.318713 0.5412434 0.4351992 -0.2315907 18.3589 1.269415 0 0.0
0.01003975 0.01851284 -1.825596 -9.157909 0.7238077 0.5942591 -0.1360446 17.98432 nan 0 0.0
-0.02595433 -0.00704223 -0.2340103 -8.922872 0.12572 0.09732067 -0.5401122 15.22056 1.188461 1 0.9962135
-0.007155695 -0.002504037 -1.724396 -9.27502 0.3988379 0.3433213 -0.1913372 16.09656 nan 0 0.0
0.01995931 0.05492673 -0.6201657 -9.082642 0.6183782 0.4863784 -0.3290126 18.54096 1.200573 0 0.0
0.02679196 0.0121665 5.335125 -13.71552 1.263887 0.9487013 -0.1530786 19.00762 nan 0 0.0
-0.03229084 -0.02087963 -4.501394 -6.164018 0.9372926 0.6756777 -0.4434447 18.60945 1.745388 0 0.0
0.008767469 0.0403864 0.8183444 -4.830857 0.430044 0.3538472 -0.1892657 18.33841 1.367062 0 0.0
0.0001537451 0.01836256 -0.843714 -9.286947 0.09884368 0.08288174 -0.1730138 15.18554 1.595991 1 0.966858
-0.00264317 0.02018405 -4.011243 -14.52013 0.5004543 0.4258146 -0.01872627 18.09854 1.186487 0 0.0
-0.007543267 -0.003291795 0.1887183 -9.24408 0.2013814 0.1652117 -0.3268859 14.56487 1.52822 0 0.0
-0.02155996 0.03731973 0.1621315 -9.423125 0.8659205 0.7242702 -0.06122463 18.90128 1.144783 0 0.0
0.008712263 0.04304525 1.310561 -10.29156 0.6076593 0.5046676 -0.1298389 18.65136 1.133238 0 0.0
-0.01045044 -0.002792281 -0.209789 -9.445096 0.1028661 0.08177459 -0.5041615 14.38254 1.651541 0 0.0
-0.04035014 -0.0100845 -0.1683788 -2.61077 0.9273498 0.7781003 -0.2408849 18.89784 nan 0 0.0
0.005386612 -0.002114848 -1.028895 -8.716419 0.1835817 0.1429935 -0.489174 15.39294 0.8585272 0 0.0
-0.01543376 -0.005705325 -0.4957233 -8.738081 0.1453892 0.1213166 -0.3587817 15.65395 1.521441 0 0.0
-0.001286127 0.008410012 -0.03967208 -9.161157 0.2392318 0.1765944 -0.8563065 14.8027 1.472734 0 0.0
-0.01147953 0.04751776 -4.308548 -6.731439 0.4020459 0.3364557 -0.1156085 18.21539 1.250713 0 0.0
