scripts/get_globular_clusters/output/NGC_6522.csv
# %ECSV 0.9
# ---
# datatype:
# - {name: x, unit: deg, datatype: float64}
# - {name: y, unit: deg, datatype: float64}
# - {name: pmx, unit: mas / yr, datatype: float64}
# - {name: pmy, unit: mas / yr, datatype: float64}
# - {name: pmx_e, unit: mas / yr, datatype: float64}
# - {name: pmy_e, unit: mas / yr, datatype: float64}
# - {name: pm_corr, datatype: float64}
# - {name: g_mag, unit: mag, datatype: float64}
# - {name: bp_rp, unit: mag, datatype: float64}
# - {name: filter, datatype: int64}
# - {name: memberprob, datatype: float64}
# meta: !!omap
# - comments: [deg deg mas/yr mas/yr mas/yr mas/yr dimless mag   mag   zeroone float]
# - __serialized_columns__:
#     bp_rp:
#       __class__: astropy.units.quantity.Quantity
#       unit: &id001 !astropy.units.Unit {unit: mag}
#       value: !astropy.table.SerializedColumn {name: bp_rp}
#     g_mag:
#       __class__: astropy.units.quantity.Quantity
#       unit: *id001
#       value: !astropy.table.SerializedColumn {name: g_mag}
#     pm_corr:
#       __class__: astropy.units.quantity.Quantity
#       unit: !astropy.units.Unit {unit: ''}
#       value: !astropy.table.SerializedColumn {name: pm_corr}
#     pmx:
#       __class__: astropy.units.quantity.Quantity
#       unit: !astropy.units.Unit {unit: mas / yr}
#       value: !astropy.table.SerializedColumn {name: pmx}
#     pmx_e:
#       __class__: astropy.units.quantity.Quantity
#       unit: !astropy.units.Unit {unit: mas / yr}
#       value: !astropy.table.SerializedColumn {name: pmx_e}
#     pmy:
#       __class__: astropy.units.quantity.Quantity
#       unit: !astropy.units.Unit {unit: mas / yr}
#       value: !astropy.table.SerializedColumn {name: pmy}
#     pmy_e:
#       __class__: astropy.units.quantity.Quantity
#       unit: !astropy.units.Unit {unit: mas / yr}
#       value: !astropy.table.SerializedColumn {name: pmy_e}
#     x:
#       __class__: astropy.units.quantity.Quantity
#       unit: &id002 !astropy.units.Unit {unit: deg}
#       value: !astropy.table.SerializedColumn {name: x}
#     y:
#       __class__: astropy.units.quantity.Quantity
#       unit: *id002
#       value: !astropy.table.SerializedColumn {name: y}
# schema: astropy-2.0
x y pmx pmy pmx_e pmy_e pm_corr g_mag bp_rp filter memberprob
[from data line 2180]
0.005778554 0.002371627 -3.222349 -1.895736 0.2179178 0.181276 0.13151 15.53385 1.779288 0 0.0
0.06659603 -0.002512411 -3.471298 -6.351814 0.2097037 0.1746476 0.2251475 16.28938 1.7127 0 0.0
-0.01184639 0.02118327 -4.850052 -8.602619 0.1940774 0.161272 0.1081086 16.05721 1.594914 0 0.0
-0.01009841 -0.01681665 1.781369 -9.011359 0.7220463 0.5624829 -0.1718309 17.46349 1.012005 0 0.0
0.04458805 -0.003659734 -6.079427 -4.419588 0.2264878 0.1826902 0.02252569 16.23397 1.729937 0 0.0
-0.02972461 -0.0191075 -2.985395 -10.81101 1.056959 0.9479187 -0.2279397 18.98508 nan 0 0.0
0.001762344 -0.01128484 3.540824 -4.920688 0.3688619 0.3367055 0.3901533 16.62877 1.348424 0 0.0
-0.01152665 -0.001439757 -2.600125 -6.748465 0.08769532 0.07276978 0.116726 14.11913 2.260655 1 0.0
-0.00206844 0.002634988 0.7297747 -6.857073 0.4521635 0.3813864 0.1438966 16.62213 nan 0 0.0
0.03674004 -0.007690557 -5.054982 -8.277361 0.1756064 0.143016 0.1654012 15.89245 2.449875 0 0.0
-0.001539815 -0.01066113 0.7193955 -5.02632 0.5776394 0.4734313 0.2821687 17.84421 nan 0 0.0
-0.0006680642 -0.007414812 4.129885 -6.969139 0.4385812 0.3645578 0.200804 17.31527 nan 0 0.0
-0.01097322 0.01105535 0.5329579 -4.429241 0.1669276 0.1349267 0.2418043 15.97088 1.731982 0 0.0
-0.01593825 -0.004587494 2.379755 -6.631386 0.5087261 0.4006564 -0.3272298 18.11595 nan 0 0.0
0.01824608 -0.0145042 -0.21961 -5.539104 0.3060635 0.2714223 0.3623237 16.36321 1.407953 0 0.0
0.05419056 0.01891086 -4.545911 -10.3024 1.294938 1.042206 -0.2929744 18.72876 1.438725 0 0.0
-0.02790287 -0.01588164 -1.056605 -1.876185 0.918424 0.7916738 0.1100704 18.98035 nan 0 0.0
-0.01451012 -0.0149251 -3.630774 -5.998937 0.4404578 0.3685274 0.0738583 17.49248 1.604714 0 0.0
0.008129966 0.001848849 2.57431 -6.659789 0.2318377 0.1933699 0.3419748 15.29119 1.36275 0 0.0
0.004747911 -0.002434837 4.101727 -7.756088 0.6141568 0.5308871 0.2740243 14.36948 nan 0 0.0
0.0362636 -0.01018519 -3.366688 -1.213699 0.2567804 0.2128657 0.2665948 17.2618 1.374901 0 0.0
0.05048475 0.006568457 -5.175594 -7.472026 0.6705603 0.5468131 -0.01746197 18.50028 nan 0 0.0
0.04291353 -0.02697633 0.1033842 -1.196673 0.4076935 0.3497431 0.3726482 17.94197 1.257435 0 0.0
0.01964612 -0.01466468 -2.762743 -4.954323 0.2161596 0.1801158 0.2101579 16.38851 1.79495 0 0.0
0.06526792 -0.01334336 -6.683048 -2.922521 1.601057 1.309657 -0.0574697 18.92065 nan 0 0.0
0.04878893 -0.00319632 -4.572129 -7.017514 0.6877652 0.5721905 0.148809 15.32291 2.040341 0 0.0
-0.02909528 -0.00330493 -8.382173 0.6900257 0.6487826 0.5623566 0.1151853 18.87702 1.296091 0 0.0
0.04599124 0.002754039 -4.376711 -7.056372 0.6189786 0.5442267 0.3477077 17.94279 1.350998 0 0.0
0.05939213 0.0118793 -2.994936 -1.360415 0.1205087 0.09254433 -0.1721279 15.29001 1.741017 0 0.0
-0.009493977 0.01581052 0.0142437 -3.400022 0.3127636 0.266046 0.1923933 12.33518 4.434935 0 0.0
0.01711225 -0.002495328 2.616568 -6.748881 0.1467941 0.1232396 0.09271579 15.45055 1.695101 0 0.0
-0.02801368 0.002304894 0.006712278 0.683893 1.163467 0.9793947 -0.3177036 18.94916 1.268579 0 0.0
-0.01678042 -0.02373551 -4.80233 -8.665435 0.1289089 0.1050133 0.1960443 15.55461 2.084398 1 0.0
0.05903786 -0.006188804 -3.413974 -7.670803 0.4115103 0.3359746 -0.01766014 17.25813 nan 0 0.0
0.009107572 0.002285546 2.970984 -6.497296 0.08764159 0.07143947 0.05609003 13.52994 2.100538 1 0.9960223
0.04661981 -0.009024134 -5.688807 -12.81862 1.002182 0.7490101 -0.04870655 18.69652 1.555536 0 0.0
-0.0009323634 0.005023006 -2.062649 -11.84091 0.712163 0.5838052 0.1313932 15.53384 1.685478 0 0.0
0.04787972 -0.02586853 -1.281963 -5.994383 0.9198874 0.787096 0.425694 18.69063 1.78401 0 0.0
0.001445478 -0.00166035 2.543115 -6.72968 0.2122492 0.1773748 0.1230612 16.06351 1.364559 0 0.0
0.004140392 0.0006989644 2.15334 -6.202525 0.07965556 0.064899 0.05773146 13.51007 2.001406 0 0.0
-0.02470564 -0.01947806 -2.459199 -5.339744 0.09545057 0.07806167 0.06394742 14.28079 2.209948 1 0.0
0.007944906 0.0004145375 5.297245 -5.108758 0.8617073 0.6431294 -0.2598969 17.20678 nan 0 0.0
-0.002385568 0.005835512 -5.39543 -7.481062 0.7201211 0.6493219 -0.5707255 17.66705 nan 0 0.0
0.06095733 0.022014 -8.405282 -16.8139 1.016462 0.8470685 0.1734755 18.56892 nan 0 0.0
0.007732163 -0.01727229 1.014101 -5.428065 0.6067608 0.5138523 0.1302021 17.90572 nan 0 0.0
0.01505014 -0.01165027 6.333072 -4.53753 1.030954 0.7185777 -0.09084189 18.4168 nan 0 0.0
0.004748055 0.0005730522 1.951983 -13.88656 1.203372 1.009604 0.2285023 16.7136 nan 0 0.0
-0.02774259 -0.02226168 3.468284 -3.830534 1.110343 0.9214893 -0.3518536 18.50258 0.7841187 0 0.0
-0.01353724 0.01819424 -1.16351 -5.047648 0.1201188 0.1015814 0.2493569 15.88614 1.743857 1 0.0
-0.03086757 0.003738373 -4.625319 -5.239324 0.5173786 0.4335714 0.1574891 18.74485 1.34152 0 0.0
-0.02576634 -0.003729347 3.725693 2.004581 0.3671673 0.3093296 0.05142827 17.93094 1.437815 0 0.0
0.004034632 -0.00123699 -3.134562 -2.125335 0.8094095 0.6242757 -0.3827043 15.70807 nan 0 0.0
0.05339461 -0.03602989 3.861115 -1.85236 1.12314 1.026655 0.6287456 19.13231 1.810053 0 0.0
0.01747946 -0.01758824 -4.517395 -6.518243 0.2412976 0.200848 0.3410558 17.31323 nan 0 0.0
0.03737353 -0.009149915 -1.760994 -3.665665 0.532253 0.4783128 0.5031495 18.39861 nan 0 0.0
0.04205466 0.003068592 -6.726207 -5.212456 1.464176 1.416764 0.339702 19.14091 nan 0 0.0
0.05428681 0.001645487 0.7446562 -5.260287 1.014369 0.955799 0.4994502 18.87504 1.403542 0 0.0
-0.01157713 -0.02163668 -3.09637 -2.596815 0.410476 0.373534 -0.355816 17.62884 1.68915 0 0.0
0.007258174 0.003096322 4.330315 -7.05329 0.393107 0.3310133 0.2508003 16.03255 1.502707 0 0.0
0.06149969 0.00172329 -2.108511 -5.581042 0.1586416 0.1234503 -0.1540401 13.31758 2.632321 1 0.0
0.05755275 -0.01594593 -7.668297 -6.118055 0.3015215 0.2479926 0.3362267 16.82785 nan 0 0.0
-0.02465465 -0.01208897 3.861532 -6.905788 1.218858 0.9669566 0.0607458 18.84035 nan 0 0.0
-0.01865779 -0.01320537 -1.571868 -11.15437 0.2452749 0.2129907 0.1572528 17.0661 1.567739 0 0.0
0.06363491 -0.005844512 0.2088142 -6.078246 0.7020312 0.6158752 0.2699338 18.75223 1.15938 0 0.0
-0.01105041 -0.007617605 0.4610862 -8.913377 0.1149241 0.09461658 0.08134921 16.05995 1.821217 0 0.0
0.008262148 0.00279679 3.475508 -6.130799 0.2503357 0.2081008 0.1140877 16.20617 nan 0 0.0
0.05210487 -0.02772651 1.004253 -1.609328 0.756791 0.6943423 0.53135 18.75582 nan 0 0.0
-0.007722776 0.005989735 2.980614 -5.055062 0.6241002 0.5269147 0.1650419 17.20492 1.046521 0 0.0
-0.006746659 0.02788998 -4.776057 -6.804834 0.1842174 0.1428746 -0.2193206 16.05997 1.605582 0 0.0
-0.0247876 -0.008651965 -5.394984 -6.438637 0.3364023 0.2923057 0.1292383 17.74498 1.651707 0 0.0
-0.00515837 -0.02264131 -3.729558 -6.446175 0.1804848 0.1508153 0.3607534 16.38866 1.65854 0 0.0
0.00720569 0.008024915 5.085629 -6.535371 0.4797816 0.4062606 0.148928 17.47209 1.461439 0 0.0
0.006358923 -0.01148339 2.217391 -6.674159 0.1403314 0.1226707 0.256031 15.31656 1.725311 0 0.0
0.01026949 -0.003472853 2.935309 -6.327273 0.2342514 0.2058765 0.4491751 14.9434 1.772948 0 0.0
-0.01253001 -0.006166289 -10.21452 -7.996926 0.2649292 0.215617 0.008788373 17.48976 1.541584 0 0.0
0.05883997 0.01648969 7.278305 -0.9922939 1.919875 1.423737 -0.009250881 18.89026 1.216375 0 0.0
0.01309505 -0.01332655 3.409204 -5.800751 0.4278967 0.3762049 0.6635265 17.37054 nan 0 0.0
0.05248933 -1.293843e-05 -5.733016 -2.419938 0.4467942 0.3694625 0.08005856 18.17179 1.283289 0 0.0
-0.03786548 -0.005974367 -8.600979 -7.472308 1.29572 1.147248 0.2483324 19.09747 1.512983 0 0.0
0.01119512 0.004955621 1.896521 -6.598928 0.2240994 0.1824697 0.07370355 16.15387 1.586904 0 0.0
0.03666339 -0.000671485 -4.924883 -4.348742 0.9882621 0.7770319 -0.2714174 18.34834 1.613249 0 0.0
0.05424032 -0.03499275 1.463308 -7.081309 0.8088808 0.6526625 -0.1180764 18.93671 1.431458 0 0.0
-0.0225132 -0.0194699 -4.243658 -7.820842 0.1026048 0.08561387 0.1466255 15.61202 1.9629 1 0.0
0.0006000228 -0.005425447 1.540167 -5.847347 0.6057205 0.4484356 -0.2265137 17.42619 nan 0 0.0
0.04971908 0.007713253 1.78864 -3.462836 0.9269742 0.7021784 -0.01267728 18.71053 1.896666 0 0.0
0.01103553 -0.004542958 1.842685 -5.710868 0.3523781 0.2883835 0.08491052 16.84697 nan 0 0.0
-0.01160901 0.02502469 -2.153824 -6.198532 0.2681377 0.2097894 -0.4572434 16.80612 nan 0 0.0
0.05496638 -0.01163576 -4.787364 -8.388759 0.2479779 0.2041285 0.01360193 17.19034 1.635768 0 0.0
-0.006189794 -0.00228805 -2.792558 -1.32158 0.1687684 0.1430436 0.2053804 16.05513 1.793835 0 0.0
-0.03226004 -0.02039003 -5.156041 -6.329515 0.09899296 0.08146711 0.06561034 15.3124 1.924178 1 0.0
-0.03603787 -0.01896845 -0.1558364 -5.544106 0.5231678 0.4323722 0.4461652 17.96885 nan 0 0.0
0.04908648 0.01080157 -2.335592 -9.210446 0.8157307 0.7293289 0.1773042 18.63304 nan 0 0.0
-0.03261174 0.004865057 1.76165 0.7462332 0.5180077 0.4440843 0.1272264 18.52338 nan 0 0.0
0.03861161 -0.01825989 -4.431489 -6.170983 0.6247455 0.5166497 0.1655152 17.38515 1.739941 0 0.0
-0.01086633 0.0001643976 -3.780569 -2.861915 0.518746 0.4688552 0.4742395 17.63034 1.574934 0 0.0
-0.03374439 -0.00533773 -5.920758 -4.961984 0.3608043 0.3017788 0.2107581 16.2725 1.74012 0 0.0
-0.02919487 -0.02395582 6.103987 -1.231553 1.660363 1.538085 0.2493482 18.70461 nan 0 0.0
0.04759433 -0.01513765 -1.416925 -1.859733 0.4421716 0.335149 -0.3279489 16.38031 1.73939 0 0.0
0.05260233 0.01378286 -5.98705 -4.737206 0.2024926 0.1667789 -0.1474098 15.6322 2.165343 0 0.0
0.03554776 -0.01734703 -2.737728 -3.32256 0.6662392 0.5670657 0.1304949 18.76994 nan 0 0.0
-0.02600734 0.008574896 -6.069816 -8.466317 0.2452213 0.205204 0.1306345 16.72667 1.766957 0 0.0
0.01000362 -0.02006104 0.4210291 -8.836626 0.9399105 0.7976122 0.5688407 18.59169 nan 0 0.0
-0.03945057 -0.006041742 0.6662381 -5.126364 0.5999151 0.446475 -0.4067218 17.71443 nan 0 0.0
0.05477042 -0.03160178 -3.721801 -2.707608 0.1222539 0.09930615 0.07436775 15.01951 1.884364 0 0.0
0.0549203 0.0005426902 -5.854499 -4.744903 0.1954166 0.1576653 0.005382393 16.47629 1.807767 0 0.0
-0.01578009 -0.002422628 1.902606 -3.899951 0.4603948 0.3966933 0.1340881 17.85689 1.384695 0 0.0
0.05136807 -0.02239318 -7.077233 -4.663557 0.4632386 0.3775509 0.3508091 17.7176 1.600813 0 0.0
0.03673961 -0.008869298 3.542381 0.4681802 0.9619381 0.8648763 0.5184197 16.63111 1.692705 0 0.0
0.01467988 -0.0145036 -2.833746 -1.337891 0.1761203 0.1464535 0.2543346 14.1681 3.116991 1 0.0
0.01663464 -0.01477285 -1.136416 -4.015267 1.087648 1.084762 0.1814138 18.94989 nan 0 0.0
0.06387952 0.004769728 -3.270353 -2.39845 0.789646 0.5903423 -0.1154911 18.48777 nan 0 0.0
0.008866836 -0.0306448 -5.089321 -6.39362 0.3343779 0.2857495 0.3373497 17.54973 1.643499 0 0.0
-0.03234097 -0.01522687 -8.869553 -9.260525 0.6171976 0.5298928 -0.06479466 18.57368 1.457212 0 0.0
-0.002966882 0.007008516 2.492993 -6.85287 0.7939259 0.6816149 0.05060546 18.67561 nan 0 0.0
0.01103624 0.00185429 -0.8573998 -3.741664 0.5354366 0.4693008 0.01248525 16.73271 1.412077 0 0.0
0.005223511 -0.001534592 3.46395 -6.326637 0.1973802 0.1703391 0.2556991 13.08267 1.663961 0 0.0
0.01840655 -0.003880295 -4.611297 -5.479771 0.3029103 0.2553015 0.302618 17.81289 1.445869 0 0.0
0.05080993 -0.02910485 0.03501892 -2.297618 0.4056753 0.3355332 0.2536006 17.71252 1.414938 0 0.0
-0.01244791 -0.02880078 -7.21942 -3.267454 1.494858 1.059557 0.04016308 18.92958 1.31365 0 0.0
0.04239435 -0.005779744 -5.763509 -4.925294 0.4715683 0.4656874 0.3395281 17.57275 1.920792 0 0.0
-0.007456609 -0.01990441 -5.211001 -5.83532 0.523167 0.4508959 0.6432053 17.34531 1.462398 0 0.0
0.06268444 -0.004894046 -5.047926 -4.635663 0.1779148 0.1419271 -0.1000471 16.10209 1.905319 0 0.0
-0.0318695 -0.002714505 -0.39191 -7.692582 0.4121463 0.3361098 -0.1762182 17.85014 nan 0 0.0
-0.008990925 0.004921513 -1.043661 -6.921068 0.3842061 0.3121072 -0.1856067 17.56616 nan 0 0.0
0.002555299 0.005761121 1.942788 -4.175319 0.2694236 0.2250272 0.2272093 13.9143 3.748317 0 0.0
-0.02731841 -0.02788633 5.568924 -15.40511 1.453565 1.150403 -0.7785054 18.77292 nan 0 0.0
0.01309495 -0.01407804 2.478803 -6.415317 0.08774062 0.0718996 0.1852668 13.54975 2.129475 1 0.9978481
0.03298805 -0.009550809 -3.6607 -8.810574 1.142777 0.9981756 0.4676636 18.91387 1.487797 0 0.0
-0.00864806 0.01196538 0.5595071 -6.781998 0.5218923 0.4128545 -0.3105248 17.03832 nan 0 0.0
-0.01120788 -0.01676145 -1.412234 -3.144899 0.2041051 0.1687137 0.1587498 17.09949 1.581925 0 0.0
0.05970134 -0.001182411 -2.380022 -11.04661 0.3082378 0.2523476 0.05465301 17.20166 1.618773 0 0.0
0.003691234 0.0003766402 3.359817 -2.973738 1.154818 0.9396436 0.02889071 15.95857 nan 0 0.0
-0.01699432 -0.008617897 12.77446 2.892681 0.9006421 0.7722442 0.2759529 18.41016 nan 0 0.0
-0.03202713 -0.005480212 -4.118345 -7.753235 0.204451 0.1764026 0.2643967 16.16495 1.82792 0 0.0
0.04352138 -0.02617742 1.281666 -9.176068 0.350004 0.2774001 0.02649758 17.5092 nan 0 0.0
0.0326167 -0.01411879 -4.537406 -4.383001 0.2194119 0.1788131 0.1519903 17.00239 1.724178 0 0.0
0.0007058393 0.01443577 -1.648743 -4.663793 0.6205913 0.4787995 0.2429267 17.31432 nan 0 0.0
-0.002808415 0.009327856 0.6309961 -5.619475 0.8904394 0.6740181 0.06578654 18.78966 nan 0 0.0
0.05281203 0.01060892 -1.076484 -4.835083 0.1929305 0.1550734 0.00307813 16.32435 1.293036 0 0.0
-0.005396732 -0.01098933 -2.810877 -11.14574 0.932854 0.6752025 -0.3885573 18.15884 nan 0 0.0
0.06114378 -0.0184448 -4.150935 -6.338524 0.3254998 0.2731306 0.04423178 17.80589 1.656469 0 0.0
0.05907346 0.009220647 0.2332419 -0.9701909 0.3856037 0.3159802 0.07067917 16.34829 1.178016 0 0.0
-0.03720106 -0.01650649 -2.88908 -1.778851 0.7576594 0.6212356 0.06726682 18.45516 1.391241 0 0.0
-0.0004831034 -0.01421642 -8.493648 -4.449966 0.8742051 0.7911154 0.4178055 16.30392 1.727951 0 0.0
0.02305566 -0.006728939 -16.64285 -35.40575 1.910377 1.572008 0.04074982 19.26974 nan 0 0.0
-0.03036036 -0.01327502 -5.653559 -8.044713 0.5834696 0.4963114 0.08824199 18.67275 1.228888 0 0.0
-0.009995368 0.009142379 -1.048015 -9.558341 0.4437423 0.4070112 0.4880986 17.64805 nan 0 0.0
-0.02040283 -0.005696482 3.978255 -8.735624 0.7340667 0.6297353 0.3343224 18.17467 nan 0 0.0
-0.03765556 -0.00220918 -4.068015 -6.302121 0.8218343 0.7563453 0.5712245 18.79574 nan 0 0.0
-0.0285075 -0.02608422 -1.727853 -2.420407 0.511702 0.4180991 0.0667392 18.23518 nan 0 0.0
-0.02365162 -0.008661224 -1.404668 -6.373089 0.1196057 0.09861962 -0.08378244 15.90676 1.748877 0 0.0
-0.008832757 0.00897655 -2.898691 -7.520747 0.361409 0.3061012 0.1215087 16.65937 1.665936 0 0.0
-0.0134557 0.001518297 -8.410097 -6.202219 0.7387819 0.6048113 -0.3807192 18.72564 nan 0 0.0
-0.01704549 -0.0183244 -2.231877 -8.245594 0.3624832 0.307031 0.03534306 17.96915 1.553375 0 0.0
0.05998794 -0.007820158 -0.3324163 -1.305777 0.3525518 0.29809 0.1664837 17.63755 1.249962 0 0.0
0.04476281 -0.0261589 -1.444456 -6.737531 0.6686328 0.5242563 -0.07579958 17.41861 1.65501 0 0.0
-0.02600214 -0.01125008 -1.908223 -10.75987 0.4133812 0.3497017 0.03655483 18.24249 0.9657307 0 0.0
-0.03496268 0.00323538 -2.393773 -2.95103 0.2712031 0.2298214 0.04505444 17.34702 nan 0 0.0
0.04654637 0.003366038 -0.3585068 -4.866208 0.5140074 0.4216388 0.09626397 17.91832 1.403631 0 0.0
-0.0181311 -0.004200679 3.551211 -6.988236 0.6621027 0.584294 0.1650942 18.81436 nan 0 0.0
0.04515927 -0.02558687 -3.739954 -3.114847 0.5894636 0.4997662 0.4828106 17.78606 1.807919 0 0.0
-0.02579614 0.009261597 -3.159301 -6.156586 0.2793417 0.233943 0.1459766 17.44044 1.887579 0 0.0
-0.03099865 0.0004538771 6.163412 -10.61329 0.7890958 0.6813105 0.06524289 18.19152 nan 0 0.0
-0.002702704 0.008572549 2.527705 -6.478131 0.2986451 0.2531771 0.1178001 17.85744 nan 0 0.0
-0.007380299 0.01952431 -7.599599 -4.482893 0.4020054 0.3426661 0.1599483 18.11585 1.222057 0 0.0
0.003585537 -4.106523e-05 2.20909 -6.537057 0.3586629 0.3249808 0.4943161 16.15508 nan 0 0.0
-0.01271607 0.002653267 -4.394856 -9.359328 0.6755984 0.5810562 0.3192193 18.58172 1.09317 0 0.0
