scripts/get_globular_clusters/output/NGC_6522.csv
# %ECSV 0.9
# ---
# datatype:
# - {name: x, unit: deg, datatype: float64}
# - {name: y, unit: deg, datatype: float64}
# - {name: pmx, unit: mas / yr, datatype: float64}
# - {name: pmy, unit: mas / yr, datatype: float64}
# - {name: pmx_e, unit: mas / yr, datatype: float64}
# - {name: pmy_e, unit: mas / yr, datatype: float64}
# - {name: pm_corr, datatype: float64}
# - {name: g_mag, unit: mag, datatype: float64}
# - {name: bp_rp, unit: mag, datatype: float64}
# - {name: filter, datatype: int64}
# - {name: memberprob, datatype: float64}
# meta: !!omap
# - comments: [deg deg mas/yr mas/yr mas/yr mas/yr dimless mag   mag   zeroone float]
# - __serialized_columns__:
#     bp_rp:
#       __class__: astropy.units.quantity.Quantity
#       unit: &id001 !astropy.units.Unit {unit: mag}
#       value: !astropy.table.SerializedColumn {name: bp_rp}
#     g_mag:
#       __class__: astropy.units.quantity.Quantity
#       unit: *id001
#       value: !astropy.table.SerializedColumn {name: g_mag}
#     pm_corr:
#       __class__: astropy.units.quantity.Quantity
#       unit: !astropy.units.Unit {unit: ''}
#       value: !astropy.table.SerializedColumn {name: pm_corr}
#     pmx:
#       __class__: astropy.units.quantity.Quantity
#       unit: !astropy.units.Unit {unit: mas / yr}
#       value: !astropy.table.SerializedColumn {name: pmx}
#     pmx_e:
#       __class__: astropy.units.quantity.Quantity
#       unit: !astropy.units.Unit {unit: mas / yr}
#       value: !astropy.table.SerializedColumn {name: pmx_e}
#     pmy:
#       __class__: astropy.units.quantity.Quantity
#       unit: !astropy.units.Unit {unit: mas / yr}
#       value: !astropy.table.SerializedColumn {name: pmy}
#     pmy_e:
#       __class__: astropy.units.quantity.Quantity
#       unit: !astropy.units.Unit {unit: mas / yr}
#       value: !astropy.table.SerializedColumn {name: pmy_e}
#     x:
#       __class__: astropy.units.quantity.Quantity
#       unit: &id002 !astropy.units.Unit {unit: deg}
#       value: !astropy.table.SerializedColumn {name: x}
#     y:
#       __class__: astropy.units.quantity.Quantity
#       unit: *id002
#       value: !astropy.table.SerializedColumn {name: y}
# schema: astropy-2.0
x y pmx pmy pmx_e pmy_e pm_corr g_mag bp_rp filter memberprob
[from data line 4694]
0.02231816 0.003092168 0.7671237 -6.742081 0.2647013 0.2093886 -0.1135127 16.33565 1.781925 0 0.0
0.005146081 0.03372275 -5.62499 -7.043602 0.4606036 0.3684409 -0.1565797 18.06087 1.333164 0 0.0
0.02934296 -0.007701442 -7.68296 -3.350727 0.4194872 0.3299097 0.1624617 18.08697 1.236696 0 0.0
0.03125559 0.02568802 0.1029138 -2.668509 0.3714697 0.3046438 0.07730898 17.24779 1.481277 0 0.0
0.03636236 0.04301454 -3.199571 -4.473178 1.344671 1.135566 -0.2375977 18.74676 nan 0 0.0
0.01399605 0.006746265 2.722662 -6.818666 0.09496718 0.08041263 0.2856588 13.81183 2.114993 1 0.9881812
0.02623264 0.01885354 2.484715 -6.554098 0.1461766 0.1128246 -0.2174538 15.52308 1.727581 1 0.9937013
0.01196229 0.01278138 1.580312 -5.544806 0.5157901 0.4342724 0.137118 16.11268 1.620773 0 0.0
0.00897642 0.0128084 -3.950237 -1.501565 1.139965 0.938777 0.3382362 18.74786 nan 0 0.0
0.04293698 0.02716566 1.681924 -4.154596 0.6191176 0.5099689 0.2036049 18.17128 nan 0 0.0
0.01214954 0.03144858 -2.667101 -5.182245 0.3293872 0.264072 -0.04140801 16.08603 1.681151 0 0.0
0.03784476 0.04887526 -1.85033 -4.851204 1.000164 0.8961625 -0.09981425 18.90203 nan 0 0.0
0.02560937 0.06123689 -0.4936226 -2.172725 0.3983012 0.3123909 -0.1365352 16.69887 1.352551 0 0.0
0.0308031 0.01528739 -9.193739 -4.359093 0.2773948 0.222134 -0.03929106 17.22329 1.501854 0 0.0
0.02632003 0.04944548 -6.630353 -5.713013 0.2037303 0.1549465 -0.5225656 16.23654 1.543542 0 0.0
0.01117166 0.03123698 -7.812936 -4.733793 0.2332002 0.1870915 -0.06112604 16.96327 1.665679 0 0.0
0.01471273 0.02890001 -5.515979 -1.608091 0.4520843 0.3576815 -0.04322967 18.11769 1.432669 0 0.0
0.005278264 0.03442083 -5.303237 -5.9304 0.2743073 0.2235216 0.04016119 16.96963 1.602725 0 0.0
0.003190381 0.03561301 0.09725051 -4.913066 0.2113731 0.1611401 -0.2832088 16.85037 1.70032 0 0.0
0.02391638 0.05685613 2.314124 -8.144057 0.3617119 0.2818857 -0.1686035 17.34895 1.435324 0 0.0
0.03979994 0.04666197 -4.15943 -9.141026 1.057789 1.058362 -0.08760248 18.87057 nan 0 0.0
0.03188415 0.007981902 -11.52207 -0.1918236 1.698612 1.63288 0.4098771 18.94056 nan 0 0.0
0.02698125 0.05087962 -3.577314 -2.124433 0.2038111 0.1549534 -0.2567205 16.43229 1.707524 0 0.0
0.04243474 0.02688359 -6.41386 -9.491587 1.257377 1.048862 0.0836849 18.11965 nan 0 0.0
0.006440585 0.02562026 1.455153 -6.853336 0.179068 0.1543132 0.2543848 16.36178 1.670273 0 0.0
0.01415768 0.02840037 0.2238165 -4.685256 0.7433332 0.5689503 -0.3842282 18.71254 1.255394 0 0.0
0.02312119 0.0477411 -0.917734 -4.284277 0.8036944 0.6585528 -0.3252601 18.67029 1.145508 0 0.0
0.0009174727 0.04050159 3.757333 -0.2764277 1.148216 0.8678262 0.2032414 18.70312 nan 0 0.0
0.02781026 -0.009286007 3.375153 -6.2617 0.2896161 0.2388844 0.2012601 16.44921 1.661712 0 0.0
0.01881465 0.05840218 3.150129 -5.480024 0.09213459 0.06909463 -0.2656745 14.32944 2.031919 1 0.0
0.008397973 0.04675162 -5.576647 -4.804447 1.280464 1.016897 -0.1926944 18.53957 1.407104 0 0.0
0.02636496 0.01957448 -1.338692 -9.31256 0.6212024 0.5259521 -0.02160066 17.84051 1.448795 0 0.0
0.02279493 0.008266696 0.3549942 -1.017516 0.8661036 0.7247932 0.2022165 18.75185 nan 0 0.0
0.03035361 0.01438726 -4.068472 -5.526223 0.4384697 0.3542942 0.01286927 17.57893 1.631849 0 0.0
0.03582085 0.007375928 -2.161833 0.3840092 0.4153648 0.3372953 0.03426334 17.80195 1.443045 0 0.0
0.01774867 0.01061949 -3.583699 -8.315877 0.212971 0.1899853 0.485706 16.89939 1.661648 0 0.0
0.02008208 0.05107962 -2.694923 -0.6747315 0.553076 0.4027486 -0.1304164 18.30984 0.8600445 0 0.0
0.0344778 0.0202491 5.571289 -0.4244515 0.8274988 0.6852295 0.02321367 18.17302 1.46129 0 0.0
0.02269325 0.02580288 -5.300568 -2.837702 1.26865 1.002511 -0.2638945 18.97417 1.333902 0 0.0
0.01693466 0.04051732 -3.979781 -5.709835 0.1983355 0.1514894 -0.2549696 16.64099 1.696575 0 0.0
0.04537322 0.0379182 -1.001756 0.3315306 0.8702028 0.8195744 0.06030392 18.51723 1.403893 0 0.0
0.02782351 0.03794185 -4.315354 -8.252943 0.493898 0.3970438 -0.09942979 18.33501 1.382448 0 0.0
0.02782036 0.02670947 -1.486704 -4.057754 0.2514886 0.2123802 0.09312231 16.56435 1.711034 0 0.0
0.02385544 0.02331543 -3.267156 -7.626123 0.5260807 0.4117262 -0.2409409 18.31355 1.359213 0 0.0
0.04507457 0.02048899 2.607595 -1.18614 0.7684897 0.6013745 -0.1472318 17.73727 nan 0 0.0
0.04310068 0.0389778 -9.955322 -5.695073 0.2944613 0.2331238 -0.07322015 16.93713 nan 0 0.0
0.02370585 0.06085589 -4.219477 -6.318905 0.2474935 0.1893095 -0.3058495 16.91333 1.755921 0 0.0
0.03300169 0.0314362 -5.310044 -3.977498 0.5152401 0.4614956 0.3830621 17.4978 1.603235 0 0.0
0.004696238 0.02218522 2.504899 -6.329248 0.108741 0.08998192 0.01192865 15.30915 1.617875 0 0.0
0.016168 0.03955233 -0.9229447 -5.227797 0.2095044 0.1644412 -0.2248728 16.91982 1.321187 0 0.0
0.01798611 0.008611008 0.6171098 -3.822992 1.207193 1.031275 -0.06194787 18.79603 nan 0 0.0
0.009112208 0.05278069 -8.369091 -4.797694 1.156243 0.9531209 0.01750139 18.48664 1.302155 0 0.0
0.0001773911 0.03280545 -5.673791 0.9117716 1.368273 1.146402 0.2391211 18.84107 nan 0 0.0
0.004775227 0.01617326 -1.214415 -8.379332 0.1347732 0.1082247 0.1241261 15.55651 1.891104 0 0.0
0.03570151 0.04286028 -3.569575 -5.092685 0.7055849 0.5047541 -0.3192366 18.22126 1.305641 0 0.0
0.01796473 0.03644876 -1.110749 -6.247077 0.3286319 0.2622574 -0.09129503 17.49106 1.495327 0 0.0
0.05694439 0.02867113 -4.818564 -4.664042 0.5412213 0.4467754 0.116413 18.14107 1.324654 0 0.0
0.04620881 0.01605007 -2.652789 -3.429281 0.7325767 0.5830866 -0.09504216 18.63522 1.366253 0 0.0
0.04846916 0.04526575 -2.722553 -3.724716 0.3863012 0.3060134 -0.02340809 16.32074 1.080077 0 0.0
0.03268034 0.01867424 -0.4746171 -3.593218 0.6690293 0.6568837 0.2762883 17.69408 nan 0 0.0
0.03811824 0.003892252 2.171767 -7.439215 0.5854251 0.4873495 0.08425544 18.26543 1.328434 0 0.0
0.01143651 0.03617698 -1.47793 -8.025737 1.518668 1.292315 -0.268202 18.85512 1.321911 0 0.0
0.04495206 0.04172546 -0.7582888 -6.876507 0.2166517 0.1701006 -0.1292883 16.77017 1.540948 0 0.0
0.05641585 0.02870576 -8.178287 1.215785 1.330035 1.095163 0.07807111 18.78179 nan 0 0.0
0.01764247 0.007792818 -2.589719 -7.143017 0.1696031 0.1428993 0.2681278 15.70105 1.897123 1 0.0
0.04299518 0.03949283 -0.2427848 -0.7693765 0.880306 0.7357471 -0.3458253 18.81299 nan 0 0.0
0.04557425 0.01524737 -0.1595643 -9.053948 0.9736168 0.9112992 0.7199861 18.49582 1.497728 0 0.0
0.0347145 0.01703323 1.475181 0.2843765 0.5058435 0.4165573 0.08227906 17.83916 nan 0 0.0
0.03529158 0.005051059 0.4957839 -9.298609 0.3472432 0.2818153 0.02372994 17.46429 1.781544 0 0.0
0.04560601 0.02685738 -3.103611 -7.259068 0.6549122 0.5532275 0.1687793 18.30571 1.255966 0 0.0
0.036033 0.009489193 2.633359 -6.297549 1.085929 0.8014271 -0.3615547 18.80428 nan 0 0.0
0.04189858 0.008857462 -0.600959 -0.8086459 0.3524201 0.2973418 -0.07098916 17.19221 1.285437 0 0.0
0.03358596 0.03983788 -5.420969 -7.870284 0.5626586 0.4043292 -0.2143676 18.2166 nan 0 0.0
0.01951687 -0.0002908774 6.45617 -7.813754 0.8716026 0.7451362 0.2317865 16.28694 1.683585 0 0.0
-0.005399153 0.0334805 -1.640305 -5.142766 0.2850213 0.2379074 0.1334982 17.58887 1.258356 0 0.0
0.058108 0.03000369 -0.2837625 -6.503688 0.8727844 0.735828 -0.2116996 18.73068 nan 0 0.0
0.03498064 0.02240041 -1.728752 -6.89711 0.4377536 0.3797208 0.03300312 17.71105 1.459898 0 0.0
0.01175377 0.03700855 -3.001718 -8.790177 0.8036003 0.6539878 0.01318642 17.75752 1.399632 0 0.0
0.02528283 0.02472842 -4.201265 -4.059994 1.080885 0.827928 0.03688489 18.49565 1.190321 0 0.0
0.02332411 0.01136601 -3.217893 -5.356476 0.2263177 0.1892138 0.2003812 16.35491 1.917071 0 0.0
0.04109197 0.03902633 2.856916 2.123566 1.227885 0.9326981 -0.2017716 18.80821 nan 0 0.0
0.01167598 0.04975346 -3.370177 -3.097932 0.1465412 0.1144028 -0.166538 16.17663 1.671669 0 0.0
0.03638113 0.02213479 -0.8980414 -9.772041 1.376505 1.127393 -0.197237 19.00263 nan 0 0.0
0.01492371 0.02594741 -2.159221 -3.991882 0.7641178 0.6507506 0.04019972 17.58499 1.339369 0 0.0
0.02854176 0.05406636 -2.058106 -4.291585 0.4416065 0.3460319 -0.205461 18.19118 1.428024 0 0.0
0.01976185 0.03584761 -3.116168 -3.303359 0.1172608 0.09145147 -0.173815 14.61749 2.117168 0 0.0
0.02113835 0.04595627 -4.659681 -0.6360326 0.9036422 0.7856951 0.1799174 18.98495 1.3906 0 0.0
-0.005927776 0.03415186 -5.4825 -4.278378 0.6698239 0.5773774 -0.09807939 18.39704 nan 0 0.0
0.005146026 0.03267371 -7.88999 -8.974344 0.1088153 0.08597874 -0.07609533 14.81941 2.172851 1 0.0
0.03768283 0.04009962 -1.807018 -4.846725 0.1299834 0.1034412 -0.1144888 15.34766 1.856238 1 0.0
0.04252354 0.04909844 4.913055 -3.137546 0.4229475 0.3422619 -0.001804845 17.39788 1.163391 0 0.0
0.05261522 0.03809773 -1.682795 1.79332 0.4130233 0.3449385 -0.2500315 17.53859 1.24737 0 0.0
0.03733637 0.03248371 -3.024726 -5.341598 0.4393981 0.3971958 -0.07880909 17.75499 nan 0 0.0
0.0277085 0.004694888 3.110446 -2.101794 0.8583323 0.6992695 0.1858179 18.52913 nan 0 0.0
0.009373405 0.01947455 9.370141 3.427912 0.9349113 0.7815658 0.1715911 18.25022 1.304899 0 0.0
0.05773766 0.02942026 -0.7058329 -4.552393 0.2088492 0.1638839 -0.1295561 16.73088 1.589247 0 0.0
0.02342934 0.009412865 -3.289834 -1.623341 1.016717 0.8646562 0.06821842 18.47007 nan 0 0.0
0.0009967628 0.04021168 -1.427725 -4.407583 0.6265016 0.4889515 -0.2438674 18.38411 nan 0 0.0
0.02166572 0.04011395 -2.872767 0.4025813 0.8148398 0.6953043 0.2917 18.38844 nan 0 0.0
0.02105888 0.0451819 -5.563204 -6.227827 1.125223 1.086182 -0.1178894 19.14314 nan 0 0.0
0.02445796 0.001861423 5.924831 3.675687 0.8811393 0.745782 0.4863954 18.51424 1.196321 0 0.0
0.004564395 0.02843561 2.22525 2.612119 0.9606302 0.8018828 0.3130387 18.85202 1.061211 0 0.0
-0.001249889 0.04207897 -1.768798 -6.332336 0.688934 0.5818671 0.1397616 17.87664 1.473408 0 0.0
0.05398608 0.03162727 -2.240622 -9.701596 0.9106102 0.7647982 0.1145568 18.49923 nan 0 0.0
-0.005583831 0.02768788 -12.28858 -5.769127 0.5477589 0.4605803 0.207699 17.95303 1.295998 0 0.0
0.04636975 0.0211655 3.398546 -6.344156 0.566463 0.4843645 0.03384186 18.15199 1.379211 0 0.0
0.01397166 0.02114675 2.811565 -6.695077 0.08508416 0.06890628 0.007229909 14.99825 1.698303 0 0.0
0.05572639 0.02454241 -1.04896 -4.808874 0.2282729 0.1890247 0.05979799 16.62787 1.170441 0 0.0
0.03980953 0.004717469 -2.237869 -5.321907 1.159854 0.9396403 0.009042329 17.93073 1.375923 0 0.0
0.05543712 0.02708888 -4.416597 -0.2711774 1.305873 1.091453 0.1528019 18.66016 1.348013 0 0.0
0.005198922 0.03339278 -5.541325 -10.01457 0.5922016 0.4881541 -0.1472129 18.44811 nan 0 0.0
0.03045785 0.009653188 -0.1591035 -7.862157 0.5250733 0.4321435 0.1861241 16.918 1.812728 0 0.0
0.03972193 0.04990259 -1.935888 -7.883414 0.5196374 0.4058794 -0.1532213 17.8775 1.220243 0 0.0
0.04462914 0.02894065 3.280315 -5.090261 0.2892639 0.2295233 -0.03828683 16.85984 1.670787 0 0.0
0.0321619 0.0497413 -3.795149 -7.032631 0.1107827 0.08314028 -0.3639461 14.75719 2.248891 1 0.0
0.02798531 0.04937635 -2.781212 -4.275742 1.00224 0.8498955 0.2607719 18.68123 1.520023 0 0.0
0.01400059 0.03890225 -1.739968 -9.99645 0.5445842 0.449855 -0.04449869 18.27467 1.39922 0 0.0
0.008000235 0.03126399 -2.940828 -4.054268 0.5077189 0.3962508 0.09687664 17.2118 1.659626 0 0.0
0.0395777 0.01964257 -3.313853 -7.503783 0.4699184 0.4109034 0.3564958 17.76321 1.577934 0 0.0
0.007682174 0.01940031 -2.756761 -7.187954 0.5963932 0.5063704 0.1320344 17.52875 1.478333 0 0.0
0.02419552 0.009084617 2.170457 -7.112082 0.9606716 0.807064 0.02137037 18.11071 nan 0 0.0
0.007234014 0.03409264 -0.9143397 -3.592756 0.2704423 0.2146912 -0.1420027 17.11466 1.408184 0 0.0
0.0366163 0.01489631 -3.080929 -9.262502 0.9848965 0.8471623 -0.0682457 18.48918 1.379423 0 0.0
0.007920426 0.02470844 0.7788941 -2.829622 0.3193318 0.2580324 0.05392303 17.66738 1.461048 0 0.0
0.00942818 0.0397344 1.060704 1.437466 1.223589 1.018683 0.1225144 18.83197 1.268782 0 0.0
0.01799397 0.05196694 -1.864413 -2.383997 1.225815 0.9636477 -0.08512404 18.46022 1.051626 0 0.0
0.02927256 0.02228591 1.905159 2.90491 1.190444 1.012006 -0.01721243 18.70263 1.306547 0 0.0
0.0464813 0.03365667 -6.444326 -7.915961 0.2714225 0.211456 -0.08972662 16.23087 1.67589 0 0.0
0.02631952 0.04750761 -233.2027 230.73 1.395754 1.312933 -0.4724757 18.9441 nan 0 0.0
0.02058591 0.05873943 -7.483137 -6.134986 0.3275426 0.268993 -0.0706266 17.68518 nan 0 0.0
0.001102531 0.04420757 0.2920188 -4.953107 0.8940968 0.7144076 -0.339856 18.54338 nan 0 0.0
0.04294725 0.05088734 -1.207608 -8.39553 0.9654214 0.7967284 -0.07462313 18.88413 nan 0 0.0
0.02181758 0.009531488 1.083138 -3.323715 0.5452131 0.4841569 0.1764467 17.85954 1.661139 0 0.0
0.02102351 0.003004713 -6.003095 -11.12182 1.097946 0.8881598 -0.273137 18.54314 nan 0 0.0
0.02694183 0.003056687 3.337678 -6.182465 0.344175 0.2873762 0.2694426 17.74068 1.455244 0 0.0
0.02082422 0.06057806 -6.668385 -6.781667 1.834021 1.197089 0.4516708 19.13824 nan 0 0.0
0.01621628 0.01149904 -0.474212 -4.843582 0.2242307 0.1864291 0.0774392 17.22361 1.425751 0 0.0
0.008025636 0.01856868 0.9148555 -9.768665 0.5202336 0.4434857 0.1116845 18.20146 nan 0 0.0
0.04238301 0.02951575 -1.526141 -7.00115 0.2720516 0.2153482 -0.06351465 17.05652 1.601542 0 0.0
0.008898884 0.0321432 3.22973 -5.05285 0.3817965 0.3115978 0.05270316 17.32876 nan 0 0.0
0.009452902 0.02179388 -2.969957 -8.211983 0.1304038 0.1078831 0.08973741 14.73437 2.604733 1 0.0
0.008026227 0.02587382 2.434068 -6.632851 0.5786199 0.4894551 0.1605932 17.18875 1.57266 0 0.0
0.03522593 0.04340023 -7.352147 -5.896445 0.5262822 0.4238713 -0.3927977 18.24744 1.426313 0 0.0
0.04057583 0.004890727 -1.829588 0.5266523 0.773557 0.5857446 -0.2407845 18.1281 1.175816 0 0.0
0.01701782 0.06308695 2.969288 0.1438962 0.7703766 0.5597007 -0.4031829 18.53943 nan 0 0.0
0.02599828 0.03207343 -2.403905 -0.2627327 0.9528388 0.7413187 -0.1102904 18.20428 1.21965 0 0.0
0.004802281 0.02918137 0.8907093 -6.320207 0.4835067 0.4246392 0.3380774 18.10041 1.539104 0 0.0
0.0207976 0.05971023 -0.4886725 -1.591353 0.09893326 0.07434877 -0.2655042 14.71251 1.726136 1 0.0
0.03837061 0.04157373 -3.959435 -4.186968 0.1644593 0.13179 -0.07343778 14.75536 2.573898 1 0.0
0.02501121 -0.004410077 -3.333955 -4.42465 1.114445 0.8985458 -0.2818457 18.94534 1.098207 0 0.0
0.02318997 0.002748645 0.7933383 -5.160116 1.153783 0.9940592 0.1718089 18.21287 nan 0 0.0
0.02171852 0.03985263 0.4246029 -6.751755 0.7449275 0.5681974 -0.179051 18.05368 1.205301 0 0.0
0.0260251 0.03354971 -1.045283 -6.188922 0.4916434 0.4221903 0.1305396 18.33164 1.438766 0 0.0
0.008766644 0.0310503 -2.773515 -4.901596 0.3033272 0.2432171 -0.07375268 17.25876 nan 0 0.0
-0.005716321 0.03380283 -1.657832 -7.79554 0.729116 0.663722 0.7557885 18.15055 nan 0 0.0
0.01527032 0.04579904 -7.684654 -0.8721476 0.20456 0.1644715 -0.02316824 16.55941 1.480815 0 0.0
0.04557253 0.0114937 2.609508 -3.012309 0.8351357 0.7319024 -0.05565571 18.80133 1.386742 0 0.0
0.02653127 0.04861191 1.449054 -5.146197 1.543183 1.423497 -0.02723175 19.10381 nan 0 0.0
0.01299483 0.02825557 -0.3648453 -5.854927 0.5708088 0.4575999 -0.08508422 17.97586 1.183857 0 0.0
0.05467604 0.03673095 2.311155 -0.620896 0.409968 0.3208016 0.1467019 17.20616 nan 0 0.0
0.02509209 0.002002408 6.609117 -9.338706 1.095393 0.9350512 -0.03008446 18.27077 1.329985 0 0.0
0.0141818 0.01228709 -2.287607 -1.916442 0.331597 0.2868765 0.1253137 17.60532 1.637365 0 0.0
0.04206488 0.02716031 1.408232 -7.222366 0.484474 0.399701 0.08470557 17.94389 nan 0 0.0
0.01241356 0.02934093 -7.052479 -4.040444 0.1674982 0.1370024 -0.2316999 15.95001 1.560497 0 0.0
0.02678599 0.01299211 -2.261967 -7.221807 0.470004 0.387576 -0.1309756 17.86911 nan 0 0.0
0.05169206 0.04173553 -3.052921 -3.477541 0.5175599 0.4552795 0.408913 17.81261 1.28845 0 0.0
0.018543 0.0194065 -2.144499 0.2131565 0.8354351 0.6659696 -0.01401612 17.76819 1.585932 0 0.0
0.01677688 0.04532196 -2.648848 -8.95509 0.5416479 0.4210431 -0.2540856 18.34758 nan 0 0.0
