scripts/get_globular_clusters/output/NGC_6864_M_75.csv
# %ECSV 0.9
# ---
# datatype:
# - {name: x, unit: deg, datatype: float64}
# - {name: y, unit: deg, datatype: float64}
# - {name: pmx, unit: mas / yr, datatype: float64}
# - {name: pmy, unit: mas / yr, datatype: float64}
# - {name: pmx_e, unit: mas / yr, datatype: float64}
# - {name: pmy_e, unit: mas / yr, datatype: float64}
# - {name: pm_corr, datatype: float64}
# - {name: g_mag, unit: mag, datatype: float64}
# - {name: bp_rp, unit: mag, datatype: float64}
# - {name: filter, datatype: int64}
# - {name: memberprob, datatype: float64}
# meta: !!omap
# - comments: [deg deg mas/yr mas/yr mas/yr mas/yr dimless mag   mag   zeroone float]
# - __serialized_columns__:
#     bp_rp:
#       __class__: astropy.units.quantity.Quantity
#       unit: &id001 !astropy.units.Unit {unit: mag}
#       value: !astropy.table.SerializedColumn {name: bp_rp}
#     g_mag:
#       __class__: astropy.units.quantity.Quantity
#       unit: *id001
#       value: !astropy.table.SerializedColumn {name: g_mag}
#     pm_corr:
#       __class__: astropy.units.quantity.Quantity
#       unit: !astropy.units.Unit {unit: ''}
#       value: !astropy.table.SerializedColumn {name: pm_corr}
#     pmx:
#       __class__: astropy.units.quantity.Quantity
#       unit: !astropy.units.Unit {unit: mas / yr}
#       value: !astropy.table.SerializedColumn {name: pmx}
#     pmx_e:
#       __class__: astropy.units.quantity.Quantity
#       unit: !astropy.units.Unit {unit: mas / yr}
#       value: !astropy.table.SerializedColumn {name: pmx_e}
#     pmy:
#       __class__: astropy.units.quantity.Quantity
#       unit: !astropy.units.Unit {unit: mas / yr}
#       value: !astropy.table.SerializedColumn {name: pmy}
#     pmy_e:
#       __class__: astropy.units.quantity.Quantity
#       unit: !astropy.units.Unit {unit: mas / yr}
#       value: !astropy.table.SerializedColumn {name: pmy_e}
#     x:
#       __class__: astropy.units.quantity.Quantity
#       unit: &id002 !astropy.units.Unit {unit: deg}
#       value: !astropy.table.SerializedColumn {name: x}
#     y:
#       __class__: astropy.units.quantity.Quantity
#       unit: *id002
#       value: !astropy.table.SerializedColumn {name: y}
# schema: astropy-2.0
x y pmx pmy pmx_e pmy_e pm_corr g_mag bp_rp filter memberprob
[from data line 2162]
0.003549888 -0.02225642 3.386873 2.026412 2.469394 1.896975 0.3350897 20.64227 0.6880684 0 0.0
0.006437312 -0.01918951 -1.086955 -2.933723 0.3516202 0.243692 0.3453615 18.40295 1.051987 0 0.0
0.01450572 -0.01116016 -2.143898 -3.121963 0.8487027 0.6073749 0.526678 19.30352 0.1812363 0 0.0
0.02404317 -0.02685512 -1.137644 -2.879169 0.862595 0.6157826 0.4164506 19.59534 0.9836502 0 0.0
0.0009174457 -0.009580142 -5.500396 -8.236128 0.9375587 0.5200955 0.3184549 17.11588 nan 0 0.0
-0.00202642 -0.03029587 0.4671929 -4.590864 2.467722 1.885538 0.1979057 20.65486 0.2095203 0 0.0
-0.03507276 0.02764508 -0.3669759 -3.34976 2.53693 1.691803 0.5719293 20.61946 0.9697533 0 0.0
0.009353172 -0.01606543 3.870215 4.077449 2.379838 2.013568 0.6600678 20.46354 nan 0 0.0
0.007088452 -0.01775712 -0.4218232 -2.049325 1.08327 0.7513478 0.3818539 19.86158 0.6833305 0 0.0
-0.07194843 -0.01370484 3.842303 4.466916 3.68548 3.265388 0.372962 20.96021 1.102581 1 0.433542
-0.01352084 -0.003503968 -0.4056779 -2.843946 0.250162 0.1767852 0.3106724 17.69645 0.5541096 0 0.0
0.0006626132 -0.02018309 -3.628037 -7.626283 4.321527 1.866401 0.09746323 20.67371 0.7300491 0 0.0
0.009126718 -0.01591283 -3.625034 -1.690977 1.671871 1.471993 0.558127 20.16056 nan 0 0.0
-0.03039172 -0.01356402 -7.067969 -9.044752 2.812004 2.582562 0.3864725 20.71869 0.4554501 0 0.0
0.001596952 -0.002015603 -3.001013 -2.527448 1.181673 0.6573793 0.129307 15.73141 nan 0 0.0
-0.07078993 -0.009393652 -4.770905 -0.09583879 3.143418 2.61986 0.4545172 20.77853 1.03483 0 0.0
-0.02221181 -0.005675622 -3.732469 -6.934739 2.599692 2.085129 0.3809902 20.27504 1.077898 0 0.0
0.004880722 -0.01005897 0.6490385 -5.607024 1.401826 1.192322 0.4919464 19.5228 nan 0 0.0
0.007229968 -0.01818819 -1.17803 -0.4467246 3.090245 2.514659 0.3544367 20.74683 nan 0 0.0
-0.0194081 -0.01311959 -2.132675 -2.667351 0.9103924 0.687599 0.2981313 19.7221 0.8497829 0 0.0
-0.03004926 -0.02661212 1.118894 -2.8096 0.9407282 0.7217234 0.4131264 19.58139 1.150518 0 0.0
-0.03933364 -0.02638359 3.081009 -6.621313 0.2257746 0.1823005 0.4422357 17.52034 0.9836521 1 0.0
0.00575783 -0.02180255 -1.295625 -4.206635 1.847663 1.449269 0.4962048 20.31624 0.6555862 0 0.0
0.008022211 -0.02470755 -1.34271 -3.137195 1.681168 1.281063 0.4936831 20.43642 nan 0 0.0
-0.01190728 -0.001855875 -1.771694 -3.14673 0.8121229 0.9386988 0.7469252 18.73517 nan 0 0.0
0.003125516 -0.01184992 -0.89205 -2.928294 0.2573488 0.177684 0.327616 17.8898 1.104956 0 0.0
-0.01532919 -0.03614461 0.867495 -1.340725 0.1842342 0.1236093 0.2558343 17.15548 1.002583 1 0.0
-0.001941609 -0.02265503 -0.2649563 -2.986412 0.2174927 0.1389473 0.2694909 17.50178 1.005268 1 0.9966674
-0.007009642 0.0006087447 -0.5419827 -3.725986 0.2830303 0.2243602 0.4746433 17.43571 0.9987621 0 0.0
0.003946 -0.02883869 0.2535956 -2.659504 3.077522 2.740423 0.6565902 20.72841 0.7680817 0 0.0
-0.01219039 -0.001878787 0.3246565 -2.759122 0.6878594 0.500669 0.3608404 18.01653 nan 0 0.0
-0.007151101 -0.001325314 -2.256173 -3.90232 0.8952046 0.6655543 0.3116441 18.53116 nan 0 0.0
-0.01688575 -0.03744369 0.5318773 -3.020672 0.4970378 0.3607258 0.4131419 18.89159 1.059082 0 0.0
0.0003512239 -0.02461958 -0.1009315 -2.444093 0.228759 0.1469712 0.2806727 17.61416 0.4912109 0 0.0
0.006267777 -0.01216855 5.917477 -3.233186 1.194859 0.844544 0.4654559 19.02234 nan 0 0.0
-0.01751216 -0.007160791 -0.2009773 -2.695516 0.2406757 0.1748487 0.2618277 17.73724 0.425663 0 0.0
-0.006075387 0.001007423 -1.413394 -3.515343 0.257319 0.1859811 0.3549515 16.19314 1.129994 0 0.0
-0.02039673 -0.02827171 8.91776 3.885922 2.622007 1.48409 0.2857744 20.17943 0.7441406 0 0.0
-0.0008375875 -0.03325606 1.577065 -1.331021 2.373169 1.891799 0.5996462 20.72659 0.3423405 0 0.0
-0.01433965 -0.0252669 2.538231 -5.156441 3.355863 1.871506 0.2678901 20.44842 0.976429 0 0.0
-0.03626269 0.03014913 3.733531 -2.324789 2.617559 1.450307 0.4452165 20.51545 1.049112 0 0.0
-0.04146645 0.007499852 0.4865364 -2.550609 2.30936 1.442098 0.3758428 20.57254 1.059946 0 0.0
0.0003512381 -0.0188613 3.085006 5.101656 2.807809 1.772895 0.4120447 20.43247 nan 0 0.0
0.007570421 -0.003858295 -0.9416178 -2.102073 0.2117082 0.1313509 0.2039703 14.91012 1.474931 0 0.0
-0.0215641 0.01689413 -1.51331 -3.872566 0.8323515 0.5756644 0.3447223 19.56688 0.9208336 0 0.0
-0.02532143 -0.03085314 0.2816621 -2.365566 0.5558561 0.3704693 0.323245 18.98454 1.004007 0 0.0
-0.006726676 0.003713922 0.7657658 -1.484883 0.9883677 0.8196801 0.6797558 18.87187 0.9760437 0 0.0
0.01971245 -0.02636045 6.135037 3.55544 2.479265 1.727364 0.549345 20.61252 0.7672119 0 0.0
-0.008170436 0.001173258 -1.450258 -3.983677 0.7099414 0.78011 0.9074022 17.75347 nan 0 0.0
0.01207117 -0.01093487 -0.1797597 -2.870777 0.3187505 0.2159794 0.2961723 17.33182 1.20957 0 0.0
-0.06933463 -0.03304215 1.007489 -6.228993 0.5632741 0.3908151 0.3529625 19.0161 1.28492 1 0.0
0.02110044 -0.01963915 -0.5726677 -2.618719 0.1763231 0.1176991 0.2678264 17.24268 1.238338 1 0.9992909
-0.03713617 0.0134596 0.9240779 -1.210989 2.454688 1.763934 0.5286134 20.60375 0.6426048 0 0.0
0.01501572 -0.006944975 -1.126491 -2.900869 0.1879672 0.1355718 0.3389318 17.33661 1.211748 0 0.0
0.005588667 -0.004560107 -4.252218 -8.18034 0.5367827 0.3429793 0.3872032 17.07811 0.9385939 0 0.0
-0.01052086 0.009039009 -2.61214 -2.612329 1.217262 0.8837202 0.5505611 19.45539 nan 0 0.0
0.009521682 -0.03602966 0.6291951 -3.518773 2.997117 3.259567 0.6744939 20.70852 0.7591991 0 0.0
0.006211495 -0.004489561 -1.657624 -2.65763 0.5016829 0.3722862 0.1619838 17.71371 nan 0 0.0
0.002106414 -0.01089623 -1.053414 -1.758928 0.5504346 0.3826848 0.3404466 18.85697 0.8593693 0 0.0
-0.01657867 -0.0009217416 -0.3444637 -3.699368 1.644869 1.491198 0.5167996 20.14668 nan 0 0.0
-0.001857072 0.006685718 -0.7070589 -2.714347 0.05311393 0.03505629 0.3178325 14.45009 1.793391 1 0.9997376
0.06605771 -0.06891018 -4.677876 -16.60317 0.1933416 0.1232095 0.2479956 17.33977 1.002573 1 0.0
0.02172269 -0.02297711 -0.08519828 -2.718307 0.3247538 0.217546 0.3278407 18.22182 1.183807 0 0.0
0.01034486 -0.003578089 -6.723577 -1.656446 1.039344 0.3832737 -0.002363602 17.81241 nan 0 0.0
0.003691556 -0.01708751 1.872655 -0.7296378 1.65537 1.341249 0.5656156 20.29237 0.5919151 0 0.0
-0.01091474 -0.02361864 6.374395 -7.543802 3.21311 1.588098 -0.08261262 20.31196 0.6027718 0 0.0
0.002870889 -0.004304442 1.850352 -6.854129 1.300177 0.8197711 0.1238664 17.19972 nan 0 0.0
-0.02000348 -0.006751039 2.103121 -1.957944 2.653931 2.061074 0.0494074 20.60868 nan 0 0.0
-0.01159321 -0.03446006 -0.382456 -2.801514 0.2956243 0.2026123 0.3268057 18.10317 0.23172 1 0.998436
-0.01890032 0.0002376371 1.048404 -0.3771155 1.503265 1.394302 0.5038438 20.08373 1.069061 0 0.0
-0.04654904 -0.03432225 0.3240844 -1.801765 0.6977103 0.5721469 0.3898058 19.20555 1.069744 1 0.9372055
0.007598589 -0.006513325 -1.26819 -4.550714 0.4913284 0.2964741 0.3361552 17.84458 nan 0 0.0
-0.01385832 -0.02651998 4.684903 -5.966092 3.291271 1.520176 0.1262721 20.26498 0.7890549 0 0.0
-0.005820865 0.007854816 -0.5734109 -2.795728 0.07573896 0.04892452 0.2395264 15.44641 1.537648 1 0.9999293
-0.02450506 -0.004836765 0.4230138 -1.156907 1.747814 1.55067 0.5049719 20.19493 1.097393 0 0.0
0.01221085 -0.03263097 0.09121559 -2.526754 0.6200183 0.4279064 0.3323189 19.15025 1.058464 0 0.0
0.01110914 -0.004850348 -2.127892 -5.672168 1.675914 1.556522 0.6870137 19.35233 nan 0 0.0
0.04989511 -0.08250489 -4.569759 -1.010048 0.1845656 0.1318963 0.3208207 17.36318 0.9922123 1 0.0
-0.01963396 -0.01757328 4.52017 -2.407221 1.125376 0.8312082 0.3782551 19.818 0.8932762 0 0.0
-0.01570151 0.00346526 -0.4715738 -2.792185 0.3060234 0.2178839 0.392285 17.98302 0.3922672 0 0.0
0.002219758 -0.003961107 6.360148 -9.276781 1.240158 0.8503556 0.3611322 17.4144 nan 0 0.0
-0.01252762 -0.03029259 -0.2103019 -1.759246 1.849134 1.02343 0.1343101 20.06367 0.6840744 0 0.0
-0.0494185 -0.003439424 -4.625826 0.6047973 2.609021 2.446873 0.4366871 20.58131 0.5712128 0 0.0
0.03184834 -0.05908511 -2.387167 -1.549082 0.6014586 0.4079024 0.3066401 19.01023 2.032978 0 0.0
-0.03624735 -0.03008494 -0.1350635 -13.6832 3.177168 2.725178 0.5502839 20.83183 1.485163 0 0.0
0.03612942 -0.02814704 0.7076402 0.5290064 0.2656948 0.1819456 0.340195 17.94075 1.170086 1 0.0
0.01801291 -0.03574056 -0.8130358 -2.8773 0.6735402 0.4526209 0.3231344 19.17587 1.097876 0 0.0
0.005701167 -0.02304613 -1.03789 -2.492712 0.3267999 0.371158 0.7064141 17.49013 nan 0 0.0
0.03895262 -0.05495747 2.025976 -2.111834 0.5022327 0.3404644 0.3133865 18.74195 2.344172 0 0.0
-0.01943819 -0.0001305536 3.419569 -3.466143 0.8509473 0.6728084 0.3884576 19.06933 0.8967686 0 0.0
-0.00723629 0.00370436 2.715124 -3.822491 1.264025 1.067161 0.6466319 18.948 nan 0 0.0
0.004342952 -0.00668485 -1.434544 -1.567985 0.8443478 0.5787797 0.2875599 17.1216 0.9485893 0 0.0
0.001568452 -0.01918174 -3.380606 -6.226243 2.490258 1.614743 0.1926499 20.32413 0.7861996 0 0.0
-0.004829833 0.005281839 0.1635628 -3.403879 0.2517577 0.1640596 0.3000775 17.49156 nan 0 0.0
0.01116477 -0.01748272 -0.200358 -3.163202 0.8990529 0.723859 0.4124899 19.71626 1.070728 0 0.0
-0.011058 -0.001338915 -2.153127 -3.722995 3.11044 3.958962 0.6563195 20.29943 nan 0 0.0
0.003436985 -0.008874462 -0.6242808 -2.959312 0.1331795 0.09403844 0.3061368 16.30303 1.276365 0 0.0
-0.03429329 -0.03424819 0.075967 -3.290006 1.54726 1.183909 0.5091656 20.2702 1.094107 0 0.0
-0.05442848 -0.005987562 -3.078753 -2.93888 2.866075 2.416006 0.3899315 20.68962 0.06394386 0 0.0
-0.004687934 -0.004985413 10.8779 -1.522634 1.187745 0.7695623 0.4001044 17.63791 nan 0 0.0
-0.05131861 0.005734251 -5.232261 -8.227264 1.617509 1.337668 0.5523553 20.32821 0.7952671 0 0.0
0.01388231 -0.01742002 -1.459618 -3.95333 2.827571 2.056309 0.5817749 20.74468 -0.01920891 0 0.0
0.00522086 0.001596828 -0.5116753 -2.904232 0.1415077 0.0930446 0.2548019 15.50445 nan 0 0.0
-0.0002149312 -0.00459433 -1.413626 -3.364623 0.5614176 0.3794894 0.2960022 16.72903 nan 0 0.0
-0.01623834 -0.006165004 8.933158 -0.455856 3.254479 3.07088 0.5970463 20.39334 nan 0 0.0
-0.06381499 -0.0335927 -2.806603 -10.59656 0.7591892 0.5825064 0.3217448 19.45553 0.9439907 0 0.0
0.002644526 0.002096625 0.6745349 -3.25298 0.4788085 0.3013236 0.2486374 15.98827 0.9925671 0 0.0
-0.05515885 0.05249528 0.5684997 1.074666 1.362909 1.060837 0.5296152 20.10511 1.245192 0 0.0
0.01294909 -0.007166025 -0.6260574 -2.836962 0.181704 0.1148636 0.2895185 17.03406 1.245647 0 0.0
0.00338028 -0.01249079 -4.839226 -12.47581 3.347644 2.067709 0.28784 20.14763 nan 0 0.0
-0.006613359 0.002212844 0.9549788 0.6705206 0.8131834 0.6551279 0.4794858 17.19219 1.135793 0 0.0
0.06034096 -0.07050409 3.07521 -2.930635 0.9148248 0.6662776 0.3551766 19.77818 0.9761505 0 0.0
0.001228773 -0.01814605 -0.1008511 -2.3683 0.5716489 0.4015708 0.3837622 18.97603 0.8493824 0 0.0
-0.02014132 -0.03288936 4.734295 -1.671408 2.567354 1.45538 0.3114475 20.37976 0.7785187 0 0.0
-0.01035013 -0.002693079 -2.306491 1.895863 3.333167 3.093412 0.4880125 20.01958 nan 0 0.0
-0.03341617 -0.03294908 0.4389577 -3.863606 1.753103 1.342297 0.5190106 20.40397 0.6938496 0 0.0
-0.003838867 0.00379223 -0.8177161 -2.705927 0.441596 0.3100614 0.5213543 17.38311 nan 0 0.0
0.02777862 -0.03154025 -0.7759935 -2.77535 0.204937 0.140171 0.3327361 17.51789 1.030195 1 0.9987441
0.002531288 0.002539132 -0.7836919 -4.273591 0.7950395 0.5373982 0.1898923 16.89048 nan 0 0.0
-0.04094239 -0.04263656 0.1818234 -2.880931 2.192329 1.793669 0.5576505 20.485 1.179878 0 0.0
-0.03389756 -0.03205274 -2.069441 2.227116 3.680072 2.650628 0.2896417 20.88981 0.2188797 0 0.0
-0.004178242 -0.008716172 -0.5297392 -2.80887 0.05145582 0.03346014 0.2644552 14.54992 1.782991 1 0.9999383
0.00485234 -0.01219138 -0.5487366 -1.982345 0.2152831 0.1464545 0.2930906 16.9378 1.121599 0 0.0
-0.04537857 -0.0656081 -1.829187 -1.939116 0.2096547 0.1521434 0.3713171 17.50553 0.9639397 1 0.0
-0.03180298 -0.03215525 -1.918603 -3.101293 0.6258163 0.4769337 0.4149941 19.10106 1.230282 1 0.9464144
-0.0007528917 0.007904524 -1.423094 -2.825035 0.5472862 0.3551332 0.2671698 17.42033 1.117886 0 0.0
0.007513266 -0.01397296 2.673736 -2.345321 2.188215 1.522266 0.4539798 20.35136 nan 0 0.0
-0.01705906 -0.008371902 -1.3417 -3.517566 0.8277461 0.6077345 0.3019603 19.27132 0.7960453 0 0.0
-0.0181625 -0.01335976 -0.007311025 1.198799 2.731044 2.07125 0.1891905 20.47435 0.9371929 0 0.0
-7.338114e-05 -0.002601151 0.2020999 -3.048118 0.7281363 0.4719294 0.3735499 16.80321 nan 0 0.0
-0.02487214 -0.01028612 -0.087293 -2.559998 0.6268849 0.5069315 0.4041022 19.18176 1.062929 0 0.0
0.005559917 -0.01580965 -5.005362 -6.512535 2.057241 1.403643 0.5259105 20.39055 0.6546288 0 0.0
-0.03070056 -0.02538202 2.360141 -3.726191 2.066731 2.303292 0.6229858 20.51983 1.040808 0 0.0
0.006352857 -0.008723881 -0.5681531 -2.78743 0.04940343 0.03278987 0.3039425 14.38444 1.746049 1 0.9999495
-0.08875596 -0.02598049 -3.647005 -0.7968361 0.3811155 0.2843807 0.1817245 18.43484 0.5219078 1 0.0
-0.07508583 0.03082823 7.391874 7.971986 1.371227 1.126905 0.4648079 20.17062 2.128695 0 0.0
0.006579135 -0.01300589 -0.4281902 -2.641769 0.2066301 0.1380608 0.2893805 17.47349 1.178564 0 0.0
-0.02077065 0.01251689 -1.006268 -11.15561 0.5227167 0.3350413 0.3812905 18.84788 nan 0 0.0
0.005786403 -0.01527178 -6.978477 2.100275 4.264273 2.172445 0.1777814 20.55132 nan 0 0.0
0.005192128 -0.009923557 3.989129 -2.430538 3.164963 1.737167 0.001164756 19.77375 nan 0 0.0
0.00414509 0.003855164 0.7789551 -2.404017 0.7108875 0.4617565 0.09976635 16.74033 1.019414 0 0.0
0.009267527 -0.02712233 -2.367 -3.724387 3.645037 2.70187 0.6127703 20.75788 0.2961788 0 0.0
-0.08953773 0.001852965 -0.001454851 -1.988373 1.705063 1.474725 0.4985662 20.42237 0.996212 0 0.0
-0.006103349 -0.007146493 -0.4996239 -2.699711 0.1511172 0.1017839 0.2923027 16.7181 1.272147 0 0.0
-0.004857813 -0.00446662 -3.108422 -1.614402 0.6643108 0.4471213 0.2361932 17.22672 nan 0 0.0
0.0006625398 -0.03593588 0.05515892 -5.021511 2.386071 1.823614 0.5347157 20.70778 0.8541527 0 0.0
-0.004376598 -0.002540183 0.560626 -3.388779 1.160693 0.8245629 0.3266659 17.20539 nan 0 0.0
-0.005961296 -0.01919902 -10.04448 4.243704 3.150183 1.404016 0.1233997 20.11669 nan 0 0.0
-0.01303962 -0.002876406 -3.173834 -3.0251 0.7261588 0.4925632 0.3000394 18.42285 nan 0 0.0
-0.02082272 -0.01862822 -3.759834 -4.271999 2.810442 2.27429 0.3789873 20.70782 0.5508633 0 0.0
-0.002960977 -0.00680307 -0.7558289 -2.657652 0.5953293 0.3756715 0.09969581 17.74651 nan 0 0.0
-0.01824807 -0.008293848 -0.3306449 -1.739105 0.4309544 0.2873485 0.2824131 18.63935 1.081573 0 0.0
-0.00426287 -0.01873166 -0.5384959 -2.968611 0.1311039 0.08295964 0.2567055 16.6137 1.366626 1 0.9991658
-0.01210533 -0.003355068 -2.310894 -6.202727 0.789236 0.6535818 0.6365855 19.05264 nan 0 0.0
-0.02970731 -0.03749728 1.234943 -2.586726 4.329814 1.896212 0.3418606 20.60337 0.6375713 0 0.0
0.0009457537 -0.009772784 -1.894116 -4.044993 0.5650188 0.3767217 0.2739058 16.1534 1.097691 0 0.0
-0.004829492 -0.004771795 -1.028534 -1.576603 0.5213775 0.3513155 0.2741461 16.92511 0.7501764 0 0.0
0.001766548 -0.02363349 3.618683 -2.409018 1.522688 1.018452 0.2705864 19.72676 0.9367313 0 0.0
0.04079647 -0.03984225 -2.360734 -3.749411 2.808372 1.424792 0.05439909 20.53012 0.8947601 0 0.0
-0.001715478 0.004057393 0.2354005 -2.513232 0.204013 0.1314467 0.2325496 16.33776 0.9257393 0 0.0
-0.019918 -0.01066109 1.528192 -3.452209 4.502597 1.667526 -0.7027342 20.10341 nan 0 0.0
-0.007998916 -0.02821707 -2.355667 -4.982821 3.825394 2.514046 0.05822652 20.67723 0.6815128 0 0.0
-0.02444524 -0.02350016 -0.7026537 -4.460203 2.172365 1.783417 0.4944423 20.42904 0.6558056 0 0.0
0.003012355 -0.008378541 -0.4152307 -4.298393 1.43595 0.9109541 0.2018139 18.68656 nan 0 0.0
-0.007264493 0.001585294 -6.564264 -2.487549 0.9562311 0.5950636 0.4925179 18.52291 nan 0 0.0
