scripts/get_globular_clusters/output/NGC_6380_Ton1.csv
# %ECSV 0.9
# ---
# datatype:
# - {name: x, unit: deg, datatype: float64}
# - {name: y, unit: deg, datatype: float64}
# - {name: pmx, unit: mas / yr, datatype: float64}
# - {name: pmy, unit: mas / yr, datatype: float64}
# - {name: pmx_e, unit: mas / yr, datatype: float64}
# - {name: pmy_e, unit: mas / yr, datatype: float64}
# - {name: pm_corr, datatype: float64}
# - {name: g_mag, unit: mag, datatype: float64}
# - {name: bp_rp, unit: mag, datatype: float64}
# - {name: filter, datatype: int64}
# - {name: memberprob, datatype: float64}
# meta: !!omap
# - comments: [deg deg mas/yr mas/yr mas/yr mas/yr dimless mag   mag   zeroone float]
# - __serialized_columns__:
#     bp_rp:
#       __class__: astropy.units.quantity.Quantity
#       unit: &id001 !astropy.units.Unit {unit: mag}
#       value: !astropy.table.SerializedColumn {name: bp_rp}
#     g_mag:
#       __class__: astropy.units.quantity.Quantity
#       unit: *id001
#       value: !astropy.table.SerializedColumn {name: g_mag}
#     pm_corr:
#       __class__: astropy.units.quantity.Quantity
#       unit: !astropy.units.Unit {unit: ''}
#       value: !astropy.table.SerializedColumn {name: pm_corr}
#     pmx:
#       __class__: astropy.units.quantity.Quantity
#       unit: !astropy.units.Unit {unit: mas / yr}
#       value: !astropy.table.SerializedColumn {name: pmx}
#     pmx_e:
#       __class__: astropy.units.quantity.Quantity
#       unit: !astropy.units.Unit {unit: mas / yr}
#       value: !astropy.table.SerializedColumn {name: pmx_e}
#     pmy:
#       __class__: astropy.units.quantity.Quantity
#       unit: !astropy.units.Unit {unit: mas / yr}
#       value: !astropy.table.SerializedColumn {name: pmy}
#     pmy_e:
#       __class__: astropy.units.quantity.Quantity
#       unit: !astropy.units.Unit {unit: mas / yr}
#       value: !astropy.table.SerializedColumn {name: pmy_e}
#     x:
#       __class__: astropy.units.quantity.Quantity
#       unit: &id002 !astropy.units.Unit {unit: deg}
#       value: !astropy.table.SerializedColumn {name: x}
#     y:
#       __class__: astropy.units.quantity.Quantity
#       unit: *id002
#       value: !astropy.table.SerializedColumn {name: y}
# schema: astropy-2.0
x y pmx pmy pmx_e pmy_e pm_corr g_mag bp_rp filter memberprob
[from data line 1484]
0.0235908 -0.01738013 -7.364738 -0.9743908 1.038172 0.7243703 0.3289847 19.5136 2.323816 0 0.0
0.01227823 0.04083883 -1.572018 -5.768418 0.3822779 0.2838414 -0.03973214 18.24331 2.728325 1 0.0
-0.008246755 -0.005619775 -0.6023605 -3.143045 0.6942013 0.4140187 0.2517451 18.37135 nan 0 0.0
-0.01331725 -0.002969335 -3.129993 -4.88386 0.4612219 0.3689392 -0.05500184 18.38476 2.579819 0 0.0
0.008387579 0.01832125 0.448322 -4.221411 0.3254188 0.242232 0.2032308 17.96925 2.079081 1 0.0
-0.01777405 0.007417104 -3.060467 -2.818778 0.3938009 0.3188444 -0.06849796 18.25804 2.604374 1 0.7347948
-0.003177551 0.01203887 -4.712155 -7.111911 0.3318823 0.2183147 0.1997614 17.57038 2.699333 0 0.0
-0.03616485 0.01275065 0.1393425 -2.469024 0.3863811 0.2934587 -0.1387998 18.21676 2.517368 1 0.0
0.006676455 -0.03187617 -5.099517 -4.959378 1.639317 1.107371 0.2443593 19.5485 2.10714 0 0.0
-0.02605625 -0.0234273 -0.6895427 -4.085966 0.5899764 0.4775965 -0.2764957 18.49981 2.521429 0 0.0
-0.05378816 0.002496961 -1.938493 -3.005932 1.187368 0.8509003 0.3070125 19.65857 2.512655 0 0.0
-0.03551982 -0.04459918 0.4009648 -2.590528 1.315446 0.967473 0.1765419 19.92313 2.130953 0 0.0
-0.003153644 0.007331534 -2.113481 -2.563052 0.3866669 0.3085671 -0.03499181 18.16815 2.286259 0 0.0
-0.06249383 -0.01312759 -1.84226 -9.586988 0.682465 0.5347982 -0.1440293 18.04106 2.261755 0 0.0
0.01249179 0.04194887 -5.483448 -2.242374 1.811832 1.274436 0.3572541 19.73808 1.543568 0 0.0
0.007370536 0.03789076 0.335233 -0.5365516 1.147978 0.8064181 0.3866139 19.69371 1.450207 0 0.0
-0.003980712 -0.03321874 -1.617348 -3.407486 0.3253796 0.2575177 -0.09413695 17.98229 2.502903 0 0.0
-0.01568394 -0.01450165 -4.609248 -5.276997 0.4517806 0.3393441 0.1328767 18.29393 nan 0 0.0
0.03113497 0.008698029 -6.911817 -0.3169732 1.275775 0.8887495 0.3647447 19.83421 2.147167 0 0.0
-0.005687543 -0.01208543 -1.78549 -3.755526 0.247736 0.1880254 -0.0003101747 17.1228 2.766017 1 0.6080351
-0.06238229 0.02150235 0.1548721 -0.3514443 0.1673955 0.1218391 -0.05979311 16.85173 1.654816 1 0.0
-0.0514832 -0.03900905 -6.410042 -5.241726 1.944081 1.563393 -0.02338679 20.15759 nan 0 0.0
-0.02294396 0.0203131 -2.106729 -6.364625 0.3749607 0.2909148 -0.03105754 18.27086 2.20701 0 0.0
-0.06146599 -0.0236934 -2.312096 -1.659884 0.3632048 0.2667552 0.1280684 17.99957 2.693995 1 2.496159e-05
-0.001281781 0.01371358 -0.3476802 -4.081543 0.3670331 0.2821614 -0.09097563 18.10314 2.605291 0 0.0
-0.02975111 0.03258626 1.36063 -2.053592 0.1586247 0.1180009 -0.06014411 16.72853 1.664894 1 0.0
-0.030089 -0.008883459 -0.7647587 -3.767925 0.6442029 0.5082034 -0.1177661 19.00505 nan 0 0.0
-0.0222094 0.02076729 -1.922133 -5.43595 1.143425 0.8065535 0.3778763 19.33614 1.75329 0 0.0
-0.01801743 -0.06017557 -1.296583 -3.015342 1.203971 0.8850438 0.2123293 19.76201 nan 0 0.0
0.04910739 -0.04419153 -2.820508 -4.98333 0.3264441 0.2320967 0.05093112 17.82496 2.069162 1 0.0
-0.03323853 0.03869585 -0.3556188 -0.3231985 0.1446622 0.106052 -0.06340403 16.23923 2.751804 1 0.0
0.01161107 0.02044176 -2.536985 -7.109408 0.4321343 0.3268455 0.01715911 18.63806 2.273066 0 0.0
-0.007091512 0.05062424 -0.6044209 -5.143488 0.4458478 0.3281032 -0.008793379 18.48081 2.576311 1 0.0
-0.0004995785 -0.009788759 -1.176758 -5.192368 0.380014 0.2805018 0.01857164 17.36675 2.074336 0 0.0
-0.02850122 0.0485551 1.189829 -7.767911 0.3264795 0.2136998 0.1495568 17.86293 2.809656 1 0.0
0.007554482 -0.01539677 -2.931188 -4.033264 0.9831616 0.7074852 0.313304 19.19814 2.477142 0 0.0
0.000163799 0.0128324 -1.902408 -5.109897 0.7552369 0.5877556 -0.08578407 18.49119 2.101114 0 0.0
0.02916672 -0.05207307 -4.973972 -6.733455 0.5637509 0.4050586 -0.01953671 18.59974 2.717367 1 0.0
0.02818757 -0.01393333 -3.352514 -3.181823 0.412437 0.3129469 0.1055685 17.97216 2.370787 0 0.0
-0.027581 -0.0007227963 -0.430838 -3.551079 1.23319 0.7974197 0.1341052 19.56263 1.851334 0 0.0
0.05187525 -0.01544595 -6.752625 -4.931292 0.3520557 0.234077 0.2842197 17.83661 2.737978 1 0.0
0.04876764 -0.02187531 -0.8364763 -1.864282 2.075179 1.24719 0.5170715 20.00664 1.785473 0 0.0
0.001063675 -0.02956797 2.060258 -0.9848337 0.9934841 0.708288 0.2797017 19.4087 2.988518 1 0.002121203
0.01354937 -0.006272907 -1.554284 -3.468954 0.2028522 0.1623722 -0.2903552 16.80731 2.852666 1 0.8124486
-0.03684906 0.05240789 -5.327447 -5.835041 0.4994492 0.3762641 -0.09585331 18.82056 2.488214 0 0.0
-0.01323473 0.06244128 -2.272221 -2.532194 1.393641 1.01847 0.2852797 19.75557 2.725466 0 0.0
0.0361253 -0.01006503 -3.700957 -5.093608 1.354346 0.9333162 0.3766854 19.80377 2.305147 0 0.0
-0.01892497 0.05786998 -0.6613529 -4.119614 0.9070338 0.6483507 0.4369731 19.35342 2.203074 1 0.02267324
0.060759 -0.01469773 -6.492422 -5.026717 1.907476 1.236481 0.4781099 19.93378 2.187574 0 0.0
0.0116385 0.04307817 -0.722436 -3.035761 1.2789 0.8952377 0.3888824 19.66527 2.03228 0 0.0
-0.03818976 0.03237239 -2.418715 -0.9577105 1.523441 1.060919 0.4085507 19.94271 nan 0 0.0
-0.01658298 -0.01929312 -6.608885 -5.872821 1.522692 1.114686 0.2288563 20.04188 nan 0 0.0
0.007292837 -0.02578416 0.337685 -5.36451 0.9484576 0.6785539 0.3173595 19.23777 nan 0 0.0
0.03226286 -0.01215362 -2.456843 -1.839471 0.9634838 0.6746724 0.3424275 19.47428 2.638144 1 0.3680463
-0.01294304 0.02356195 -2.991213 -2.735957 0.3937725 0.30537 -0.1276384 18.2171 nan 0 0.0
-0.05798668 -0.02069973 0.9529347 0.8144637 1.022924 0.8148384 0.331074 19.30509 1.765587 0 0.0
-0.01830133 -0.06084703 0.07533653 -3.69099 1.116524 0.8325663 0.2438649 19.48413 1.934771 0 0.0
-0.03724535 -0.005430757 -0.8072512 -4.37039 0.6519147 0.6367012 -0.3622619 19.05752 2.234129 0 0.0
-0.03265041 -0.002754378 -3.793828 -9.134089 0.4650524 0.3651395 -0.1453482 18.64797 nan 0 0.0
-0.009696213 0.02549271 0.02634551 -3.155226 0.9509284 0.6830398 0.3539008 19.37151 1.994476 0 0.0
0.04939713 -0.002386458 -2.241753 -4.957103 0.7330702 0.5131046 0.0912302 18.93398 2.570963 0 0.0
-0.006968476 0.005183585 5.475386 -1.369056 2.270844 1.56769 0.3395815 19.99201 nan 0 0.0
-0.001116161 0.03056691 -9.888593 -8.251095 1.336914 0.959461 0.3678697 19.81972 nan 0 0.0
-0.02551792 -0.005620092 -0.2233214 -2.048045 0.1992146 0.1584593 -0.2110989 16.66623 2.985665 1 0.0
-0.04869624 0.005910998 1.33701 -3.60247 0.3481962 0.2779791 -0.1733701 17.96266 2.682098 1 0.0
0.001704957 0.0460889 0.8757794 -1.343194 0.3210538 0.2138504 0.2800382 17.61206 2.004827 0 0.0
-0.006945399 0.01146639 -2.274772 -3.246496 0.1489848 0.1161699 -0.07670782 16.19841 2.850883 1 0.9865895
0.009540389 -0.04428952 -1.437532 -3.728589 0.6721199 0.5257019 -0.1011388 19.07859 2.168653 1 0.4865284
-0.003935942 0.01329768 -3.75492 -6.699096 0.4619674 0.3498064 -0.04338085 18.55303 2.632629 0 0.0
-0.03603348 0.03397188 -3.286394 -3.98657 0.4266989 0.2816029 0.3502278 17.83825 2.510065 0 0.0
-0.01028147 -0.0245295 -3.241271 -6.86483 0.5832144 0.4848165 -0.229044 16.25332 1.954824 0 0.0
-0.01035659 0.003149936 -2.360929 -2.33451 0.6087908 0.463021 -0.08133395 19.02307 2.239977 0 0.0
0.007488797 0.03534253 -4.122384 -4.435918 0.3269157 0.2168243 0.2741301 17.82003 2.928535 1 0.0
-0.01964333 -0.002299425 -2.315684 -2.330256 1.023259 0.7232256 0.338494 19.52982 nan 0 0.0
0.05412325 -0.01855661 -1.405542 -2.959848 0.4782963 0.3334775 0.09837637 18.67335 2.700356 1 0.5079941
0.01155139 -0.05450558 -3.09907 -5.817474 0.6042574 0.5790951 -0.2699386 18.3245 2.730122 1 7.045668e-06
0.01903159 -0.05878347 -2.049712 -2.66941 1.193874 0.772233 0.2930528 19.53918 2.065538 0 0.0
-0.03194581 -0.0414122 0.2904754 1.001549 0.6092473 0.4946165 -0.1821455 18.9208 2.500895 0 0.0
0.007320619 0.01372084 -3.157883 -3.056725 0.7386068 0.5811042 0.044548 19.05332 nan 0 0.0
-0.02636377 -0.02446501 -2.831916 -3.467189 1.053269 0.7564277 0.2627455 19.51683 2.488266 0 0.0
0.00381093 -0.03022419 -1.071269 -8.276964 2.204698 1.216092 0.4280628 20.1401 2.382017 0 0.0
-0.02900232 -0.001379494 0.6281519 -5.861276 1.458489 0.9112315 -0.1027154 19.46863 nan 0 0.0
0.03373704 -0.05027457 -0.2402674 -1.711117 0.5786956 0.4402807 -0.02229234 18.8755 2.268627 0 0.0
0.02405463 0.02304787 -1.327858 -2.755786 1.088356 0.7763553 0.3114923 19.55422 nan 0 0.0
-0.006921646 0.01089801 -4.5261 -1.340517 1.101817 0.727047 0.3249508 19.45551 nan 0 0.0
0.01634369 -0.01171707 -3.970375 -2.165227 0.7449078 0.5786592 -0.1490419 19.07443 2.526917 0 0.0
0.01964547 0.02039421 -0.1682129 -6.137477 1.256258 0.8752328 0.4224774 19.37985 nan 0 0.0
-0.02964573 0.007420746 1.330154 -5.671259 0.3279212 0.2146259 0.2071457 17.71357 2.550028 1 0.0
-0.009602916 0.03661638 -1.381189 -6.688963 0.3519613 0.2832469 -0.2864267 18.03645 2.197355 0 0.0
-0.01342862 -0.04021606 -3.595462 -6.002601 0.5310653 0.4164133 -0.09020395 18.5694 nan 0 0.0
0.004666635 0.01675757 -2.020966 -2.940842 0.1922409 0.161884 -0.1445256 15.14419 3.825296 1 0.9808918
-0.0512848 -0.01876049 -2.48962 -3.868109 2.265814 1.684317 0.2842732 19.87568 2.453228 0 0.0
-0.00559727 0.04452468 -3.211245 -6.084749 0.4241793 0.3153487 -0.06179504 18.4643 3.041712 1 0.0
0.0005429402 0.009818784 4.066208 -5.592715 0.959206 0.7986323 -0.09127422 18.11413 2.568348 0 0.0
-0.03785914 -0.00951281 -2.259895 -3.670663 0.4491018 0.4438312 -0.4873125 18.371 2.650206 1 0.6838234
0.02302949 0.004661374 -2.671762 -3.128458 0.4060667 0.3057967 -0.04963222 18.24367 2.5765 0 0.0
-0.005855287 0.01103925 -5.991264 -6.131126 0.4051263 0.3544639 -0.2381975 18.15608 2.952337 1 0.0
-0.06259649 -0.004216541 -2.197621 -4.714471 1.528818 1.123194 0.2178004 19.91126 1.43154 0 0.0
-0.03233318 0.02885054 -3.793292 -7.412235 1.463005 1.059203 0.3994804 19.68263 2.306486 0 0.0
-0.006350781 -0.01280647 -3.855182 -2.881528 1.113225 0.8510006 0.2174637 19.49523 nan 0 0.0
-0.01094861 0.0009487663 -2.173532 -2.620582 0.4792169 0.3697595 0.008746078 18.47239 nan 0 0.0
-0.05159223 -0.01945117 -1.315713 -9.157128 1.120712 0.8264508 0.273177 19.5705 2.000759 0 0.0
0.00777088 0.01370172 -2.075705 -3.356848 0.1999459 0.165623 -0.1156155 15.61666 3.345869 1 0.9779387
-0.006829444 0.0376543 1.786358 -1.999938 0.6641029 0.456788 0.2064465 17.39804 1.921116 0 0.0
0.05857017 0.002416861 3.998 -0.1272066 1.444973 0.929497 0.4979897 19.7891 nan 0 0.0
0.01578498 0.0322894 -0.972936 -3.092232 0.3723434 0.2708216 0.1349908 17.93718 1.960045 1 0.2472482
0.02277298 -0.05586634 -1.445457 -3.589798 0.2055555 0.1531754 -0.07397353 16.99085 2.585674 1 0.01327918
-0.03603053 -0.01823988 -0.8333269 -1.011817 0.8568977 0.6136679 0.24907 19.23669 2.060358 0 0.0
0.05008247 -0.03820314 0.6853258 -1.630471 0.3449379 0.2291608 0.268548 17.71528 2.076498 1 0.0
-0.001068172 -0.007873787 -2.253947 -3.247974 0.1621742 0.1285688 -0.0615193 15.62291 2.959171 1 0.9882727
-0.01250852 -0.02094023 -1.806371 -2.368337 1.429939 0.8954017 -0.1003221 19.17927 nan 0 0.0
0.005349795 -0.03748366 -1.828472 -10.11034 0.3788249 0.312623 -0.2438328 18.0638 1.856735 1 0.0
0.0441105 -0.007448874 -1.003771 1.714517 0.7116193 0.4924282 0.1081738 19.04485 1.912239 0 0.0
0.01241627 0.01691303 1.567558 -2.425156 1.478522 1.110716 0.1718382 19.68713 2.208584 0 0.0
-0.05873992 -0.02637662 0.2453991 -4.176244 1.434023 0.9930778 0.1531276 19.46839 2.122761 0 0.0
-0.0009262242 0.007159937 -1.161174 -3.40608 0.4634658 0.3783915 -0.0500125 18.35051 2.153824 0 0.0
-0.02860632 0.01535956 -5.187025 -9.611905 1.300091 0.8953257 0.3341545 19.87959 0.3282299 0 0.0
-0.006568785 0.03882162 -2.086815 -3.104506 0.1699817 0.1291602 -0.1067339 16.47275 3.128447 1 0.9715839
-0.02502605 -0.05640497 3.776017 1.298555 0.2921031 0.2078527 0.1288613 17.56112 1.730001 1 0.0
-0.02186962 -0.00495511 -1.296402 -1.811964 1.066188 0.7617029 0.315704 19.44352 nan 0 0.0
-0.03195681 0.03520981 0.2549644 -1.219813 0.9830446 0.7565495 -0.01619057 19.07051 2.159626 0 0.0
-0.01805117 -0.0208575 -1.457818 -3.136596 1.148368 0.8323122 0.2302665 19.32464 2.304726 0 0.0
0.02170454 0.01107811 3.415922 -5.239192 0.2817967 0.2199235 -0.1285841 16.20869 1.908484 0 0.0
-0.007985084 -0.01501916 2.716126 -0.8910877 1.511615 1.125115 0.1739122 19.66805 2.352764 0 0.0
-0.03677977 0.01041574 -2.532454 -3.185707 1.120565 0.8106629 0.330164 19.3454 1.951488 0 0.0
0.05453757 -0.03414379 -0.669016 -3.136268 0.2079154 0.1429186 0.131515 17.05542 2.576739 1 0.0
-0.008698879 0.01048201 -1.922262 -2.928721 0.3334555 0.2534492 -0.07856338 18.13467 2.463667 0 0.0
-0.01124772 -0.05492133 -1.744997 -2.358484 0.7224346 0.5878887 -0.2246431 19.08056 2.11565 1 0.3364816
0.003406678 -0.06404527 -2.030398 -8.296264 0.3422518 0.2129007 0.240997 17.23176 2.98388 1 0.0
-0.03861731 -0.009375892 -4.066017 -4.479132 0.3842874 0.3753909 -0.4896805 18.11077 2.859741 1 0.0
-0.008913942 0.02466502 -3.050109 -3.431767 0.3919219 0.301217 -0.09887887 18.1873 2.545124 0 0.0
0.0269703 0.02415308 -3.10789 -8.39473 0.1463817 0.1105835 -0.05592413 16.16975 3.349614 1 0.0
0.04413723 -0.04042695 0.5249902 -7.375436 0.3319523 0.2219544 0.1399301 17.70268 2.556429 1 0.0
0.05336591 -0.01769773 -3.761115 -5.966196 1.187975 0.7545031 0.5532234 19.12655 1.989439 0 0.0
0.05152822 -0.03651045 -9.426814 -1.349668 0.4488104 0.3189029 0.06313827 18.41175 2.07258 1 0.0
-0.0217381 -0.04731728 1.44731 -5.272866 1.023864 0.7646789 0.2598335 19.42099 2.022997 0 0.0
-0.03904733 -0.002879698 -1.746204 -5.590043 0.3905804 0.3114996 -0.1672566 17.75333 2.535692 1 0.0
-0.008487314 0.0246956 1.098661 -0.5829535 1.134535 0.8660264 0.2706804 19.60923 nan 0 0.0
0.002579398 -0.03019743 2.187798 -3.601736 1.225578 0.9078087 0.1596635 19.74426 2.508434 0 0.0
-0.009693042 0.00239472 -2.306708 -4.382929 0.4190277 0.3441843 0.07630394 17.97251 2.476646 0 0.0
-0.06090784 -0.01176435 -7.174673 -8.835441 0.8523504 0.6362694 0.3196008 19.24996 2.127302 0 0.0
0.004783881 -0.001690317 -2.007997 -3.57634 0.1520254 0.1230722 -0.1703064 15.61579 2.917504 0 0.0
0.01839401 -0.05261875 -3.352762 -5.299261 1.441115 0.9025413 0.3580633 19.62634 2.384081 0 0.0
0.02589463 -0.0006687516 -2.958102 -3.100687 0.3663811 0.2729641 0.004922669 18.25735 2.568935 1 0.7674416
-0.03783665 -0.0072812 0.2174504 -0.6085801 0.5719454 0.4690101 -0.2876523 18.88875 2.155214 1 0.0
-0.02188097 -0.04472333 -0.8183861 -5.859132 1.403727 1.036873 0.1507776 19.70497 2.08819 0 0.0
-0.00438513 -0.00397148 -2.954511 -2.886461 0.5015921 0.385112 -0.06876161 18.60866 nan 0 0.0
0.05764459 0.0005674943 2.36431 1.510547 1.612261 0.9921564 0.4961078 19.849 2.035585 0 0.0
-0.02327908 0.03036854 -4.599599 -3.782458 0.304192 0.203082 0.171586 17.46861 3.292282 1 0.0
0.02347529 -0.008579588 -5.627791 -7.379175 0.5187527 0.3971669 -0.0742416 18.76627 2.365204 1 0.0
0.02319329 -0.001610043 -2.513291 -3.834884 0.4682259 0.3496132 0.02222451 18.34755 2.543585 0 0.0
0.05819673 0.009283627 -4.560855 -8.465867 0.2665675 0.1816105 0.2224598 17.34813 2.919319 1 0.0
0.06451922 0.004360985 11.91679 -2.663786 2.468687 1.472163 0.6581722 19.94902 1.700983 0 0.0
0.0004955613 0.01190542 -2.068372 -3.292166 0.3986266 0.2839651 0.2149548 17.69318 2.830942 0 0.0
0.04567513 -0.005859141 -2.105944 -3.732531 1.172127 0.7681508 0.4649361 19.46501 2.20549 0 0.0
0.05288114 -0.03238777 -4.29256 -4.349364 0.2025823 0.148476 0.00722525 15.14476 4.270101 1 0.0
-0.05035056 -0.0002051239 -6.265595 0.1323635 1.556619 1.124536 0.3170739 19.8677 nan 0 0.0
-0.00966775 -0.009262991 -2.355227 -3.245035 0.256919 0.1757922 0.05174391 17.16007 2.943834 1 0.9782913
0.003527802 -0.00878558 0.3862521 -1.952252 1.146043 0.8754524 -0.02491155 18.74664 1.895315 0 0.0
0.04423611 0.003976068 -1.598568 -3.816848 0.4585808 0.3443926 -0.04744436 18.46932 2.805902 1 0.3905279
0.006086529 -0.007042438 2.720625 0.286911 1.975959 1.182934 0.5636591 18.95714 nan 0 0.0
0.01287017 0.03679897 -4.831403 -6.595863 1.115 0.7882287 0.3653026 19.61006 nan 0 0.0
-0.02275685 -0.04539499 5.324536 -1.66807 1.596989 1.170972 0.2671116 19.31822 2.134987 0 0.0
