scripts/get_globular_clusters/output/NGC_5272_M_3.csv
# %ECSV 0.9
# ---
# datatype:
# - {name: x, unit: deg, datatype: float64}
# - {name: y, unit: deg, datatype: float64}
# - {name: pmx, unit: mas / yr, datatype: float64}
# - {name: pmy, unit: mas / yr, datatype: float64}
# - {name: pmx_e, unit: mas / yr, datatype: float64}
# - {name: pmy_e, unit: mas / yr, datatype: float64}
# - {name: pm_corr, datatype: float64}
# - {name: g_mag, unit: mag, datatype: float64}
# - {name: bp_rp, unit: mag, datatype: float64}
# - {name: filter, datatype: int64}
# - {name: memberprob, datatype: float64}
# meta: !!omap
# - comments: [deg deg mas/yr mas/yr mas/yr mas/yr dimless mag   mag   zeroone float]
# - __serialized_columns__:
#     bp_rp:
#       __class__: astropy.units.quantity.Quantity
#       unit: &id001 !astropy.units.Unit {unit: mag}
#       value: !astropy.table.SerializedColumn {name: bp_rp}
#     g_mag:
#       __class__: astropy.units.quantity.Quantity
#       unit: *id001
#       value: !astropy.table.SerializedColumn {name: g_mag}
#     pm_corr:
#       __class__: astropy.units.quantity.Quantity
#       unit: !astropy.units.Unit {unit: ''}
#       value: !astropy.table.SerializedColumn {name: pm_corr}
#     pmx:
#       __class__: astropy.units.quantity.Quantity
#       unit: !astropy.units.Unit {unit: mas / yr}
#       value: !astropy.table.SerializedColumn {name: pmx}
#     pmx_e:
#       __class__: astropy.units.quantity.Quantity
#       unit: !astropy.units.Unit {unit: mas / yr}
#       value: !astropy.table.SerializedColumn {name: pmx_e}
#     pmy:
#       __class__: astropy.units.quantity.Quantity
#       unit: !astropy.units.Unit {unit: mas / yr}
#       value: !astropy.table.SerializedColumn {name: pmy}
#     pmy_e:
#       __class__: astropy.units.quantity.Quantity
#       unit: !astropy.units.Unit {unit: mas / yr}
#       value: !astropy.table.SerializedColumn {name: pmy_e}
#     x:
#       __class__: astropy.units.quantity.Quantity
#       unit: &id002 !astropy.units.Unit {unit: deg}
#       value: !astropy.table.SerializedColumn {name: x}
#     y:
#       __class__: astropy.units.quantity.Quantity
#       unit: *id002
#       value: !astropy.table.SerializedColumn {name: y}
# schema: astropy-2.0
x y pmx pmy pmx_e pmy_e pm_corr g_mag bp_rp filter memberprob
[from data line 15126]
-7.691173e-05 -0.0163449 3.22132 -2.608407 0.9637472 0.4715273 -0.1001638 18.2202 0.5576401 0 0.0
-0.03962913 -0.1480951 -3.82857 -5.942409 2.132707 1.593193 -0.4403948 20.48141 0.7041492 0 0.0
0.05710796 -0.01241565 -0.01848155 -3.464909 0.6809881 0.401362 -0.05430845 19.6855 0.7133484 0 0.0
0.02340049 0.01534065 -1.1024 -1.40215 1.520904 1.517781 -0.5879769 19.33876 nan 0 0.0
0.1823261 0.166717 -1.10375 -2.39709 0.9241712 0.5362827 -0.1699119 19.91952 0.6546574 0 0.0
0.01294748 -0.01536373 -0.4527234 -2.33667 0.5535275 0.2793772 0.3505615 18.30469 nan 0 0.0
-0.0176693 0.04867808 -0.8054569 -1.926565 0.6655648 0.3411877 -0.002708034 19.18105 0.5014954 0 0.0
-0.01917377 -0.03408151 -4.960308 0.04962635 1.759798 0.8686227 -0.7556935 19.45724 nan 0 0.0
0.03440111 0.07662293 0.3685598 -2.613176 0.7044452 0.4425206 -0.1322595 19.47897 0.5599308 0 0.0
-0.05024201 -0.01762427 -3.32394 -2.225414 0.9385957 0.6955405 -0.3265707 19.79474 0.5058231 0 0.0
-0.03501506 -0.1805882 0.3903437 -2.564991 0.4037389 0.2428387 0.1081302 18.68045 0.744482 1 0.9998213
0.07077185 0.03470983 -1.095319 -2.688929 1.58465 0.9697875 -0.4437238 20.16397 0.5408764 0 0.0
0.05985002 -0.0654079 0.3016423 -1.315828 2.309978 1.957822 -0.6144436 20.69451 0.967535 0 0.0
-0.04137034 0.04118308 -0.9582856 -2.055339 1.011445 0.5755304 0.1641359 19.75933 0.4838543 0 0.0
0.05580414 0.04127553 -1.818979 1.869939 1.954929 1.06451 -0.4371016 20.01922 0.829565 0 0.0
-0.03208984 -0.02357462 0.01441277 -2.775426 0.324259 0.2104853 -0.2358138 18.39581 0.6574497 0 0.0
0.02372928 -0.01430519 -0.3388366 -2.276764 0.163352 0.1136325 0.1479533 17.14856 0.8926353 0 0.0
0.132903 0.1046681 0.05956074 -3.455338 1.277357 0.7518105 -0.2381127 20.39976 0.7455711 0 0.0
-0.01826807 0.07809521 -0.957779 -1.090477 1.496645 1.727096 -0.41021 20.31437 nan 0 0.0
-0.008442288 -0.01825191 -6.522708 1.005901 1.17884 0.7448328 -0.06069243 17.11684 0.736331 0 0.0
-0.2649493 -0.3548876 -13.59559 -9.656934 0.488571 0.2602696 -0.02898247 18.9381 1.911776 1 0.0
-0.04949628 -0.00214649 -6.133586 0.8273737 0.9298517 0.5630628 -0.01894165 18.5638 0.6644688 0 0.0
-0.02829689 0.04991063 0.5343237 -4.356015 1.382657 0.8626519 0.3499878 19.99748 nan 0 0.0
-0.02679896 -0.07620363 -0.3663287 -3.029076 0.4376773 0.2732252 -0.06348869 18.87479 0.5599327 0 0.0
0.07414602 -0.05005808 1.345684 -1.212418 2.178389 1.831175 -0.4237613 20.7498 0.4707413 0 0.0
-0.1087628 0.05714953 0.2485549 -0.7195803 1.920917 1.78261 -0.3666936 20.60229 0.608778 0 0.0
0.09322954 -0.001031785 0.03232474 -2.646492 0.3607262 0.2163226 -0.3564307 18.57584 0.6489716 1 0.9999712
-0.05481327 0.02289008 1.237288 -6.569547 2.406793 2.038638 -0.02667112 20.81927 0.4089584 0 0.0
-0.02429707 -0.06307024 3.912096 -2.593831 1.915361 1.605715 -0.3319412 20.67372 0.4622917 0 0.0
0.1104558 -0.002489626 -0.4932363 -3.310262 3.147111 2.589376 -0.6436 20.79903 0.5578403 0 0.0
0.06910969 -0.07151914 2.826803 -2.672325 1.780777 1.336625 -0.3312488 20.6268 0.6348877 0 0.0
0.05800316 0.02015854 1.72739 -3.344133 0.8538438 0.5152272 -0.4475091 19.64742 nan 0 0.0
-0.07981977 0.07540762 -0.09293296 -2.665397 0.350531 0.2296541 -0.05979095 18.55204 0.6562977 1 0.9999643
0.02067012 -0.02564693 3.996676 -3.251115 1.693237 0.8723332 0.1465474 18.77869 0.5743923 0 0.0
0.02431956 0.04641919 -0.2241749 -3.010594 0.4352398 0.2791421 -0.1102792 18.8501 0.5232048 0 0.0
-0.08970042 -0.1392393 0.1019456 -2.665719 0.5030073 0.3100847 0.01206331 19.32571 0.6074696 1 0.9998652
0.1300263 -0.1090615 0.60089 -2.41696 0.3828649 0.2220921 -0.2024323 18.86731 0.5355682 1 0.9995003
0.1930497 0.1665243 -3.386633 -5.66146 1.945512 1.301671 -0.03668029 20.67119 0.6707344 0 0.0
0.06357881 0.03380882 -0.4661718 -2.126422 0.858857 0.487713 -0.6281903 19.41374 0.4771671 0 0.0
-0.003704335 -0.07503011 1.748624 -2.395347 2.065243 1.630143 -0.005534542 20.5383 0.7435055 0 0.0
0.05332579 0.03261871 -6.193481 1.631112 1.242711 0.7585386 -0.2663728 18.77505 0.4628429 0 0.0
0.1898528 0.02849516 -1.324607 -2.855558 1.138913 0.6777013 -0.4670863 20.14198 0.6502514 1 0.9979678
0.0247443 -0.04858192 0.93367 -2.990211 1.774888 0.9917257 -0.1875612 20.38155 0.7284069 0 0.0
-0.06297145 0.004679427 1.189538 -2.176986 1.274997 0.850205 0.166758 19.81718 0.5879688 0 0.0
0.02815763 -0.004574726 -1.832395 -0.7173795 1.709885 0.940059 -0.3896976 19.71564 nan 0 0.0
0.02915719 -0.02657382 -2.377616 -2.673584 2.071634 1.004475 0.05363508 20.10994 nan 0 0.0
-0.05073769 -0.07149327 -2.343745 -0.4608914 2.764878 3.422508 -0.4557594 20.77702 0.7668247 0 0.0
0.2410897 0.03147366 0.2494104 -2.397173 1.837901 1.110059 -0.3952044 20.41943 0.6075859 1 0.9964718
0.02383636 -0.01280981 0.7197089 -1.817326 0.76629 0.4097405 0.1732874 19.16891 nan 0 0.0
-0.04330215 0.04284134 0.9251732 -3.398296 0.8572252 0.678375 0.3908653 19.49919 nan 0 0.0
0.1065177 -0.0382164 -0.4537106 -2.735017 0.881108 0.4468752 -0.3702549 19.79577 0.6353703 0 0.0
0.01451616 0.001426863 -0.4551853 -2.517343 0.2793288 0.1567655 0.05706309 15.31133 0.8758421 0 0.0
-0.005523757 0.07279898 0.4915635 -4.157118 1.500157 1.248682 -0.1921324 20.43098 0.5033073 0 0.0
-0.002117597 -0.002880902 0.3424462 -0.8497615 0.6473777 0.3450899 -0.06067853 15.99739 nan 0 0.0
-0.06518368 0.009300362 -0.6606903 -2.153489 2.221142 3.896308 -0.1254857 20.7392 0.5383339 0 0.0
0.03750122 -0.002313534 1.52046 -17.51076 3.618036 2.22144 -0.2642621 19.99271 nan 0 0.0
-0.03011988 -0.0376457 -0.4198765 -1.700757 0.3877304 0.2426195 -0.03068756 17.94857 0.8150291 0 0.0
0.03309341 0.05417112 4.75254 -4.993243 3.081046 1.628106 -0.6373406 20.42035 nan 0 0.0
0.05779362 -0.0140575 -0.08624463 -3.354164 1.440602 0.6858318 -0.187383 20.11889 nan 0 0.0
0.05063255 -0.1175595 -0.466015 -2.7871 0.4758496 0.2797634 -0.1645663 19.10852 0.6416531 1 0.9998913
0.006781619 0.0279573 -1.531434 -5.308808 1.03203 0.5305002 -0.1072189 18.91481 nan 0 0.0
-0.1123447 -0.1071744 0.06819578 -2.07734 0.7638252 0.9593496 -0.1485035 19.32434 0.6560421 1 0.9994648
0.03916197 0.008568491 -2.400647 -0.9186949 2.132013 2.60313 -0.4234747 20.47094 nan 0 0.0
0.02336393 -0.001472634 -0.3432523 -3.298287 0.4832812 0.4406465 0.1728681 18.49914 0.6157227 0 0.0
-0.04355704 0.04304935 -0.5972591 -3.061074 0.6875123 0.3901767 -0.0625192 19.09312 0.6359749 0 0.0
0.05251488 -0.01018261 -1.287363 -2.845961 0.7311983 0.4352176 -0.1367064 19.71474 0.5486126 0 0.0
0.08441653 -0.02730527 -0.01397622 -2.771509 0.220478 0.1119053 -0.1543195 17.52094 0.9053326 1 0.9999829
0.07378982 -0.07872386 -0.240899 -2.754233 0.4454631 0.2556653 -0.1486229 19.10054 0.6852207 1 0.9999442
-0.03927693 0.004662283 0.6986863 -0.2370058 0.7442644 0.7618072 0.3083775 19.26161 nan 0 0.0
0.2868877 -0.1045669 1.441459 -4.334264 1.69096 0.956408 -0.2937061 20.3625 0.7437305 1 0.9784166
0.07927772 0.1637421 -0.2398796 -3.441747 3.182454 3.256132 -0.2553363 20.94542 0.06600189 0 0.0
0.02720053 -0.04186745 17.85135 0.03985045 3.805405 3.718036 -0.2375217 20.90152 0.8731403 0 0.0
0.05335236 0.0331585 -4.17816 -1.361295 1.208927 0.6132579 -0.6307082 19.26507 nan 0 0.0
-0.01048515 -0.03715927 0.04702236 -2.723707 0.1766597 0.1142054 0.01362467 17.41139 0.8960133 0 0.0
0.1652485 -0.1080875 -1.615177 -2.634318 1.383195 0.8856507 -0.6090245 20.31813 0.5954323 0 0.0
0.008445979 0.02711056 -8.6955 1.37132 2.236271 1.060403 -0.1927979 19.07307 nan 0 0.0
-0.03828739 0.06815755 -1.225838 -2.914903 0.6471446 0.4541088 -0.1503317 19.29474 0.4570808 0 0.0
0.02410498 -0.01317596 -4.120868 -6.011733 1.959005 0.9297362 -0.1233793 19.41087 nan 0 0.0
0.1000103 0.05485972 1.008885 1.262853 2.832671 2.433764 -0.4211021 20.90306 0.5927258 0 0.0
-0.008014089 -0.03790717 -0.6169607 -2.71314 0.5060558 0.2496875 0.04161379 18.63387 0.6026859 0 0.0
0.07962434 -0.06563905 0.1676959 -1.764423 1.404462 1.079662 -0.3478041 20.3444 0.5016842 0 0.0
0.02466164 -0.03965937 -0.4241883 -2.459715 1.391157 0.8001151 0.03271169 20.14975 nan 0 0.0
-0.002965242 -0.06848984 1.568062 -0.7092852 1.598625 1.209217 -0.02919441 20.52428 0.6039066 0 0.0
-0.09275203 -0.1393378 3.218463 -3.62158 1.333971 1.059507 -0.3269053 20.35317 1.147388 1 0.9918399
0.01532788 0.0512679 0.1952717 -2.959006 0.7380842 0.3837948 -0.05044638 19.31473 0.478447 0 0.0
0.0748544 0.2012162 -3.085499 -8.18595 0.4060304 0.2594445 -0.125562 18.80531 0.8906269 1 0.0
0.07600631 -0.02191955 -2.185911 -3.310478 3.29945 1.512216 -0.138299 20.34194 nan 0 0.0
0.1475365 -0.1084111 0.204148 -2.534758 0.5279321 0.3218661 -0.3433057 19.20954 0.585247 1 0.9998035
-0.01141638 0.04512765 0.7065221 -3.091814 2.222349 1.111438 0.4922805 20.30019 0.2893829 0 0.0
-0.0450157 -0.073922 1.119948 -3.159956 0.8874231 0.5393781 -0.02652297 19.8431 0.7301483 0 0.0
0.1854703 0.009497817 -1.143767 -1.699448 0.6946989 0.3903437 -0.2965887 19.53105 0.7145386 0 0.0
-0.09223533 -0.008589572 1.640131 -3.293887 1.222999 0.9101418 0.06905232 20.03001 0.6376591 0 0.0
0.009130469 0.02738528 -0.7822794 -2.052604 0.4146823 0.234257 0.01894107 18.09612 0.7940941 0 0.0
-0.02563406 0.07418095 -0.4706029 -2.738886 0.498989 0.3015616 -0.02429739 19.23442 0.5468178 0 0.0
0.1884841 -0.1079439 -0.9378475 -3.658045 1.811868 1.103246 -0.5018058 20.36979 0.9340687 0 0.0
-0.01661149 0.03396463 -6.4207 -8.938661 1.079847 0.726583 0.1991506 18.37017 0.6895866 0 0.0
0.1130337 0.03514319 -2.721719 -4.580631 1.726049 1.322563 -0.4004819 20.48998 0.7608852 0 0.0
0.05291756 0.04380891 -0.8544012 -2.240307 1.362811 0.8864915 -0.6144884 20.08281 0.428997 0 0.0
-0.007391683 0.02843609 0.2636109 -2.861115 2.542035 1.240594 -0.07814298 19.86026 nan 0 0.0
0.1763066 0.07908523 -0.04256031 -2.584197 0.3595416 0.215303 -0.2246689 18.59131 0.703804 1 0.9999072
-0.01510481 0.05878282 -0.4871614 -2.562012 0.276586 0.1385627 0.1283827 17.91653 0.8092003 0 0.0
-0.007557113 -0.03292521 0.7611652 -2.411152 0.5367365 0.2876112 0.04386801 18.27328 0.6453953 0 0.0
-0.04035522 -0.006691759 1.037887 -2.489937 0.631038 0.4266247 -0.2489311 19.1291 0.5860348 0 0.0
0.03678158 0.0596121 -1.663273 -3.695217 2.200111 1.564159 -0.07599027 20.36634 0.5803375 0 0.0
0.008048765 -0.04463248 -0.1706393 -3.382525 1.044262 0.5859034 0.4307082 19.56266 0.4172688 0 0.0
0.006086332 -0.01809948 0.5524035 -2.216773 0.4780014 0.2138103 -0.01994723 18.21389 nan 0 0.0
0.02564924 -0.01381837 -7.18822 -5.598344 0.9774692 0.6432599 0.2751761 18.75728 0.5877171 0 0.0
-0.1518084 -0.01824853 -1.233352 -2.343751 0.9037185 0.5237488 -0.1367547 19.89958 0.7739391 0 0.0
-0.004683529 -0.04001308 -3.642363 0.8018435 2.514444 1.121801 -0.3399437 19.93563 nan 0 0.0
0.03350479 0.02627819 1.018616 -3.316444 0.504811 0.376843 -0.278994 18.79041 0.6077957 0 0.0
-0.01075608 0.07213562 -0.4023491 -2.955335 0.4024756 0.2489755 0.003072965 18.756 0.6302757 0 0.0
-0.04836646 -0.1750346 0.05865345 -2.493795 0.3795416 0.2101714 0.03756976 18.61817 0.603899 1 0.9999002
0.124693 -0.08779911 0.6116778 -3.022389 0.8080913 0.4717553 -0.3367207 19.79262 0.635973 0 0.0
0.06499846 -0.2476666 -1.775932 -2.258138 0.9683659 0.5151173 -0.05549312 20.05361 0.6400852 1 0.9946272
0.1204616 -0.07683293 1.328418 -3.194225 1.00379 0.6027914 -0.3718831 20.13161 0.7144165 0 0.0
-0.008455747 -0.01864673 5.796569 -3.864337 0.690181 0.3388522 -0.2768541 18.27942 nan 0 0.0
-0.0698932 0.03319291 0.6444292 -2.538335 2.328587 3.639482 -0.3811952 20.74111 0.8773518 0 0.0
0.1830811 0.07916919 0.6774507 -0.1361701 1.165461 0.6551446 -0.242241 20.00419 0.698122 0 0.0
-0.08892271 -0.04505901 3.691385 -1.52418 1.14415 0.7490422 0.06332604 20.16803 nan 0 0.0
-0.04722303 0.007585675 0.6858689 -2.939811 0.4890957 0.3299182 0.2204061 18.82768 0.6589603 0 0.0
0.03220755 0.01084162 1.253765 -2.674304 0.771418 0.5480641 -0.1651848 18.61149 0.681488 0 0.0
0.03860597 -0.0868735 0.5051363 -2.460762 0.4812972 0.2770809 -0.1896309 19.09077 0.5331631 1 0.9998941
-0.02197968 -0.02985618 1.751479 -3.673467 0.2809076 0.1712293 -0.06042264 17.47532 0.8364277 0 0.0
0.1825049 0.02431661 0.9134034 -2.524611 0.4754057 0.2748156 -0.2613637 19.02995 0.6712494 1 0.998982
-0.02530462 -0.006940558 -3.091319 -2.557931 0.8372576 0.4109976 -0.09022701 18.44334 0.6388359 0 0.0
-0.04288437 0.04719374 -3.868865 -2.555258 1.539307 0.9337248 0.03233232 20.32076 0.5457058 0 0.0
0.1640941 -0.1089838 1.115014 -3.43599 1.568649 1.148931 -0.4755359 20.5007 0.7094402 0 0.0
-0.09521502 -0.007524545 -0.4310779 -2.374199 0.6671855 0.4203865 0.07040824 19.53218 0.447237 0 0.0
-0.03236946 0.07207708 0.4909219 -2.801857 0.4775124 0.2874272 -0.1322953 18.93975 0.5543976 0 0.0
-0.05225255 -0.0649656 2.845463 -4.722652 2.116595 2.798068 -0.2292382 20.72915 nan 0 0.0
0.0266424 -0.01210152 -0.2123352 -2.445378 0.2593205 0.163 -0.01550658 17.50684 0.7149181 0 0.0
0.03351811 0.02659863 -1.4794 -2.164897 1.552213 0.6865258 -0.6816079 19.25602 nan 0 0.0
-0.003353192 -0.01675302 6.520219 -3.675724 0.8936611 0.5092373 0.04323388 17.78299 0.6936646 0 0.0
0.0336876 8.463132e-05 -0.6811495 -3.372983 1.965115 1.61589 -0.5221148 19.52662 nan 0 0.0
0.01573523 0.01903759 -3.815979 -1.910899 1.005837 0.4903381 -0.465633 18.8335 nan 0 0.0
-0.1406329 -0.09662928 -0.003121705 -2.135758 0.3894206 0.3819108 -0.2848549 18.48445 0.6498337 1 0.9997351
0.01345116 0.03624728 3.228926 -2.647715 0.6866774 0.3374598 0.04376758 19.1047 0.4670372 0 0.0
-0.02131968 0.04671228 -1.642196 -1.15114 3.139477 1.420799 -0.08024728 20.27717 0.3448315 0 0.0
-0.05227791 0.04710259 -1.420823 -2.682872 1.118807 0.8336128 0.06503796 20.01078 0.4324303 0 0.0
-0.03382777 0.0007160084 2.045644 -3.835116 1.2673 0.9740617 -0.05969429 18.79308 0.5748158 0 0.0
0.1677095 -0.1091804 -0.08104152 -2.800259 0.2099985 0.1190098 -0.26116 17.70252 0.909647 1 0.9999308
0.03184548 -0.03514657 1.295014 -4.459138 2.535538 1.229731 0.2113838 20.34405 0.2849426 0 0.0
-0.03094671 0.07425294 0.4538559 -2.556711 0.2912972 0.1784726 -0.09750959 18.30445 0.8120365 1 0.9999246
-0.1335684 -0.07809326 -0.4250084 -2.112468 0.5751841 0.327559 0.0416563 19.27911 0.5737591 1 0.9996086
0.02571719 -0.01720199 7.590418 1.982635 2.984063 1.327928 0.06881435 20.28802 nan 0 0.0
-0.0313437 0.002126683 4.427955 -9.368938 1.30809 1.072052 0.3689382 19.34974 1.418116 0 0.0
0.03419568 0.04810229 3.710547 -5.379542 2.040779 1.769483 -0.490637 20.50798 nan 0 0.0
0.03341077 -0.01613173 -0.2283066 -2.600897 0.04445128 0.02953002 -0.09958488 14.59396 1.024006 1 0.9999957
-0.06929243 0.02833449 -3.59418 -3.114382 1.651009 2.077301 0.01188777 20.47773 nan 0 0.0
-0.06898352 -0.03327117 0.4169281 -2.361029 0.9883182 0.6365741 -0.2979441 19.99906 0.5474663 0 0.0
0.02537399 0.01421768 0.2785006 0.2472907 0.9198952 0.7279253 -0.1236507 18.94216 nan 0 0.0
-0.03953212 0.004334314 -0.2331199 -2.486567 0.9749513 0.9537189 0.3301423 19.18433 nan 0 0.0
0.05440981 -0.1714516 -0.388415 -2.99284 2.531025 1.542792 -0.4790973 20.65358 0.7867088 0 0.0
-0.08190123 -0.01400539 0.4407588 -2.826891 0.9036935 0.4232394 -0.01229541 19.63766 nan 0 0.0
0.07190594 0.02479047 -25.63406 -3.538097 3.958361 2.197881 -0.5323011 20.81085 1.231115 0 0.0
-0.02714659 0.03536107 -0.2242943 -2.429719 0.1009904 0.06182762 -0.03665441 16.28182 0.9532995 0 0.0
0.1069307 0.01839224 -2.926117 -2.717928 3.215418 2.267148 -0.5920463 20.90028 0.7674427 0 0.0
-0.06041698 -0.01224024 -0.1623131 -2.723306 0.1368468 0.08222084 -0.06254979 16.88825 0.9182129 1 0.9999927
0.05632973 -0.01340598 -0.3018694 -2.568313 0.2065994 0.1214924 -0.05054309 17.8338 0.8024368 0 0.0
0.03400705 -0.0332252 -0.1088609 -3.527906 0.7634858 0.4221163 0.3249128 19.08871 0.5368214 0 0.0
-0.009034789 -0.0380921 -1.740862 -2.480182 0.4402307 0.2097227 0.2718613 18.19642 nan 0 0.0
-0.05581199 0.01249555 0.8960632 -5.024555 1.506226 1.349624 0.1083563 20.28029 0.5630722 0 0.0
-0.01261205 0.03397171 -0.4011136 -2.078282 0.5895317 0.2706325 0.05039253 18.89534 0.6081142 0 0.0
-0.08536483 0.053363 -2.170131 -2.361103 1.515945 1.483864 -0.2638664 20.41571 0.5529633 0 0.0
