scripts/get_globular_clusters/output/NGC_5272_M_3.csv
# %ECSV 0.9
# ---
# datatype:
# - {name: x, unit: deg, datatype: float64}
# - {name: y, unit: deg, datatype: float64}
# - {name: pmx, unit: mas / yr, datatype: float64}
# - {name: pmy, unit: mas / yr, datatype: float64}
# - {name: pmx_e, unit: mas / yr, datatype: float64}
# - {name: pmy_e, unit: mas / yr, datatype: float64}
# - {name: pm_corr, datatype: float64}
# - {name: g_mag, unit: mag, datatype: float64}
# - {name: bp_rp, unit: mag, datatype: float64}
# - {name: filter, datatype: int64}
# - {name: memberprob, datatype: float64}
# meta: !!omap
# - comments: [deg deg mas/yr mas/yr mas/yr mas/yr dimless mag   mag   zeroone float]
# - __serialized_columns__:
#     bp_rp:
#       __class__: astropy.units.quantity.Quantity
#       unit: &id001 !astropy.units.Unit {unit: mag}
#       value: !astropy.table.SerializedColumn {name: bp_rp}
#     g_mag:
#       __class__: astropy.units.quantity.Quantity
#       unit: *id001
#       value: !astropy.table.SerializedColumn {name: g_mag}
#     pm_corr:
#       __class__: astropy.units.quantity.Quantity
#       unit: !astropy.units.Unit {unit: ''}
#       value: !astropy.table.SerializedColumn {name: pm_corr}
#     pmx:
#       __class__: astropy.units.quantity.Quantity
#       unit: !astropy.units.Unit {unit: mas / yr}
#       value: !astropy.table.SerializedColumn {name: pmx}
#     pmx_e:
#       __class__: astropy.units.quantity.Quantity
#       unit: !astropy.units.Unit {unit: mas / yr}
#       value: !astropy.table.SerializedColumn {name: pmx_e}
#     pmy:
#       __class__: astropy.units.quantity.Quantity
#       unit: !astropy.units.Unit {unit: mas / yr}
#       value: !astropy.table.SerializedColumn {name: pmy}
#     pmy_e:
#       __class__: astropy.units.quantity.Quantity
#       unit: !astropy.units.Unit {unit: mas / yr}
#       value: !astropy.table.SerializedColumn {name: pmy_e}
#     x:
#       __class__: astropy.units.quantity.Quantity
#       unit: &id002 !astropy.units.Unit {unit: deg}
#       value: !astropy.table.SerializedColumn {name: x}
#     y:
#       __class__: astropy.units.quantity.Quantity
#       unit: *id002
#       value: !astropy.table.SerializedColumn {name: y}
# schema: astropy-2.0
x y pmx pmy pmx_e pmy_e pm_corr g_mag bp_rp filter memberprob
[from data line 22363]
-0.07504937 -0.06527999 -0.583321 -3.531634 1.221413 1.187057 -0.1430749 20.27089 0.420887 0 0.0
0.1743987 0.02385855 0.01238955 -2.314758 0.713348 0.4079898 -0.3375261 19.60845 0.7503395 0 0.0
-0.120812 -0.1672655 0.4069835 -2.116238 0.7659593 0.3797383 0.06357226 19.63479 0.7557468 1 0.9992129
0.07986405 0.07972971 0.2895599 -2.648492 0.4955218 0.2848924 -0.2940222 18.97215 0.6372375 1 0.9999266
-0.02677923 -0.05122692 0.6009872 -2.860612 0.289402 0.18324 -0.04033158 18.39909 0.6008434 0 0.0
0.05242511 -0.01872757 0.4620729 -2.802332 0.7974112 0.3409308 0.001445156 19.21646 nan 0 0.0
-0.08884279 0.1141378 -21.51855 -42.42334 1.799467 1.49892 -0.3482795 20.59683 1.563911 0 0.0
-0.01548381 -0.05584304 0.3786264 -1.32468 0.8151036 0.5062789 -0.1620993 19.59925 0.6390781 0 0.0
-0.04425789 0.03581697 -8.894568 7.655623 3.766424 2.285511 0.1803882 20.39802 nan 0 0.0
0.008499223 0.03264188 5.669144 -3.261374 1.156907 0.5973975 0.08914121 19.08389 0.7011547 0 0.0
0.0674656 -0.06347501 0.4243125 -2.736746 0.6801749 0.3755261 -0.1504551 19.65361 0.5124969 0 0.0
0.02113968 0.04386839 -0.3199798 -2.720446 0.07210435 0.04407617 0.02315506 15.5843 1.034072 1 0.9999887
0.03832269 0.02786483 -0.3455377 -2.177131 0.4005642 0.2864191 -0.1501836 18.46454 0.7198048 0 0.0
-0.1167103 -0.0563007 0.127837 -3.276082 0.7240414 0.4870573 0.1117929 19.68908 0.6771393 0 0.0
-0.05017753 -0.0801529 -8.199032 -3.524473 1.542531 1.59865 -0.2733419 20.5035 0.408741 0 0.0
0.01504466 0.06125664 1.143243 -2.505795 0.6777778 0.3551948 0.05493057 18.91313 0.4642124 0 0.0
-0.08104275 -0.03271333 -1.667812 -3.956735 0.965453 0.5742797 -0.07222619 19.74228 0.5849667 0 0.0
-0.04092686 -0.02676448 -2.686178 -2.008073 1.337286 0.3942508 0.2217564 19.05305 nan 0 0.0
0.1249204 -0.08696533 -0.03327126 -1.692734 1.343258 0.825991 -0.3296361 20.35596 0.4720287 0 0.0
-0.1118773 -0.08437635 0.5284194 -3.419863 0.7280327 0.5033961 0.04713717 19.60246 0.6563606 0 0.0
0.1191321 0.04231959 1.548919 -3.943918 1.655557 1.147608 -0.5233339 20.3374 0.7490368 0 0.0
-0.1097273 -0.01906906 -0.3867022 -2.346003 0.8749551 0.5622615 -0.01348102 20.04273 0.5574551 0 0.0
-0.09982361 -0.05400813 -1.461748 -3.1 0.8835752 0.5970148 0.01798049 19.90066 0.6305771 0 0.0
-0.04498792 0.02331079 0.1422649 -2.501152 0.1676134 0.1040748 -0.05563664 17.15947 0.8961735 1 0.9999822
0.05274719 -0.01835548 -2.612781 1.037512 1.412963 2.582621 -0.3032257 20.23754 nan 0 0.0
-0.01635704 0.1171516 1.480982 -3.216241 0.7758111 0.4827579 -0.01522903 19.68432 0.6819782 0 0.0
-0.01498818 0.02960991 0.7911541 -1.222107 0.757121 0.4364182 0.1038359 18.56989 0.640728 0 0.0
-0.1714139 -0.06904192 2.018455 -4.382594 1.35829 1.039513 -0.007546666 20.37524 0.5766945 0 0.0
0.03793328 0.02835488 0.4421439 -3.966496 0.9914134 0.6439913 -0.4985656 19.72049 nan 0 0.0
-0.1247181 0.1128636 3.090843 -3.240259 1.251183 0.7762296 -0.4120463 20.21275 0.6755695 0 0.0
0.002016903 0.02822795 4.199196 -8.461387 1.715294 0.9253323 0.1270891 18.55465 0.6286507 0 0.0
0.1069784 0.09063884 -0.4945492 -3.189745 0.591441 0.3416931 -0.2771361 19.39466 0.6339531 1 0.9993965
0.1300463 0.115546 1.802689 -2.787687 2.214975 1.62807 -0.4746849 20.71612 0.6940117 0 0.0
-0.1104441 0.1174349 0.0349621 -4.33441 2.137349 1.644632 0.1729831 20.75462 1.642847 1 0.9954714
-0.3394608 0.0646258 0.4806762 -7.288267 0.328192 0.1771259 -0.2386402 18.45165 0.6967163 1 0.0
-0.03822415 0.02033458 1.117771 -1.772744 1.308633 1.162216 0.273248 19.78845 0.5700741 0 0.0
-0.0697713 0.07558745 -0.4226308 -0.3223964 1.653122 1.706067 -0.2682956 20.60935 0.7110043 0 0.0
0.01763628 -0.03169759 0.3085043 -1.450791 0.5434248 0.306296 0.1923507 18.81623 0.6387691 0 0.0
0.1093439 0.09907554 0.6445947 -2.785348 0.6279434 0.3657334 -0.2414846 19.49039 0.5637894 0 0.0
0.05686702 0.1110869 0.06655558 -4.628516 3.022182 2.592186 -0.2752204 20.70942 0.6482582 1 0.9953148
-0.0745652 -0.007068049 4.983399 -18.94654 3.448886 4.546774 0.02813106 20.72137 0.6912365 0 0.0
-0.06621355 -0.07077521 0.9981572 -2.557951 1.502584 1.002499 -0.3687745 20.36069 nan 0 0.0
-0.02900827 -0.04892035 -1.018641 -1.278295 1.729888 1.030019 -0.454842 19.98788 nan 0 0.0
-0.001299028 -0.03510175 -0.1925731 -3.623074 0.8333141 0.3867209 0.004819447 19.22797 nan 0 0.0
0.008588594 -0.07674263 0.05196361 -2.700674 0.2018082 0.1199813 -0.07462957 17.68163 0.8920097 1 0.9999866
-0.1197774 -0.01273533 -21.73041 -3.307439 1.462532 0.8830525 -0.03305137 19.22543 1.382051 0 0.0
-0.1384119 -0.2806885 -18.04447 1.740683 1.980923 1.294222 -0.3015416 20.5407 1.314636 0 0.0
0.02913477 0.006156281 -1.045303 -2.53429 0.2141017 0.1401287 0.08596252 16.97676 0.8459034 0 0.0
0.02796728 0.05532932 -1.507957 -2.209124 2.396782 1.373223 -0.3414436 20.40279 0.6516304 0 0.0
0.02099497 0.0291875 0.1218043 -2.452504 0.06601738 0.03863952 0.01628763 15.17132 0.9058619 1 0.9999735
-0.1562539 0.0720824 2.293628 -2.172962 0.9939167 0.6965264 0.01955683 20.12912 0.7564583 1 0.995395
0.03463966 0.04461962 -0.4490355 -1.532895 1.43181 0.9187087 -0.07725741 19.97602 nan 0 0.0
0.0186045 0.03738484 -0.5628822 -2.994482 0.5209625 0.2694528 0.03949859 18.9148 0.5919151 0 0.0
0.1597469 0.02923136 0.4405339 -2.96035 0.7264577 0.4286258 -0.2611453 19.5487 0.5780563 0 0.0
-0.06549321 -0.1666007 -0.1545348 -1.949706 0.900823 0.4762601 -0.01164858 19.87127 0.7206821 1 0.9991693
-0.04531181 -0.01221535 0.440747 -3.017984 0.7591372 0.5216671 0.04319041 19.46239 0.4062595 0 0.0
-0.01412299 0.07612428 -1.381781 -4.637773 1.047195 0.8368031 0.5565139 19.66653 nan 0 0.0
0.04033489 -0.004637552 -1.843568 -2.742405 2.799337 1.538879 -0.6727016 20.15715 0.2845325 0 0.0
0.2367958 -0.02305962 1.620808 -1.011617 3.058101 2.153064 -0.4987651 20.93017 0.3510265 0 0.0
0.04500927 0.02183261 -4.517557 -1.10972 3.01697 1.416866 -0.7303545 20.28245 0.6441364 0 0.0
0.04490291 0.1142531 -0.2747691 -2.944908 0.6904001 0.4579276 -0.1744476 19.58591 0.6290531 1 0.9998027
0.01744653 0.06046736 -0.2359879 -2.171951 0.4147779 0.2450938 0.07119798 18.81693 0.7002277 0 0.0
0.0183066 0.05266073 -1.856082 -2.504464 1.2581 0.649728 -0.0717468 19.9596 0.4444923 0 0.0
-0.1094566 -0.08220831 -1.688736 -5.901333 1.204132 1.194224 0.2140477 20.31635 0.5950394 1 0.9693495
0.02036524 0.02356833 -0.4141174 -2.073344 0.3009101 0.1874532 -0.02481874 16.92634 0.8717747 0 0.0
0.0803614 -0.01001258 -2.031608 -0.7265676 2.124681 1.574038 -0.5193481 20.70672 0.2675266 0 0.0
-0.03676124 0.01987058 -1.545424 -4.4966 1.075788 0.7961033 0.4621054 19.04576 0.6145515 0 0.0
-0.07509975 0.05326368 -1.589382 -1.994665 1.140074 0.7188193 -0.04474207 20.17276 0.8695297 0 0.0
0.05024914 -0.01726569 1.149165 -2.392203 1.048221 0.6322154 -0.1643016 19.89097 nan 0 0.0
-0.06516002 -0.06154621 -1.006717 -4.702986 2.285484 3.700746 -0.2391019 20.78573 nan 0 0.0
-0.007160997 0.06565416 -0.03424146 -1.738968 1.156898 0.5223125 -0.2586739 19.10786 nan 0 0.0
-0.09418812 0.1053495 0.8104264 -3.81742 1.571035 1.654711 -0.388478 20.51118 0.6924877 0 0.0
-0.05753623 0.05086851 -0.196112 -2.646645 1.272448 0.7735319 0.07806291 19.96155 0.7629185 0 0.0
0.04241529 0.03042796 -1.799303 -3.380446 3.2322 1.959592 -0.1017462 20.36359 nan 0 0.0
-0.01778527 -0.08295371 -0.2418854 -2.511358 0.6155084 0.3761712 -0.007372595 19.50075 0.6157818 0 0.0
-0.07134914 -0.1969274 0.344624 -2.198002 0.7824923 0.4155562 0.0885871 19.67698 0.702631 1 0.9993383
0.05767603 0.1276831 0.6467274 -3.059241 0.9805798 0.634696 -0.1521502 19.90242 0.6143074 0 0.0
-0.02810913 0.04950431 -2.713877 -3.475678 1.317957 0.7480198 0.2348845 20.01896 nan 0 0.0
-0.06649888 0.05263805 -0.0766288 -2.551242 0.1582945 0.1059019 -0.01145744 17.27674 0.9305954 1 0.9999906
0.05043738 -0.01779775 -0.5946601 -2.731716 0.9866475 0.7606564 0.5818427 19.14635 nan 0 0.0
0.01188044 0.04069693 -10.60502 -6.528973 2.933338 1.424582 -0.1125143 20.15029 0.4217415 0 0.0
-0.08413181 -0.03309049 -0.6292768 -3.104437 0.7542172 0.4349433 -0.03553066 19.6027 0.5632439 0 0.0
0.01139837 0.03096559 -3.674951 -1.464722 0.9025246 0.561763 0.07612768 18.40819 0.8144932 0 0.0
-0.09626084 0.05314918 -1.658379 -2.205557 1.202617 0.95193 -0.05650665 20.25137 0.4875412 0 0.0
-0.09510202 -0.257522 -1.408034 -7.920146 1.508157 0.9704815 0.2135207 19.8987 0.6648293 0 0.0
-0.0121643 -0.04070295 2.955368 -3.641183 1.77429 0.7899952 -0.4267352 19.61359 0.6498871 0 0.0
0.05364297 0.06882224 -0.6756829 -1.531832 1.045718 0.6177537 -0.08089693 19.63758 0.7105904 0 0.0
0.1198206 0.03869641 0.8254203 -3.033551 2.039198 1.457341 -0.5134381 20.64719 0.8535748 0 0.0
-0.00650772 -0.001978548 0.2394668 -2.251895 0.472798 0.2921808 -0.3560738 13.87533 nan 0 0.0
0.04677911 0.02620883 -0.3057643 -2.0938 1.577179 1.075938 -0.6211046 20.24088 nan 0 0.0
-0.06957648 -0.03643317 -0.07445474 -2.467666 1.466912 1.919613 -0.2256795 20.36846 -0.3007278 0 0.0
-0.05380673 -0.003840024 3.150321 -11.80519 2.796667 3.948832 -0.06280313 20.67018 nan 0 0.0
0.06412323 -0.359501 -0.9724804 -7.260057 0.6948707 0.3710158 -0.1276868 19.64455 0.800602 1 0.0
-0.04131854 0.03637654 -1.017501 -3.404451 0.8294976 0.5090196 -0.02489674 18.89817 0.5998592 0 0.0
0.04325588 -0.05621683 -0.7090517 -2.515255 0.6945816 0.3529317 -0.1415125 19.55289 0.6509438 0 0.0
0.02450978 -0.02179899 0.1755332 -2.518692 0.4550292 0.2898823 0.176505 18.75982 0.6272545 0 0.0
-0.2243669 -0.01006513 1.229048 -2.541352 0.7329971 0.4271794 -0.005147834 19.87655 0.7183285 1 0.9983525
-0.02421725 -0.06651302 0.1432792 -2.560575 0.3830218 0.2440336 -0.008626814 18.75738 0.6558762 0 0.0
-0.1042322 -0.0432102 1.485388 -3.227852 1.244023 1.256143 0.04529261 20.17704 nan 0 0.0
0.006118981 0.1138775 2.007585 -5.160844 1.734814 1.716651 -0.4384474 20.45802 0.6957645 0 0.0
0.1072291 0.01532743 0.4177562 -2.367653 0.5405173 0.3093216 -0.2854985 19.0771 0.6407223 1 0.9998567
0.1166891 0.1157326 -4.626312 -4.610815 4.729004 2.712346 -0.4830284 20.91677 0.8111916 0 0.0
-0.133834 -0.2581059 -4.827373 -11.60139 1.160836 0.6326079 -0.0173666 19.74504 1.76276 0 0.0
0.04112533 0.1377329 0.1678007 -2.362348 0.9519984 0.5966231 -0.1912528 19.805 0.6513443 0 0.0
-0.02996254 -0.003584318 -1.959398 0.283139 0.8317624 0.9614523 0.110035 19.26996 nan 0 0.0
-0.07433874 -0.2022201 1.083079 -1.897121 1.453111 0.9369281 -0.01662452 20.20661 0.8424873 0 0.0
-0.03181654 -0.00777613 5.921395 -4.531995 2.111114 0.9706781 -0.8414064 19.08708 nan 0 0.0
0.09854434 -0.05714119 2.444249 -2.683852 1.700734 1.18115 -0.4223391 20.63527 1.024902 0 0.0
0.1046456 0.1030457 -0.5761601 -2.91507 0.6990895 0.4584569 -0.5307703 19.20917 0.6384544 0 0.0
0.03798152 0.04355456 -0.148719 -2.825171 0.4915754 0.3384509 -0.1126207 18.98028 0.6433029 0 0.0
-0.1513907 -0.168447 -0.6636227 -2.404416 1.352826 0.7843223 0.002941726 20.18616 0.5316772 0 0.0
-0.03005047 0.01775894 -0.0658784 -6.461627 1.568624 1.613739 -0.08477571 18.96246 nan 0 0.0
0.01470717 -0.02061634 0.1012531 -2.674811 0.04967255 0.03576593 -0.05784619 14.62219 1.140285 1 0.9999895
0.04876752 -0.0657588 0.06746421 -2.860204 0.2788084 0.1510526 -0.1435668 18.24896 0.8381882 1 0.9999668
-0.03916111 -0.04531029 -0.6348495 -2.623236 0.3847144 0.2434364 -0.05789854 18.66266 0.5497952 0 0.0
0.01182784 0.03105337 -1.636378 1.017681 1.633912 1.229482 0.09213769 18.59971 nan 0 0.0
-0.07492847 -0.008154982 -2.370868 -2.670334 0.7776127 0.4740055 -0.06802557 19.5882 0.5922146 0 0.0
0.004623612 -0.03836895 -2.701669 -2.426468 1.374708 0.6043569 0.2716912 19.68845 -0.07948875 0 0.0
-0.07855994 -0.03491818 -0.6425181 -2.449027 0.4763217 0.2911413 -0.0374255 19.20932 0.4807148 0 0.0
-0.0140847 -0.03964604 2.894762 -3.613167 1.443325 0.6673172 -0.190519 19.7185 nan 0 0.0
-0.03413594 -0.08097561 0.6071153 -2.37898 0.6735668 0.4243416 -0.05358336 19.57024 0.6650963 0 0.0
-0.03108462 -0.07597358 -0.2478169 -3.060847 1.454871 1.2289 -0.3878526 20.39025 0.5182629 0 0.0
0.111437 0.0219827 -1.358539 -2.558512 0.9753162 0.5613539 -0.2912769 20.0016 0.6396427 0 0.0
0.05490017 -0.07921214 1.680339 -4.204681 1.599774 1.357641 -0.2841312 20.51175 0.7301254 0 0.0
-0.08171032 -0.0276488 0.6802781 -1.874927 1.013627 0.6657436 -0.01380567 20.2036 0.5377941 0 0.0
-0.04098355 0.06964628 -0.9151489 -2.942448 0.8970535 0.5396575 -0.05581771 19.67586 0.5629654 0 0.0
-0.005690337 -0.03131552 0.6885224 -3.010322 0.4033558 0.2581084 -0.6761205 17.42294 nan 0 0.0
0.01768708 0.1463323 -1.461546 -3.017395 1.390521 1.024308 -0.2047662 20.31697 0.49016 0 0.0
0.00594348 -0.10492 -1.826316 -5.808953 1.73505 1.982897 -0.2368767 20.61636 0.473505 0 0.0
0.07111953 -0.06359088 0.399869 -2.654863 0.3434472 0.194904 -0.1707039 18.66773 0.6248226 1 0.9999431
-0.03246613 0.01933703 -2.294492 6.366597 1.232469 0.9361681 0.4407069 18.85697 0.4715405 0 0.0
0.02139112 0.06138361 -1.828534 -2.676056 0.9727201 0.6274137 0.1315842 19.86027 0.4281635 0 0.0
-0.03407158 -0.04784501 0.3773277 -2.947278 0.7722114 0.3815874 -0.005416862 19.39344 0.5839291 0 0.0
0.01301338 -0.005332976 -0.204741 -2.565658 0.05796697 0.03798467 -0.01419826 15.03748 1.021053 0 0.0
0.004462435 -0.03800847 -1.242526 -1.863285 1.596064 0.699685 0.4542876 19.80789 nan 0 0.0
-0.07843888 -0.03464743 1.379122 -3.143441 0.803519 0.4930914 -0.1475021 19.87194 nan 0 0.0
-0.01462189 -0.03949528 2.347005 -3.302286 1.050301 0.5221923 0.2346964 19.42578 0.6363354 0 0.0
0.008246513 0.003180951 -2.750048 -3.273503 0.2925741 0.152295 0.1000889 15.40368 0.7974701 0 0.0
-0.1468888 -0.08262851 -1.368142 -4.794623 1.092235 0.9201093 0.07321279 20.27245 0.5242863 0 0.0
-0.1108146 -0.01881235 -0.317888 -3.019318 0.9442082 0.5575101 -0.0269914 19.99598 nan 0 0.0
-0.01699731 0.05508476 -0.5875733 -2.369418 0.6000283 0.2960913 0.1225394 18.96161 0.6367474 0 0.0
-0.07207919 -0.02364844 -2.104715 3.521928 1.583198 2.160505 -0.1918446 20.4338 0.8631229 0 0.0
0.07810582 -0.01012107 -0.635547 -1.337146 1.555293 1.075898 -0.5723777 20.27938 0.6241131 0 0.0
0.04583442 0.1000457 4.177677 -5.495053 1.590826 1.169033 -0.3613887 20.30969 0.5340366 0 0.0
0.0876898 -0.007014142 -0.2912555 -1.736415 0.6297166 0.3715992 -0.2531003 19.43363 0.6038513 0 0.0
-0.0633601 0.05068491 0.3777082 -2.628821 0.3626467 0.2272109 -0.02663629 18.53717 0.6498165 1 0.9999487
-0.06708391 -0.06623518 -0.2232485 -2.841588 0.3723791 0.2223141 -0.01194611 18.70298 0.6860447 1 0.9999546
0.05540698 -0.02052469 -0.1164343 -2.584242 0.3838049 0.2385983 -0.09012107 18.87103 0.5858688 0 0.0
0.002271509 0.04714885 -5.422317 -4.272105 2.591856 1.291964 0.3706502 20.33432 nan 0 0.0
0.07779501 -0.1728866 -0.8748201 -2.18992 0.7620261 0.3937991 -0.1555495 19.58521 0.6629906 0 0.0
0.08990604 0.05517301 2.373393 -4.565285 1.713788 1.188092 -0.4718697 20.44935 0.7680435 0 0.0
-0.01362663 0.07597735 -4.389412 -13.8609 2.315069 2.559193 0.07539515 20.48423 nan 0 0.0
-0.037852 -0.02760676 -0.03040086 -2.923468 0.7237903 0.4640089 -0.1608006 19.42132 nan 0 0.0
-0.1345183 0.1469026 -2.689808 3.356415 2.147973 2.409948 -0.3562351 20.75955 1.216114 0 0.0
-0.0340983 -0.04740822 0.1109347 -1.722961 0.9852786 0.5188518 0.2341719 19.32299 0.3274326 0 0.0
-0.1929239 0.04789275 1.479301 -3.947507 1.572624 1.642506 -0.3975181 20.37072 0.8146515 1 0.9961105
0.02132703 0.04646051 0.8620693 -3.087883 0.4644443 0.2883676 -0.04316593 19.08087 0.4651451 0 0.0
0.0659451 0.1131387 -0.1653464 -2.552184 0.3368388 0.2223097 -0.1213552 18.32322 0.7851906 1 0.9999561
0.02958116 0.137956 -0.08946358 -2.793156 0.4705569 0.3195345 -0.1802908 18.90738 0.6359539 1 0.9998994
0.080701 -0.08595912 0.1822601 -0.68682 1.971084 1.472965 -0.2500162 20.72717 0.5785713 0 0.0
0.02949047 0.03046172 -4.85942 -9.996915 3.282371 1.779749 -0.6173898 20.21891 0.786726 0 0.0
0.0276091 0.1422393 -0.3259767 -3.412302 0.8631441 0.55717 -0.211739 19.80184 0.7297287 1 0.9991916
-0.03419217 -0.04692753 -0.3837583 -2.569894 0.8617758 0.4094597 0.0262031 19.63251 nan 0 0.0
