scripts/get_globular_clusters/output/NGC_6218_M_12.csv
# %ECSV 0.9
# ---
# datatype:
# - {name: x, unit: deg, datatype: float64}
# - {name: y, unit: deg, datatype: float64}
# - {name: pmx, unit: mas / yr, datatype: float64}
# - {name: pmy, unit: mas / yr, datatype: float64}
# - {name: pmx_e, unit: mas / yr, datatype: float64}
# - {name: pmy_e, unit: mas / yr, datatype: float64}
# - {name: pm_corr, datatype: float64}
# - {name: g_mag, unit: mag, datatype: float64}
# - {name: bp_rp, unit: mag, datatype: float64}
# - {name: filter, datatype: int64}
# - {name: memberprob, datatype: float64}
# meta: !!omap
# - comments: [deg deg mas/yr mas/yr mas/yr mas/yr dimless mag   mag   zeroone float]
# - __serialized_columns__:
#     bp_rp:
#       __class__: astropy.units.quantity.Quantity
#       unit: &id001 !astropy.units.Unit {unit: mag}
#       value: !astropy.table.SerializedColumn {name: bp_rp}
#     g_mag:
#       __class__: astropy.units.quantity.Quantity
#       unit: *id001
#       value: !astropy.table.SerializedColumn {name: g_mag}
#     pm_corr:
#       __class__: astropy.units.quantity.Quantity
#       unit: !astropy.units.Unit {unit: ''}
#       value: !astropy.table.SerializedColumn {name: pm_corr}
#     pmx:
#       __class__: astropy.units.quantity.Quantity
#       unit: !astropy.units.Unit {unit: mas / yr}
#       value: !astropy.table.SerializedColumn {name: pmx}
#     pmx_e:
#       __class__: astropy.units.quantity.Quantity
#       unit: !astropy.units.Unit {unit: mas / yr}
#       value: !astropy.table.SerializedColumn {name: pmx_e}
#     pmy:
#       __class__: astropy.units.quantity.Quantity
#       unit: !astropy.units.Unit {unit: mas / yr}
#       value: !astropy.table.SerializedColumn {name: pmy}
#     pmy_e:
#       __class__: astropy.units.quantity.Quantity
#       unit: !astropy.units.Unit {unit: mas / yr}
#       value: !astropy.table.SerializedColumn {name: pmy_e}
#     x:
#       __class__: astropy.units.quantity.Quantity
#       unit: &id002 !astropy.units.Unit {unit: deg}
#       value: !astropy.table.SerializedColumn {name: x}
#     y:
#       __class__: astropy.units.quantity.Quantity
#       unit: *id002
#       value: !astropy.table.SerializedColumn {name: y}
# schema: astropy-2.0
x y pmx pmy pmx_e pmy_e pm_corr g_mag bp_rp filter memberprob
[from data line 11473]
0.02470918 -0.09971576 1.011063 -7.023946 1.165715 0.8105692 0.4566209 20.17209 0.4226856 0 0.0
0.005876826 -0.04107098 3.468128 -4.794701 0.7028169 0.5869843 0.5057293 19.17794 nan 0 0.0
-0.0608994 -0.0869973 -0.2050909 -6.86941 0.4739011 0.3330105 0.4170443 18.86967 0.9193993 0 0.0
0.08601009 -0.1034934 -1.415691 -6.234564 1.934739 1.531606 0.3574876 20.7608 0.848196 0 0.0
-0.03114994 -0.0001521979 -1.369269 -5.828469 1.204466 0.7980528 0.6354894 19.23375 nan 0 0.0
-0.01256037 0.01721851 -0.8440138 -7.05959 0.1844956 0.1202669 0.5234478 17.07552 1.312931 0 0.0
-0.00409649 -0.00709216 -2.662554 -8.339724 0.6430295 0.5715195 0.4611275 18.50112 nan 0 0.0
0.04464034 -0.07555796 -1.121718 -9.23353 0.9190334 0.6192554 0.4480682 19.67244 1.015831 0 0.0
-0.01223967 -0.04380484 -0.3571235 -6.767626 0.4008813 0.2887246 0.5687416 18.5572 0.9095573 0 0.0
-0.04086269 -0.06027429 -0.06890785 -6.539817 0.3142466 0.2159677 0.457508 18.22409 0.9480667 1 0.9992816
-0.04832145 0.001616224 0.1543253 -8.740501 2.37263 1.787831 0.4749046 20.77625 nan 0 0.0
0.04313235 -0.01118206 -0.07249939 -6.422426 2.080386 1.589549 0.4020063 20.52713 nan 0 0.0
-0.01699794 -0.004102353 0.4262545 -6.811666 0.3228854 0.2591541 0.4779492 18.02613 0.8950939 0 0.0
0.1319633 -0.1889598 -1.54561 2.454413 0.9315198 0.6749573 0.2588286 19.80502 2.16848 0 0.0
0.03017129 0.06352476 -1.628252 -6.10962 1.124358 0.7372649 0.2857787 19.88563 0.7102451 0 0.0
0.1083638 0.114432 7.324214 -6.366627 2.102552 1.385928 0.1825495 20.64105 1.004543 1 0.3314689
0.002445687 -0.02848331 0.04760307 -6.368676 0.2773322 0.1944946 0.5708376 17.93502 0.9300499 0 0.0
0.09323357 0.08942923 0.5621564 -6.218819 0.5781182 0.3837243 0.4812804 19.00796 0.9887638 1 0.9915737
-0.02875472 -0.05686179 1.937329 -1.226743 1.800577 1.307781 0.370049 20.63724 1.549276 0 0.0
-0.1523325 0.07311353 -56.85021 3.532135 2.175522 1.621143 0.4316667 20.70689 1.353731 0 0.0
0.07438148 0.03854214 -1.483985 -6.361508 1.237374 0.7835898 0.3797347 19.93664 0.924202 0 0.0
0.05857771 -0.08821506 -2.511809 -16.13575 0.9556311 0.6172685 0.6009344 19.46528 1.097485 0 0.0
0.1358043 -0.02768805 -0.3489808 -5.904823 0.6692742 0.442158 0.3093033 19.22623 0.946228 1 0.9622369
-0.06173935 -0.05426344 2.257829 -9.8807 2.785425 2.091799 -0.07344046 20.82356 0.8511944 0 0.0
0.05601623 -0.07741939 0.908247 -5.860507 2.567728 1.558065 0.7201429 20.61855 0.9781551 0 0.0
0.1385701 -0.1399245 -0.1514448 -8.151677 0.8461814 0.5814864 0.3514519 19.60669 0.9885044 0 0.0
-0.004995899 -0.1163774 -0.4167185 -6.840683 0.05224094 0.03664909 0.4409695 14.43786 1.32713 1 0.9986885
-0.01266666 -0.04371377 -2.666807 -7.711559 1.057676 1.093833 0.208128 19.66959 nan 0 0.0
-0.07618506 0.04448178 -1.479052 -7.17763 2.118904 1.506145 0.5727004 20.6581 0.9530373 0 0.0
0.05345767 0.02563817 0.08940037 -7.072199 0.6619858 0.4836655 0.3109293 18.92435 0.9120941 0 0.0
-0.009220473 -0.004044476 0.1234302 -7.071739 0.2241375 0.1546205 0.4668393 17.63918 0.9561825 0 0.0
0.03221101 -0.1339203 0.2940881 -6.292893 0.3150229 0.2275592 0.4831872 18.2554 0.9266396 1 0.9923602
0.07738364 -0.008737829 0.7433617 -6.325603 0.9402984 0.7219365 0.3012855 19.64311 0.7642307 0 0.0
0.002399937 -0.02885965 7.135543 -2.034194 1.314332 0.9719324 0.563382 19.43909 nan 0 0.0
-0.1181017 -0.0485394 0.4641292 -7.045938 0.6407215 0.4700275 0.4383814 19.20463 0.9523964 1 0.9909712
-0.02599553 0.004757763 -0.1299145 -6.388263 0.7388419 0.5492382 0.5936813 18.85475 nan 0 0.0
0.07093394 0.01511373 -0.9867756 -6.512506 1.00055 0.7260533 0.2267978 19.79805 nan 0 0.0
-0.04409647 -0.02645017 0.2227723 -6.340809 0.3284997 0.2268633 0.3924268 18.26113 0.9565983 1 0.9986129
-0.001443067 0.06415088 1.234171 -6.899576 1.415656 0.8907572 0.4298207 20.25468 1.014488 0 0.0
0.009521789 0.01354903 2.193863 -6.328595 0.5557921 0.4281655 0.199467 18.2659 nan 0 0.0
-0.03875966 -0.0005974833 0.8628646 -2.544629 3.195129 3.225243 -0.5033955 20.54633 1.119205 0 0.0
-0.02236526 -0.05221659 -0.4232953 -6.438281 0.5658318 0.4139225 0.3441338 19.13103 0.8577442 0 0.0
-0.1109402 0.03821838 -2.253637 -2.640599 3.332664 2.82404 0.2157391 20.9606 1.077082 0 0.0
-0.1189681 -0.08698681 -3.515793 -1.378212 0.5775022 0.4270892 0.4464787 19.17556 1.583977 1 0.0
0.138839 -0.02805344 -0.2114725 -6.432042 0.8046374 0.5267401 0.3050781 19.49133 1.033371 1 0.9896238
0.009582951 0.04241412 2.304347 -3.708455 1.82025 1.123841 0.2932837 20.18396 0.7429867 0 0.0
0.02303333 0.0105292 3.055623 -9.706846 1.209103 1.039803 -0.6903549 18.5958 0.8834553 0 0.0
-0.02296099 0.02008764 -0.1001288 -6.793709 0.751393 0.5169515 0.7797964 18.87727 nan 0 0.0
0.07212053 -0.05246046 -0.1801611 -9.040616 1.746667 1.297812 -0.5590902 19.57617 1.047348 0 0.0
0.003528563 0.04210146 1.360278 -7.271243 1.974796 1.27078 0.6213676 19.75152 nan 0 0.0
-0.02161877 0.003801528 0.43891 -6.017784 0.2603962 0.178654 0.4707903 17.94735 0.9077511 0 0.0
-0.02213758 0.02816325 -0.6528906 -6.506629 0.3329124 0.219309 0.5639625 18.11551 nan 0 0.0
0.03264208 0.07471381 0.4495852 -6.66535 0.3039864 0.2033744 0.4193823 18.02705 0.9008465 1 0.9980238
-0.0102421 -0.02400596 0.4203803 -7.56761 1.144322 0.9355364 0.5585859 18.43121 1.039145 0 0.0
0.0221026 -0.02539629 6.889573 -6.037685 2.059281 1.2091 0.7041061 19.46073 nan 0 0.0
0.01607862 -0.05949925 -0.5093221 -7.570898 0.8961425 0.6422033 0.4960839 19.79683 nan 0 0.0
-0.03191219 -0.01313994 3.074101 -8.692724 1.565573 1.281155 -0.4544331 19.88145 nan 0 0.0
-0.04263168 -0.05808184 -1.333413 -7.437127 0.9018474 0.6296449 0.4164185 19.58673 nan 0 0.0
-0.04948234 0.06717127 5.958694 -7.746188 3.173774 1.945759 0.7787384 20.65695 nan 0 0.0
-0.01275853 0.006070648 -1.266496 -6.557434 0.6351114 0.4080732 0.5907571 17.89095 nan 0 0.0
-0.06613333 -0.0007400756 -5.279874 -11.98551 2.05834 1.444126 0.7673298 20.31633 nan 0 0.0
-0.03647205 -0.005908444 3.82736 -9.545132 1.315041 1.434365 -0.33435 19.47943 nan 0 0.0
-0.06093482 0.04760175 -0.05487804 -7.095935 0.7833058 0.5497384 0.5242008 19.52289 0.989502 0 0.0
0.04561463 -0.1338877 -2.745289 -6.204038 0.2277189 0.1595513 0.5048445 17.69133 1.08626 1 0.0
0.04691367 -0.03394553 -0.7266482 -5.874547 0.8885916 0.6051309 -0.5686513 18.6819 nan 0 0.0
0.09667681 0.02788382 -0.7469382 -5.944561 1.272888 0.8056553 0.2339857 19.91016 1.042582 0 0.0
-0.02326706 0.1000345 2.69803 -6.508525 2.894324 1.938655 0.4677841 20.92965 0.6605644 0 0.0
0.0219196 -0.025217 -13.81599 -19.43598 1.287344 0.8717412 0.6180262 18.75708 0.8040695 0 0.0
0.07971625 -0.02160312 -0.5511025 -7.238279 0.4068941 0.2708472 0.4212214 18.61983 0.9024658 1 0.997598
0.03914042 0.1464868 -2.368097 -7.923272 4.593986 2.415682 0.4551618 20.99839 1.232187 0 0.0
0.06075462 -0.1844709 0.8139354 -4.816938 1.083938 0.7807358 0.4401979 20.10175 0.9932194 0 0.0
-0.1042769 -0.1827175 -2.939557 -1.898659 2.09332 1.63254 0.364788 20.63751 1.191547 0 0.0
-0.0306159 -0.01621814 -0.5402838 -6.340717 0.7895782 0.6167734 -0.02847332 18.97564 0.9319363 0 0.0
-0.02822319 0.0754425 -0.01724145 -7.420304 1.191036 0.7577554 0.4891286 19.81364 0.9710484 0 0.0
-0.004203237 -0.007838411 1.299315 -5.281987 1.088275 0.686624 0.2565659 18.43377 0.8178654 0 0.0
0.004626226 -0.08829106 0.8264371 -6.521441 0.8344255 0.594943 0.5368947 19.50192 0.9076881 0 0.0
0.192057 0.07901008 -0.7093605 -11.07313 2.163552 1.413638 0.3491795 20.73086 0.8864956 0 0.0
-0.09169351 0.02279195 -1.30725 -7.256156 1.176847 0.8770534 0.4845977 19.94893 1.053953 0 0.0
-0.01995683 0.03016897 0.6463959 -6.904949 0.8813647 0.5910295 0.4799163 19.40427 nan 0 0.0
0.0421261 -0.001322237 -0.3660816 -6.110396 1.150041 0.9938647 0.4090673 19.07038 0.9081078 0 0.0
0.03918336 0.02001749 1.269324 -6.168324 1.962339 1.566814 -0.05376171 20.39932 nan 0 0.0
0.001484968 -0.01493279 -1.623901 -8.595182 0.3193107 0.2216143 0.6050934 17.59919 0.8736496 0 0.0
-0.004676066 0.02182205 -0.4638856 -6.665607 0.1303773 0.0940645 0.4269246 16.40548 0.1890488 0 0.0
0.00996404 0.01317924 3.573826 -2.417559 0.7742257 0.5409635 0.6842627 17.00732 nan 0 0.0
0.1463975 -0.0871182 -1.521591 3.154785 0.6450043 0.4305465 0.2790013 19.26493 2.007221 0 0.0
0.110477 0.009471928 0.2229655 -6.579816 0.5708299 0.3567213 0.3692714 18.99131 0.940588 1 0.9971446
0.07343224 -0.04674681 -0.8665014 -7.414478 0.4747265 0.3148002 0.44756 18.63358 0.9477139 0 0.0
0.04113138 -0.1387587 -2.514148 -7.247732 1.337327 0.9082206 0.5408058 20.18638 0.9852924 0 0.0
0.008454159 -0.01127642 1.45692 -7.36406 1.639038 1.036205 0.7089214 19.446 nan 0 0.0
0.03602437 -0.08172492 -0.3191208 -7.288927 0.4290084 0.319228 0.5590519 18.72978 0.8411388 0 0.0
0.2063645 -0.02666347 6.121768 -8.190488 0.5294669 0.3785326 0.3946723 18.97246 1.06065 1 0.0
0.05586567 -0.0203091 -1.317594 -5.885945 0.7734427 0.5286367 0.473288 17.94973 0.9232674 0 0.0
0.1333819 -0.1834635 2.527999 -9.202613 0.587026 0.4151918 0.4025826 19.35775 1.77939 1 0.0
0.03584313 -0.001179875 -2.982902 -8.830587 1.22055 1.003786 0.4007352 19.72199 nan 0 0.0
0.152531 -0.05097272 2.80129 -2.215482 3.857131 2.684906 0.5871773 20.85586 1.035242 1 0.6986168
0.001850962 -0.0164446 -0.3157824 -6.788212 0.06742681 0.04237275 0.749531 14.02711 1.200037 1 0.9998648
0.00892723 0.05076843 -0.4841118 -7.257732 0.8683925 0.5951797 0.2337172 19.48301 nan 0 0.0
0.004763814 0.03210337 2.856042 -5.267948 1.853971 1.429014 0.8533193 19.30518 nan 0 0.0
0.0214931 0.01278884 3.043907 -8.513052 0.8745902 0.5821371 -0.5858898 18.30387 0.9439487 0 0.0
0.0370323 -0.01562974 -0.4008509 -6.798832 0.3527885 0.2665491 0.6031445 18.23869 0.9090118 0 0.0
-0.05987968 -0.0331327 -0.602841 -6.912321 0.9131076 0.6391853 0.2760459 19.59048 1.03821 0 0.0
-0.05838326 -0.08786792 -0.1673481 -7.164785 0.492372 0.3474479 0.400468 18.92547 0.9328403 0 0.0
0.005129614 -0.03530733 0.02696473 -6.455149 1.863167 1.441526 0.2443379 20.38017 nan 0 0.0
0.01260203 -0.02293643 3.574623 -4.522542 1.787715 1.297959 0.4100005 20.17976 nan 0 0.0
-0.02033741 -0.02549593 -8.068528 -14.0071 1.348234 0.9253745 0.3375146 18.71193 nan 0 0.0
0.002826975 -0.001454989 -0.5000143 -7.572007 0.5868998 0.4096741 0.4604544 16.79672 0.9833031 0 0.0
-0.0395057 -0.05166449 0.38192 -7.549508 0.6244362 0.4591772 0.349097 19.21791 0.7637329 0 0.0
-0.03499317 0.01141997 0.1444505 -6.841657 0.2906197 0.2006646 0.5373127 18.09387 0.9091225 0 0.0
0.07425714 -0.01479304 0.240002 -7.002198 0.2730434 0.187146 0.4298343 17.82378 0.906992 1 0.9980701
0.02632715 -0.001341824 -2.009104 -10.38849 1.834498 1.321948 0.5381054 19.49828 nan 0 0.0
-0.01364274 -0.03014621 -0.8194937 -6.98931 0.7394888 0.4839102 0.6998694 18.29858 0.9376125 0 0.0
0.03344855 -0.0178311 -0.6304532 -6.761009 0.2638598 0.1810338 0.4767469 17.87805 0.8860416 0 0.0
0.05673473 -0.02558939 -3.573741 -10.24613 3.059228 2.294197 0.5291419 20.78384 nan 0 0.0
-0.01277336 -0.04917832 0.237048 -6.570806 0.6752345 0.465389 0.2872522 19.22807 0.8270016 0 0.0
0.03921387 0.02058337 -1.494669 -7.223731 1.177492 0.8478226 0.0145892 19.53092 1.073355 0 0.0
0.07753552 -0.02197352 -0.2117032 -8.563728 0.7941479 0.5141402 0.3586254 19.40921 1.088236 0 0.0
-0.02161871 -0.0004129977 0.567892 -6.425244 0.9352662 0.6453872 0.8383211 18.69341 nan 0 0.0
0.0386662 0.0802618 -0.6428225 -7.335924 0.2952557 0.2034415 0.4092587 17.85645 0.938261 1 0.9927473
-0.08398186 0.125564 -4.666865 -2.734363 1.119405 0.8204122 0.5033426 20.02792 1.61986 0 0.0
-0.003150865 -0.07529344 2.868969 -3.840661 2.249182 1.623608 0.4977202 20.78898 1.364887 0 0.0
-0.03551168 0.0115729 5.242061 -1.348271 1.161602 0.8764538 0.7819573 19.57934 nan 0 0.0
-0.2001318 -0.02223421 -10.52018 0.001703428 0.7048078 0.5483592 0.4554096 19.21506 2.150961 1 0.0
-0.01708975 0.02672934 -3.55057 -10.62078 2.647246 2.1571 0.7028209 20.38226 nan 0 0.0
0.07774996 -0.001700207 0.7114328 -6.011555 1.311007 0.9255912 -0.1729439 19.95499 1.11763 0 0.0
-0.02742864 -0.01936164 -0.987976 -9.385027 2.75515 2.54926 -0.498601 20.38398 nan 0 0.0
0.1003076 0.04947693 0.7434067 -5.807629 0.9498214 0.5791214 0.395143 19.35516 0.923872 0 0.0
-0.0817932 -0.03784716 -4.465541 -4.023847 3.046343 1.549245 -0.06522315 20.62043 0.8978786 0 0.0
0.0628809 -0.0115756 0.3628283 -7.495047 1.858575 1.258838 0.3231896 20.64046 0.7311325 0 0.0
0.09184342 0.04511149 -0.4325447 -4.93871 0.9544839 0.5679081 0.4645826 19.46254 1.177143 0 0.0
-0.02207626 0.003348765 -0.1011566 -8.40479 0.9267707 0.8944692 0.0008143088 19.17664 nan 0 0.0
-0.1351041 0.1353533 1.12395 -6.745963 0.2313942 0.1824954 0.4475332 17.77606 1.000504 1 0.002080129
-0.006216288 0.00960679 0.2134079 -6.375366 0.1047279 0.07096357 0.4950826 15.47828 0.2495413 0 0.0
-0.03467214 -0.02620307 0.2746486 -5.948347 0.9103332 0.6365186 0.2530736 19.4467 nan 0 0.0
-0.01742452 -0.04398275 -0.276233 -8.095781 0.5325283 0.3835874 0.4693073 17.83995 0.9467564 0 0.0
0.04682061 -0.0885747 -0.2713344 -6.785093 0.2341227 0.1630076 0.5341975 17.7601 0.9266376 1 0.999477
-0.04392783 -0.05978036 -0.899131 -6.838503 0.7017485 0.5025805 0.310535 19.40126 0.9591904 0 0.0
-0.01675308 -0.08801672 -0.8729511 -6.802604 0.4335509 0.3150098 0.5499528 18.70619 0.8861885 1 0.9956437
0.1299204 0.00460549 -0.9702117 -7.356485 0.697974 0.4510585 0.2727048 19.24401 1.028086 1 0.9864498
-0.04986184 0.006395757 4.014908 -3.640132 0.6813194 0.482084 0.4543357 18.08689 0.8943825 0 0.0
0.1132497 -0.03267553 -2.117378 -6.996435 2.077494 1.238606 0.4608566 20.6344 1.006199 0 0.0
0.05471791 -0.1393792 0.6793578 -5.193534 0.4820044 0.3356666 0.494221 18.79719 1.030598 1 0.05303838
-0.05682786 -0.08757628 0.1651916 -6.733685 0.5729305 0.4168908 0.4832291 19.14342 0.9179344 0 0.0
0.1078826 -0.02127675 -0.03915074 -6.956433 0.06720684 0.04574831 0.3412066 15.07017 1.283224 1 0.999358
-0.06505198 0.03574301 -0.913822 -4.367539 3.02395 1.961325 0.6747714 20.74512 0.9416389 0 0.0
0.04990096 -0.08761587 -0.2180039 -6.338187 1.121997 0.8198478 0.5858743 20.05383 1.108458 0 0.0
0.006410668 -0.01351087 1.083272 -6.520067 0.709446 0.4121284 0.5671539 18.36013 1.012741 0 0.0
-0.03482541 0.01071902 -1.239832 -7.886374 0.4494214 0.3117257 0.5531796 18.43886 0.8120041 0 0.0
0.1943294 0.07953708 0.06634925 -2.019884 1.728593 1.165315 0.3985835 20.45648 1.242411 0 0.0
-0.1130111 -0.009438887 -0.5780516 -6.980508 0.8944705 0.6638356 0.4737552 19.71221 0.989809 0 0.0
0.02141662 -0.005387956 1.191563 -6.566898 2.371426 2.237631 0.704338 19.73084 nan 0 0.0
-0.02077974 -0.01818435 3.776148 -6.283446 1.881228 0.8963803 -0.6334076 19.2667 1.000731 0 0.0
-0.02344784 -0.06180746 -4.1288 -10.07071 0.9177573 0.6404128 0.5252883 17.75493 0.9029694 0 0.0
-0.04781666 -0.05207717 0.2219183 -6.569532 0.3222491 0.2149996 0.5692563 17.87678 0.9401741 1 0.9992278
-0.06445851 0.07055058 -1.270874 -8.963678 0.9838752 0.6857081 0.5704671 19.89107 1.030195 0 0.0
0.02199585 -0.02575809 -1.00878 -8.138191 0.8931568 0.6345386 0.6593034 19.34898 nan 0 0.0
0.06183079 0.04695715 0.8739343 -6.029257 0.6574547 0.4352235 0.2666776 19.12964 0.9508209 0 0.0
-0.03981199 0.00262758 -1.118312 -8.502302 2.128177 1.66407 0.05699181 20.32728 nan 0 0.0
-0.09170645 -0.01965311 -0.5273836 -6.810741 0.9268561 0.6939641 0.4803611 19.72403 1.13748 0 0.0
-0.00857994 -0.0110901 0.1945994 -7.003474 0.3650827 0.2527746 0.4466501 18.32835 0.8480282 0 0.0
0.09378685 -0.1071692 3.773914 -3.442441 2.328167 1.84034 0.4467587 20.6664 1.139751 0 0.0
0.04901904 -0.002888715 0.05225003 -6.199941 0.6646979 0.4948495 0.2182832 19.01893 nan 0 0.0
0.1365121 0.05117884 0.07548956 -6.489758 0.8803667 0.5949942 0.260143 19.66039 1.05784 1 0.9880542
0.1977299 0.07618739 -17.71476 -19.24587 2.935567 2.442322 0.6431644 20.74221 1.670134 0 0.0
-0.1964451 0.1464058 -4.695267 7.789381 1.695843 1.446944 0.1966925 20.7305 2.015724 0 0.0
-0.05480064 -0.06044015 -0.17459 -6.633916 0.2746577 0.1881242 0.5350469 17.9103 0.9317932 1 0.99944
-0.1441107 0.05224537 1.393454 -6.865042 0.8212156 0.6928079 0.4847923 19.66448 0.977356 1 0.9353799
