scripts/get_globular_clusters/output/NGC_6287.csv
# %ECSV 0.9
# ---
# datatype:
# - {name: x, unit: deg, datatype: float64}
# - {name: y, unit: deg, datatype: float64}
# - {name: pmx, unit: mas / yr, datatype: float64}
# - {name: pmy, unit: mas / yr, datatype: float64}
# - {name: pmx_e, unit: mas / yr, datatype: float64}
# - {name: pmy_e, unit: mas / yr, datatype: float64}
# - {name: pm_corr, datatype: float64}
# - {name: g_mag, unit: mag, datatype: float64}
# - {name: bp_rp, unit: mag, datatype: float64}
# - {name: filter, datatype: int64}
# - {name: memberprob, datatype: float64}
# meta: !!omap
# - comments: [deg deg mas/yr mas/yr mas/yr mas/yr dimless mag   mag   zeroone float]
# - __serialized_columns__:
#     bp_rp:
#       __class__: astropy.units.quantity.Quantity
#       unit: &id001 !astropy.units.Unit {unit: mag}
#       value: !astropy.table.SerializedColumn {name: bp_rp}
#     g_mag:
#       __class__: astropy.units.quantity.Quantity
#       unit: *id001
#       value: !astropy.table.SerializedColumn {name: g_mag}
#     pm_corr:
#       __class__: astropy.units.quantity.Quantity
#       unit: !astropy.units.Unit {unit: ''}
#       value: !astropy.table.SerializedColumn {name: pm_corr}
#     pmx:
#       __class__: astropy.units.quantity.Quantity
#       unit: !astropy.units.Unit {unit: mas / yr}
#       value: !astropy.table.SerializedColumn {name: pmx}
#     pmx_e:
#       __class__: astropy.units.quantity.Quantity
#       unit: !astropy.units.Unit {unit: mas / yr}
#       value: !astropy.table.SerializedColumn {name: pmx_e}
#     pmy:
#       __class__: astropy.units.quantity.Quantity
#       unit: !astropy.units.Unit {unit: mas / yr}
#       value: !astropy.table.SerializedColumn {name: pmy}
#     pmy_e:
#       __class__: astropy.units.quantity.Quantity
#       unit: !astropy.units.Unit {unit: mas / yr}
#       value: !astropy.table.SerializedColumn {name: pmy_e}
#     x:
#       __class__: astropy.units.quantity.Quantity
#       unit: &id002 !astropy.units.Unit {unit: deg}
#       value: !astropy.table.SerializedColumn {name: x}
#     y:
#       __class__: astropy.units.quantity.Quantity
#       unit: *id002
#       value: !astropy.table.SerializedColumn {name: y}
# schema: astropy-2.0
x y pmx pmy pmx_e pmy_e pm_corr g_mag bp_rp filter memberprob
[from data line 4006]
0.04959917 0.07942616 4.168773 0.6796631 2.12481 1.249455 0.5134619 20.36917 1.220949 0 0.0
0.06917154 0.07031772 3.355903 -1.043819 0.954731 0.6188221 0.4653864 19.63493 1.687872 0 0.0
0.0008115338 0.05174427 -1.976923 -1.554111 1.258707 0.7328822 0.2748168 19.74424 1.769386 0 0.0
0.05027004 0.06530773 0.451673 -3.533198 0.4146229 0.2723531 0.4775571 18.20253 1.895769 1 0.0
0.03786927 -0.06538741 -5.434653 -1.184166 0.1464665 0.09231711 -0.01652832 16.37691 1.896955 1 1.858427e-05
0.02009058 -0.03240751 -7.389077 -1.187106 3.095639 1.593451 0.3709721 20.67907 1.498657 0 0.0
0.04481313 -0.08472429 -7.388469 -8.455663 2.807678 1.735297 0.1038401 20.66216 1.42535 0 0.0
0.04275318 0.07590941 -6.607794 1.343705 2.229993 1.320447 0.1182895 20.48917 2.551834 0 0.0
0.04476445 -0.06159197 -1.582281 1.397804 0.6636473 0.4439194 0.2619615 18.84685 1.488621 1 0.0
-0.01773126 -0.07453096 -0.1423305 -6.771087 2.300688 1.6408 0.1048214 20.38319 1.582722 0 0.0
-0.004594298 0.01028035 -4.356242 -3.127315 0.7201696 0.414849 -0.1174552 16.32085 1.991741 0 0.0
0.03577615 0.0006016796 -4.139534 -1.986272 2.181885 1.395289 0.5437326 20.16473 2.287741 0 0.0
-0.04172263 -0.01241194 -3.300322 3.429426 2.098531 1.415411 -0.03994867 20.05094 1.62031 0 0.0
0.07651491 -0.04491864 -3.619209 -5.579146 0.8715079 0.5338989 0.2385131 19.36666 1.473185 0 0.0
-0.01168531 -0.03449127 -3.725805 -2.05466 1.982408 1.159175 0.2983985 20.40784 1.530872 0 0.0
0.02693298 -0.01673028 -3.771604 -1.223357 1.087207 0.6636454 0.2424361 19.45975 1.606806 0 0.0
0.09280493 0.03130611 3.256963 -4.60273 2.424258 1.39108 0.4300273 20.67903 1.586451 0 0.0
-0.006337194 -0.04708132 -4.759395 -1.489377 0.7844078 0.5067105 0.1635986 19.23423 1.615807 0 0.0
0.02327548 -0.006054179 4.66169 6.65639 3.644117 2.261175 0.6942563 20.54547 nan 0 0.0
0.05784686 -0.0006532724 -4.771961 -1.310068 0.5057957 0.315795 0.2965469 18.47796 1.959751 1 0.9279051
0.06587386 0.0070774 -15.23565 -1.486708 0.8788751 0.6026202 0.4008859 19.36222 2.320772 0 0.0
-0.03477981 -0.08334236 0.3761815 -4.105855 0.9842837 0.6641347 -0.1054598 19.35479 1.488401 0 0.0
-0.03527734 -0.008816679 0.4150901 -5.193058 0.1885863 0.123257 0.01296264 16.84698 2.030972 1 0.0
0.01516478 -0.03572566 -6.802015 -1.749447 1.165945 0.7112015 0.1978104 19.60215 1.575724 0 0.0
0.04317329 -0.02113088 -4.912608 -1.61243 1.382634 0.802329 0.1881469 19.96612 1.762022 0 0.0
-0.003665213 0.01028801 3.166382 4.319765 1.839765 0.9620339 0.07302285 19.46164 nan 0 0.0
-0.09026184 -0.04050006 -1.618058 -4.584283 2.741823 1.733244 -0.190538 20.40063 nan 0 0.0
-0.02327372 -0.07719254 -6.071267 -3.164568 1.321178 1.03061 -0.3467922 19.70702 1.695557 1 0.3960198
0.02109746 -0.0734843 0.5197898 -4.337755 0.5231817 0.3475369 0.2644405 18.51719 1.366852 1 0.0
0.06035767 -0.05243696 -0.09101317 -5.9445 0.6823972 0.4368551 0.2829915 18.75735 1.612135 1 0.0
-0.03942149 -0.08528148 3.335353 3.90594 2.307714 1.686694 0.03458916 20.31979 1.71945 0 0.0
0.01485512 -0.03633026 -2.928934 -0.1135913 1.315575 0.7920781 0.2332035 19.85765 1.800533 0 0.0
-0.02545584 0.006816222 -0.4773065 -2.917798 2.253916 1.531254 0.5684555 20.17511 2.997992 0 0.0
0.01444312 0.06009769 1.045576 -0.6492297 2.079174 1.358046 0.6315995 20.14459 1.592445 0 0.0
-0.01590866 -0.02056423 -5.819218 -2.316926 1.323706 0.84906 0.3186628 19.87571 1.232361 0 0.0
-0.07036539 -0.03835407 -1.128621 -15.49801 2.226714 1.652551 0.0963543 19.80383 1.401773 0 0.0
-0.0032992 0.009872214 -8.3351 4.893278 1.204971 0.796021 -0.1744818 18.14099 1.452211 0 0.0
0.02679683 0.00676256 -5.104224 -1.81498 2.488623 1.586265 0.5518966 20.11801 1.945372 0 0.0
0.04642586 -0.05810016 2.816842 -3.91384 0.4648766 0.291389 0.3803316 18.21841 1.801655 1 0.0
0.04871951 -0.01796082 -8.627767 -1.040339 2.670181 1.705924 0.5648904 20.48519 1.625574 0 0.0
-0.04885786 0.02520434 2.422046 -5.809122 2.563265 1.55114 0.4196855 20.6445 2.254091 0 0.0
-0.01182684 -0.02514146 -4.362614 -0.9155919 1.424823 0.8849667 0.3011972 19.9675 1.44705 0 0.0
0.02161041 -0.03246496 -4.143013 -1.380904 2.214805 1.447429 0.4989833 20.26635 1.769163 0 0.0
-0.06602023 0.05569564 -0.1305932 -3.16926 0.2142889 0.1293706 0.1537373 16.78158 2.013622 1 0.0
-0.07546247 -0.03291893 -3.504825 -4.637328 0.8387651 0.5763038 -0.01756387 19.20971 1.423973 1 9.429684e-05
0.04496221 -0.0591964 -4.641547 -1.011019 0.950329 0.5751272 0.224678 19.39857 1.402006 0 0.0
0.006524349 -0.03628764 1.565058 -0.9269387 1.811777 1.184943 0.2574317 20.33373 2.233778 0 0.0
0.02762109 -0.09383304 -10.3807 -8.936314 1.394233 0.8912087 0.1725642 20.06031 1.274565 0 0.0
-0.09516889 -0.0260495 -5.740913 -3.753476 1.465336 0.9062323 -0.04281972 19.69594 1.900908 0 0.0
-0.04721113 -0.01426003 -5.511695 -5.553216 0.0831202 0.05499504 -0.01295867 14.29815 2.410759 1 0.0
-3.333015e-05 -0.007373993 -6.050275 0.3628898 0.9770303 0.5806254 -0.1331392 16.33741 1.827095 0 0.0
0.05995338 -0.01177402 -4.409062 -6.009736 1.857599 1.186545 0.5599548 20.06793 1.629313 0 0.0
0.06107856 -0.07651564 -3.793861 -4.916359 1.239582 0.7271564 0.2387998 19.83264 1.349686 0 0.0
-0.008083455 -0.02275891 -4.506921 -1.781425 0.2591836 0.1531298 0.08019858 17.32149 1.10033 0 0.0
0.06139646 -0.05785429 -4.165274 -2.784976 0.2987351 0.1769921 0.1183705 17.74437 1.594231 1 6.902773e-05
0.01030278 0.05772151 -10.38803 -4.392659 3.370027 2.125145 0.4394633 20.85469 1.33515 0 0.0
0.09787625 -0.004176022 0.7793237 -0.5659482 0.6324574 0.3722866 0.4349473 18.96226 1.941648 0 0.0
-0.0186915 -0.0482631 -1.966502 -4.568589 2.501759 1.964795 -0.2528369 20.48852 1.279058 0 0.0
0.03269122 0.05011912 -3.950523 -1.477126 1.278119 0.8768779 0.4388059 19.86432 1.35857 0 0.0
-0.04267991 -0.0117809 -7.917554 -11.05575 0.1409081 0.09590676 -0.08070091 16.31072 1.29384 1 0.0
0.009644889 -0.08583118 -4.719901 -1.686086 0.1678619 0.1231077 -0.2245539 16.56096 1.21876 1 0.9186994
-0.007998995 -0.02305835 -4.480671 -2.180134 1.098577 0.6261154 0.5977331 19.04448 nan 0 0.0
-0.08246662 -0.03955482 -0.5159175 -4.24423 1.33862 0.9089419 0.005207266 19.76163 nan 0 0.0
0.0275402 -0.07643039 -0.07324809 -8.440373 1.139616 0.8095076 0.4452199 19.29011 nan 0 0.0
-0.05067253 -0.01679423 -2.063425 -0.8132596 2.151718 1.542429 0.1178818 20.31316 1.4153 0 0.0
-0.08587204 -0.03952831 -5.55817 -0.8418951 0.6012309 0.4374859 0.1671117 18.62778 1.494991 1 0.3407115
0.05463402 -0.07987938 -6.201193 -4.081541 0.5782407 0.3536299 -0.008759252 17.61449 1.621542 0 0.0
0.05261146 -0.07158735 -2.331467 -1.80512 2.120412 1.454002 0.4790284 20.23907 1.265833 0 0.0
0.03171585 -0.02696804 -5.095396 -2.195271 1.594282 1.009375 0.5279607 19.84239 1.629539 0 0.0
-0.01847846 0.04135942 -1.407925 -0.2292086 2.476714 1.551901 0.5993706 20.19595 1.93704 0 0.0
0.01516932 0.00527661 -6.973122 -2.265196 1.943732 1.138745 -0.326426 19.95042 1.467661 0 0.0
-0.08565041 -0.03391293 -6.644785 -3.172667 0.9577583 0.6765763 0.1213767 19.21809 2.310728 0 0.0
-0.03530585 -0.007426229 -2.554191 -3.135702 1.419227 0.9607241 0.03271018 19.85491 nan 0 0.0
0.04714252 0.06191377 -2.088655 -0.897149 1.246929 0.8141717 0.4952303 19.84222 1.993908 0 0.0
0.05115156 -0.06295223 -8.795255 -5.706083 2.528534 1.714605 0.4411644 20.50022 nan 0 0.0
-0.0134062 0.006913299 -29.64768 -24.29562 2.809193 1.649674 0.2693298 19.62792 nan 0 0.0
0.004161133 -0.005926379 -5.481818 -1.189895 0.3443666 0.1955552 -0.0804524 16.92139 1.180621 0 0.0
-0.02742443 -0.003892014 -3.706907 -2.057576 2.700388 1.799379 0.4101797 20.6571 nan 0 0.0
-0.03671224 -0.01164756 -5.196773 -1.972426 0.1262408 0.0827783 -0.00996925 16.11294 2.0909 1 0.9968475
-0.03803575 -0.009937031 -8.673885 -8.013084 3.724883 2.651645 0.2054971 20.69454 2.044357 0 0.0
0.01311011 -0.03688702 -4.100233 -1.754388 3.278862 1.960322 0.6288613 20.56883 nan 0 0.0
-0.06730641 -0.02064852 -12.38739 -3.903498 1.823312 1.219479 0.1024926 19.02687 1.038609 0 0.0
-0.01065167 0.0648893 -4.741172 -4.944006 0.3702226 0.2151098 0.2524886 17.95528 2.111513 1 0.0
-0.05081245 -0.01898964 -4.28039 -2.886531 0.6698816 0.4677204 0.2024806 18.7245 1.545063 1 0.5390812
-0.0007651767 -0.01909656 -5.168118 -0.8817926 1.889362 1.044616 0.1215336 20.14213 1.332586 0 0.0
-0.01033736 0.005267524 -5.505122 -1.834461 0.2084187 0.1273707 0.009477691 17.06763 2.155528 0 0.0
0.08113179 -0.04244366 -0.1880409 -5.910342 2.048228 1.280993 0.3270704 20.28629 1.685865 0 0.0
0.08824357 0.03176689 -0.4377802 -6.996906 0.9757018 0.6647822 0.6550419 19.31763 2.503469 0 0.0
0.03645591 -0.08945393 -0.6321054 -1.774415 1.125624 0.702015 0.2285559 19.66569 1.253036 0 0.0
-0.007153438 -0.04483641 -5.941035 0.9172668 3.489932 2.25289 0.4839959 20.80596 1.471786 0 0.0
0.02489297 0.06501143 -5.075419 0.4252357 3.26702 1.923329 0.6731654 20.52338 1.47913 0 0.0
0.03360976 0.005986674 -4.307197 -1.858878 1.047881 0.6190898 0.2935165 19.56277 1.975578 0 0.0
-0.01025291 0.005496412 -6.245817 -2.52064 0.5863648 0.3828151 0.2489528 18.47224 nan 0 0.0
-0.0560197 -0.01935979 -14.11792 -13.63448 2.789459 1.984665 0.04107979 20.598 1.23168 0 0.0
-0.03294125 -0.007255886 -3.383574 -4.346493 1.979957 1.507013 0.2951106 20.158 1.523552 0 0.0
-0.08204318 0.05230144 -0.3099465 -5.4478 1.32499 0.8225627 0.1171237 19.64787 1.914034 0 0.0
0.06640793 -0.05263241 -5.718063 -1.03327 1.140134 0.7823966 0.4523451 19.28792 1.780218 0 0.0
-0.07318544 -0.02782507 -8.958483 -6.288687 1.808729 1.277064 0.09278015 20.09368 1.539362 1 0.008834544
-0.00141276 -0.001856041 -5.229 -2.454011 0.6773588 0.416105 -0.3954925 17.68355 nan 0 0.0
-0.08534364 -0.02939614 -5.521699 1.19895 2.1575 2.126537 -0.246424 19.92851 nan 0 0.0
0.02528757 0.06657919 0.6012346 -2.42537 3.089989 1.841891 0.3383449 20.40748 nan 0 0.0
0.04180055 0.0001059696 -3.473579 -1.705128 0.6763628 0.4431838 0.4910131 18.74021 1.989412 0 0.0
0.04486354 -0.01688566 1.947343 0.2343297 1.924413 1.245388 0.5750946 20.09093 1.939648 0 0.0
0.0205793 0.03582591 4.156796 -1.864658 2.98117 1.562832 0.6479441 20.21155 nan 0 0.0
0.04377459 0.01075599 -10.78503 -5.437108 2.114224 1.304986 0.6131174 20.09767 1.754715 0 0.0
0.0202363 0.001388779 -3.747098 -2.218834 2.193709 1.476596 0.2545295 19.9203 1.625389 0 0.0
0.03117071 -0.07237424 0.6845216 -3.839091 0.1719595 0.1151923 0.1456043 16.62058 1.233187 1 0.0
0.03605182 -0.0215923 -5.834359 -3.93259 1.899921 0.9845022 0.334827 19.94559 1.105276 0 0.0
0.0316077 -0.007791536 -3.882072 -1.301536 0.2891192 0.1775833 0.01664699 17.28743 1.275902 0 0.0
0.01226535 -0.04163624 3.136575 1.643138 1.334951 0.8075274 0.03006994 19.5796 1.682222 0 0.0
0.07693255 -0.05291258 -0.8796104 -3.099843 0.07540008 0.04604516 0.02034747 14.78393 1.937796 1 0.0
0.01342001 -0.03371132 -1.320165 -3.281901 2.156576 1.221981 0.1103637 20.46828 0.5125484 0 0.0
-0.07389011 -0.0259429 -8.745752 1.799313 0.2863086 0.1917457 -0.05574334 17.6154 1.354445 1 0.0
0.04173407 0.0591842 -1.684101 1.32302 1.400925 0.975235 0.2964089 19.69012 1.775133 0 0.0
-0.04259492 -0.01351274 -5.693346 -3.728176 2.70243 2.167098 -0.08711586 20.50545 1.874485 0 0.0
-0.03573559 0.02127163 -6.453135 -13.70815 0.8827452 0.5369869 0.2116681 19.29566 2.022001 0 0.0
0.05004777 0.07368107 -5.137253 0.02405059 0.8005127 0.4985295 0.4511904 19.25158 1.61614 0 0.0
-0.004481702 0.01090024 -5.339088 -2.473608 0.4856639 0.2809279 0.02111275 17.7606 nan 0 0.0
0.04968543 -0.07091106 4.543996 -3.351357 2.411388 1.707689 0.4410611 20.44891 1.107054 0 0.0
0.08312935 -0.04345384 -3.130373 -9.547398 2.502666 1.353168 0.1877419 20.60944 1.200319 0 0.0
-0.06888098 -0.02402722 -4.532566 -0.7120775 0.4962444 0.354913 0.1743938 18.36675 1.629787 1 0.2395581
-0.005185538 0.01038332 -4.135615 -0.7887721 0.928036 0.5209447 0.01686377 18.98326 2.041386 0 0.0
0.01806723 -0.008838121 2.189112 -2.65834 1.653287 0.9260934 0.4922351 19.69287 1.573221 0 0.0
-0.03460164 -0.009205605 4.454178 3.694502 3.592758 2.501735 0.2742128 20.60569 1.528641 0 0.0
0.0112269 -0.006836581 1.167342 -2.067883 1.174153 0.7799022 0.2364869 19.32071 nan 0 0.0
0.07577961 -0.0006067103 -6.486396 -0.4983967 2.868253 1.544947 0.2877281 20.56685 1.243919 0 0.0
0.08374294 -0.05250077 -13.87456 -5.640384 4.294074 2.806603 0.6777325 20.86766 1.497101 0 0.0
-0.06155575 -0.03957625 -5.139919 -4.340167 0.6422714 0.4450148 0.0621044 18.81161 1.663885 1 5.658847e-05
-0.02789313 -0.05228344 -4.065141 -2.620187 1.094868 0.6826261 -0.02457004 19.47041 1.984779 1 0.7395496
-0.05725944 -0.01642108 2.528478 -3.744697 0.2945715 0.1988422 0.03038144 17.65371 1.474386 1 0.0
0.07847897 -0.05525377 4.887971 -7.358601 2.355066 1.254495 0.1354539 20.54696 1.347818 0 0.0
-0.03990074 -0.08199717 -7.191189 -0.5009639 2.06631 1.515436 0.07573199 20.3044 nan 0 0.0
0.0268636 -0.08322804 -0.3458472 -3.544226 2.122672 1.42392 0.3556981 20.3939 1.034378 0 0.0
-0.02961995 -0.00516658 -18.58134 -11.00624 3.898187 2.391301 0.5683199 20.49852 1.26697 0 0.0
0.08557615 -0.0460646 -4.806553 -7.422822 0.3604679 0.2165826 0.1374047 18.0963 1.774029 1 0.0
0.03179013 0.05054849 -2.140634 1.838538 2.000117 1.579374 0.6580053 20.21075 1.607601 0 0.0
-0.04095807 0.06667077 3.733455 4.186898 0.6170187 0.3838454 0.6162357 18.25942 1.756144 1 0.0
-0.0001459482 0.007758911 -4.982459 -2.363163 0.3965661 0.1981691 0.2895999 15.85607 nan 0 0.0
0.01319894 0.008677617 -5.023468 4.275527 2.311251 1.302943 -0.3779801 20.00319 2.325821 0 0.0
-0.07616804 -0.02944795 -5.213966 -4.93591 1.255102 0.8570809 -0.06303261 19.757 1.391813 0 0.0
0.0160411 -0.002988031 -3.887315 -1.788278 1.459792 0.8195728 0.1737636 19.77549 nan 0 0.0
-0.01101641 0.04733785 7.334115 1.818738 2.407478 1.446737 0.4424012 20.44657 1.429043 0 0.0
0.002612622 -0.01740286 3.262239 -6.479492 2.827807 1.65779 0.002197778 19.80853 nan 0 0.0
-0.05863425 -0.02685295 -1.517652 -1.687736 1.38417 0.9405792 -0.05527024 19.90101 1.580976 0 0.0
0.07197674 -0.05857852 -1.362205 -0.007342128 0.4781929 0.3061433 0.284159 18.43567 1.694592 1 0.0
-0.08494678 -0.03392203 2.338028 -4.792306 0.2657756 0.1815813 0.0626503 17.44372 1.462275 1 0.0
0.008497677 0.01544145 -6.77131 -0.4952544 2.213653 1.053191 -0.7020594 19.51551 nan 0 0.0
0.01563762 -0.08471594 -2.273262 -1.836642 0.8209092 0.5391576 0.2331457 19.15586 nan 0 0.0
-0.08686004 -0.03486928 0.414049 0.9743652 2.242861 1.647127 0.4011747 20.06329 1.08259 0 0.0
0.01530914 -0.003211107 -1.978855 -1.03496 1.643208 1.023104 0.1965872 19.4008 nan 0 0.0
0.04565297 -0.01309411 -5.15285 -1.450913 0.6755395 0.4172966 0.3200133 18.77645 2.076241 1 0.9630717
-0.05174179 -0.01780362 0.7985276 -4.7898 2.351268 1.5488 -0.01213095 20.52905 1.36573 0 0.0
0.05784713 -0.06652164 -1.115903 -6.447869 1.03446 0.6192654 0.262767 19.57857 1.360514 0 0.0
0.03032757 -0.06796236 -5.010767 -0.1379096 3.431446 2.467649 -0.04967034 20.87125 0.4902897 0 0.0
0.03652385 0.05973119 -0.9301899 -1.584081 0.5712802 0.388213 0.4183315 18.46189 1.875832 0 0.0
0.05866457 0.06822073 -6.658148 -3.284497 1.245425 0.788905 0.4806523 19.9173 1.213194 0 0.0
0.08284636 -0.04602287 0.7165613 -2.121814 0.7860848 0.5032056 0.2729841 18.91138 1.698467 0 0.0
-0.07972782 0.04192874 -6.003415 -8.686302 2.252346 1.418457 0.04664753 20.30771 1.578451 0 0.0
0.009454974 0.01574847 -9.393151 -3.871733 4.016678 2.667371 0.6354199 20.77876 nan 0 0.0
-0.007552577 0.04839476 -3.90879 -6.789685 1.65073 0.9580735 0.2917279 20.06607 1.501492 0 0.0
0.06159491 0.07062461 -5.413996 -2.926996 2.532822 1.55529 0.3812602 20.67415 nan 0 0.0
-0.03353219 -0.008186815 -4.171755 -4.067648 2.131506 1.51184 0.1219251 20.25221 1.457191 0 0.0
0.007621935 -0.03718606 -2.652198 -2.245889 2.033131 1.264704 0.2998643 20.30524 1.659834 0 0.0
0.09022241 -0.04190003 -4.511084 -1.15085 0.5128075 0.3306421 0.2957919 18.54951 1.422297 1 0.5530202
0.06083214 -0.06125293 -6.555418 -4.257616 1.738932 1.165956 0.2151223 18.9921 1.441381 0 0.0
0.07577652 -0.05695932 -1.972977 -4.820298 0.8390553 0.5065432 0.2068613 19.29957 1.735538 0 0.0
0.02589652 0.009919396 -1.978093 -4.634663 1.392964 0.8268702 0.07774191 19.62506 1.895088 0 0.0
