scripts/get_globular_clusters/output/Pal_6.csv
# %ECSV 0.9
# ---
# datatype:
# - {name: x, unit: deg, datatype: float64}
# - {name: y, unit: deg, datatype: float64}
# - {name: pmx, unit: mas / yr, datatype: float64}
# - {name: pmy, unit: mas / yr, datatype: float64}
# - {name: pmx_e, unit: mas / yr, datatype: float64}
# - {name: pmy_e, unit: mas / yr, datatype: float64}
# - {name: pm_corr, datatype: float64}
# - {name: g_mag, unit: mag, datatype: float64}
# - {name: bp_rp, unit: mag, datatype: float64}
# - {name: filter, datatype: int64}
# - {name: memberprob, datatype: float64}
# meta: !!omap
# - comments: [deg deg mas/yr mas/yr mas/yr mas/yr dimless mag   mag   zeroone float]
# - __serialized_columns__:
#     bp_rp:
#       __class__: astropy.units.quantity.Quantity
#       unit: &id001 !astropy.units.Unit {unit: mag}
#       value: !astropy.table.SerializedColumn {name: bp_rp}
#     g_mag:
#       __class__: astropy.units.quantity.Quantity
#       unit: *id001
#       value: !astropy.table.SerializedColumn {name: g_mag}
#     pm_corr:
#       __class__: astropy.units.quantity.Quantity
#       unit: !astropy.units.Unit {unit: ''}
#       value: !astropy.table.SerializedColumn {name: pm_corr}
#     pmx:
#       __class__: astropy.units.quantity.Quantity
#       unit: !astropy.units.Unit {unit: mas / yr}
#       value: !astropy.table.SerializedColumn {name: pmx}
#     pmx_e:
#       __class__: astropy.units.quantity.Quantity
#       unit: !astropy.units.Unit {unit: mas / yr}
#       value: !astropy.table.SerializedColumn {name: pmx_e}
#     pmy:
#       __class__: astropy.units.quantity.Quantity
#       unit: !astropy.units.Unit {unit: mas / yr}
#       value: !astropy.table.SerializedColumn {name: pmy}
#     pmy_e:
#       __class__: astropy.units.quantity.Quantity
#       unit: !astropy.units.Unit {unit: mas / yr}
#       value: !astropy.table.SerializedColumn {name: pmy_e}
#     x:
#       __class__: astropy.units.quantity.Quantity
#       unit: &id002 !astropy.units.Unit {unit: deg}
#       value: !astropy.table.SerializedColumn {name: x}
#     y:
#       __class__: astropy.units.quantity.Quantity
#       unit: *id002
#       value: !astropy.table.SerializedColumn {name: y}
# schema: astropy-2.0
x y pmx pmy pmx_e pmy_e pm_corr g_mag bp_rp filter memberprob
[from data line 501]
-0.00499147 -0.04866813 0.9326719 -2.862964 0.5144869 0.3954086 0.492209 18.62503 nan 0 0.0
0.032315 -0.0225056 -9.58266 -5.701618 0.1875525 0.1505695 0.3273826 15.86932 3.531621 1 0.9786498
0.005079208 -0.04481148 0.2205778 -0.8416465 0.397229 0.311548 0.4818727 18.0545 2.904253 0 0.0
0.0230638 -0.02035954 -4.328928 -11.04867 0.6444439 0.4941337 0.4138243 18.77045 nan 0 0.0
0.005954817 -0.04707363 -9.047242 -5.494749 0.5351645 0.4110977 0.4483395 18.59195 2.600018 0 0.0
0.02352893 -0.02134955 2.514221 1.051998 0.9797552 0.7924978 0.7625032 18.92387 nan 0 0.0
0.00614642 -0.04628591 -4.515127 -1.154299 2.049776 1.647488 0.7391203 19.88384 2.113449 0 0.0
-0.04200912 0.005226058 -7.979219 -5.929372 0.6769932 0.5419812 0.3216522 18.87979 3.233046 0 0.0
-0.005046232 -0.04794906 -1.885965 -8.174807 0.2732507 0.2271466 0.5941452 16.68876 3.906733 1 0.0
-0.04271609 -0.008005478 -2.564299 -10.95288 0.2249961 0.1766158 0.1677134 15.73606 4.356236 1 0.0
-0.04788995 -0.008078065 -3.495643 -7.890941 0.2784476 0.2179546 0.22773 17.69068 3.259699 0 0.0
0.02465141 -0.02023398 -0.7896961 -0.4168516 0.4575447 0.3509825 0.4446879 18.43407 3.010925 0 0.0
-0.03206729 -0.007633937 -2.735145 -8.23573 0.3451659 0.2687364 0.1606893 17.77478 3.803638 1 0.0
0.02443021 -0.0308407 -4.920569 -2.033882 0.3983815 0.3020457 0.2384015 17.49434 3.545503 0 0.0
-0.01807283 -0.04449424 -1.594809 -4.907008 0.7463826 0.5624099 0.647049 18.80461 2.234987 0 0.0
0.004668837 -0.04169104 5.463063 -8.032206 1.82671 1.517574 0.7044218 19.9304 2.347383 0 0.0
0.007542723 -0.03654516 -0.7390268 -2.151514 0.3680123 0.2825784 0.3898168 17.84262 2.189838 0 0.0
0.00683127 -0.03442033 -5.933631 -2.629451 0.6908149 0.5551009 0.3388606 18.7479 2.759768 0 0.0
-0.008195002 -0.02361148 -7.410591 -5.181673 0.4453096 0.3416938 0.4446419 18.26569 2.714903 0 0.0
0.01608162 -0.0367711 -2.273145 -2.863249 0.6678783 0.5269242 0.2618736 18.80776 2.77471 0 0.0
-0.03842394 0.009370058 -5.945851 -3.843421 0.5693922 0.4528744 0.2112612 18.32685 3.222761 0 0.0
-0.02916275 -0.01866146 0.4778711 -4.302307 0.5754682 0.4527544 0.2372574 18.83664 2.122799 0 0.0
0.0002627276 -0.04040158 -0.2661018 -2.983522 0.3197416 0.2650398 0.6096965 16.82785 2.726429 0 0.0
-0.001762518 -0.03685965 -4.860977 -6.565672 0.2942202 0.2424091 0.6186186 17.02778 3.788321 1 0.0
-0.04483174 0.01215822 -1.811018 -2.18504 0.3686766 0.304757 0.4861585 18.09611 nan 0 0.0
-0.0444484 0.01209351 2.576528 -1.879274 1.66932 1.493183 0.8706985 19.28128 nan 0 0.0
-0.03779434 0.009728846 -5.470993 -8.943701 0.5222868 0.4118974 0.2216106 18.82177 nan 0 0.0
-0.02883766 -0.005008579 -1.023841 -2.748271 0.216272 0.1826653 0.4464224 16.92833 2.687825 1 0.0
-0.04696294 0.001174862 -4.144554 -3.267565 0.5020255 0.3947468 0.3106809 18.95817 3.148951 0 0.0
-0.03288888 -0.006426814 3.153775 -6.935393 0.376652 0.3011368 0.2405633 18.1417 2.175938 0 0.0
-0.04263902 0.005773238 -6.95372 -6.688746 1.644752 1.342061 0.4770625 18.9576 nan 0 0.0
-0.00759206 -0.0354122 -5.920546 -7.176391 0.3722892 0.3098794 0.600456 16.93677 4.200739 1 0.0
-0.02911341 0.002931644 -3.478768 -4.762678 1.721326 1.57973 0.8799578 19.23727 nan 0 0.0
-0.0290312 0.002620767 0.2678189 0.2363768 1.881348 1.499566 0.6857392 19.25835 nan 0 0.0
-0.02253506 -0.03683702 0.9524313 -2.773353 0.4990263 0.3834037 0.4486459 18.41398 nan 0 0.0
-0.02765796 -0.01570661 14.75488 -1.150697 2.192216 1.814287 0.4466023 20.00116 nan 0 0.0
-0.005046395 -0.04420112 -4.016377 -7.633008 0.2080897 0.1574542 0.4755587 15.07879 3.977061 1 0.0
-0.03546298 -0.003801152 -3.553565 -1.485257 0.9124658 0.7133836 0.2171592 17.77074 3.106628 0 0.0
-0.01405048 -0.04015829 -0.05161594 -5.324909 0.8464799 0.6461329 0.6832066 19.07699 nan 0 0.0
0.00663975 -0.03333504 -5.53333 -10.35305 0.4543483 0.3471043 0.4609558 18.40579 2.991175 0 0.0
-0.01752577 -0.04272796 -0.8303074 -6.960018 0.7976788 0.6170351 0.4215741 18.4775 2.998941 0 0.0
-0.02032174 -0.0167694 -1.687998 -9.617331 0.664543 0.4861679 0.128846 18.88937 nan 0 0.0
-0.00480077 -0.02788756 -5.739051 -1.880036 0.4538822 0.3489866 0.5031137 18.51565 2.600063 0 0.0
-0.04504144 -0.01195838 4.531671 -1.364669 0.9284929 0.737219 0.1991467 18.88854 2.848473 0 0.0
-0.04490427 -0.01273081 -1.186952 -2.803599 0.3330538 0.2789648 0.3861649 18.13985 2.48341 0 0.0
-0.04189426 -0.00960163 -0.921096 -1.251067 0.2884294 0.2452316 0.5791477 17.62861 nan 0 0.0
-0.01873266 -0.02571078 -4.409341 -8.010225 0.9161118 0.7727906 0.4369345 18.17615 2.647984 0 0.0
-0.03946698 0.01711736 -3.137063 -2.816101 0.5327302 0.4194484 0.2569568 18.7705 nan 0 0.0
0.003491854 -0.04820078 -3.483156 -2.41414 0.6428231 0.4896805 0.3831408 18.60152 2.819815 0 0.0
-0.02341051 -0.03847942 -4.714931 -6.202776 0.8501046 0.6694515 0.5873459 18.98562 2.718533 0 0.0
-0.04184131 -0.004623431 -1.339399 -3.743353 0.3606509 0.2841703 0.2977146 18.38932 3.361893 0 0.0
0.002561467 -0.04618087 -2.913196 -2.837096 1.065209 0.7634109 0.6266403 19.00409 2.752554 0 0.0
-0.04107357 -0.00805257 -3.169286 1.455822 0.591608 0.4962013 0.4969784 18.46556 3.211708 0 0.0
-0.04819814 0.008962062 -1.790708 -1.773665 0.7643971 0.6618734 0.351217 19.01796 2.809591 0 0.0
0.01868202 -0.0342309 -2.199119 -6.829422 0.6714501 0.4981778 0.1758856 18.56171 2.624271 0 0.0
-0.04349058 0.01336798 -3.420072 -9.699307 0.5596188 0.436666 0.3121983 18.30102 2.841553 0 0.0
-0.04047127 -0.008191596 -0.6339827 -0.4371391 2.765736 2.132093 0.3174229 20.36076 nan 0 0.0
0.002944705 -0.04171959 -5.06931 -5.657165 0.2766635 0.2356795 0.543925 16.66428 3.439855 1 0.0
0.007898619 -0.03497163 -1.551491 -0.8804853 0.3748866 0.2941613 0.5070657 17.9414 2.845663 0 0.0
-0.03656275 0.01124177 -4.293742 -2.342491 2.720271 2.085696 0.6441395 20.07107 2.340612 0 0.0
-0.007592182 -0.03355254 -8.206546 -10.25288 0.3707834 0.2841855 0.4684029 18.21827 2.866081 0 0.0
-0.02694026 -0.04155864 -3.894171 -7.509162 0.6646705 0.5293211 0.500765 18.41373 2.967907 0 0.0
-0.03959653 -0.004492945 -1.815977 -0.716105 0.2987967 0.2362459 0.2378365 17.87721 3.262646 1 0.0
-0.04882797 0.00923455 -4.725713 -0.6654134 0.4179294 0.3326307 0.3365942 18.48402 3.168484 0 0.0
-0.04116436 0.01643013 -2.537855 -5.269331 1.765922 1.539189 0.8826472 19.39817 2.581686 0 0.0
-0.03424994 -0.03261701 1.556273 -0.06376763 1.730777 1.502801 0.8814601 19.11131 2.949776 0 0.0
0.01712188 -0.03497452 -8.612458 -4.886293 0.4409974 0.3440401 0.3400797 18.27717 2.976082 0 0.0
-0.04701138 -0.01442727 -12.15688 -8.380781 0.8467565 0.6689437 0.2686628 18.44752 2.865601 0 0.0
0.03154888 -0.02144681 -6.426955 -7.361184 0.4534497 0.3491835 0.389694 18.19693 2.771338 0 0.0
0.02777072 -0.024963 -5.14166 -6.702471 0.637635 0.4809839 0.2739959 18.62195 2.802616 0 0.0
-0.04367473 -0.006655431 -0.6488696 -2.698323 0.5144155 0.438363 0.5417341 17.22013 3.711717 0 0.0
-0.004745239 -0.04722235 -3.241234 -5.219043 0.3628884 0.301784 0.5951286 16.96651 4.170399 1 0.0
-0.03910164 -0.01079657 -4.772305 -9.711376 0.3828733 0.3296815 0.5043673 16.72667 4.548014 0 0.0
-0.0448561 0.00430756 2.99552 -5.522197 0.4423273 0.3496665 0.3666082 18.65875 3.043634 0 0.0
0.007707005 -0.03546752 -3.007035 -7.053981 0.5437264 0.4184775 0.3944608 18.55591 nan 0 0.0
0.003081364 -0.04840294 -0.8233422 -8.36207 0.6731768 0.5208876 0.01764593 18.74872 nan 0 0.0
-0.04173916 0.01589205 2.189589 -3.951106 0.4456118 0.353521 0.378825 18.46174 nan 0 0.0
-0.01249278 -0.01931651 -5.855432 -6.683559 1.383947 1.174708 0.8361436 19.21621 2.426546 0 0.0
-0.03222399 -0.03483086 -3.897431 -5.597673 0.6552726 0.5289952 0.4825455 19.07798 2.331076 0 0.0
-0.0170379 -0.01043075 -11.18818 -6.617052 0.714103 0.5234885 0.4887622 18.42616 nan 0 0.0
0.00505177 -0.04646705 -4.224218 -7.329938 0.3863632 0.3065601 0.5377843 18.14591 2.880169 0 0.0
0.02853951 -0.01516323 -3.387572 3.410119 2.656483 2.264248 0.7829664 20.29185 nan 0 0.0
0.006146807 -0.03897886 -2.568838 -3.22223 0.3551676 0.2966011 0.5926843 16.45879 3.311552 0 0.0
-0.02423304 -0.03135755 -4.735199 -12.69227 2.845485 1.935397 0.3689144 20.31872 2.15786 0 0.0
-0.03666775 -0.003076733 -1.566725 -3.026586 0.2229754 0.1753183 0.2196264 17.67524 2.386841 1 0.0
-0.0280659 -0.02671783 5.246998 2.973446 1.820811 1.519583 0.8392804 19.16782 3.137838 0 0.0
-0.01281919 -0.03794562 -7.071265 -10.23863 0.6044507 0.4581742 0.4106379 18.60912 2.629379 0 0.0
-0.04468583 -0.01130212 -2.969645 -8.487623 1.588932 1.402819 0.8777545 19.32074 nan 0 0.0
0.02013303 -0.03159137 0.6817118 -1.463223 1.063363 0.7514044 0.5185235 19.05716 2.176884 0 0.0
-0.006388063 -0.03136092 -9.308337 -5.492814 0.427785 0.3272622 0.4535189 18.3332 2.743477 0 0.0
-0.02998922 0.001846141 -2.828953 0.1735185 1.77597 1.598437 0.8856584 19.49685 2.52817 0 0.0
-0.04148388 -0.008933911 -4.72516 -0.2101098 1.89108 1.564474 0.7041466 19.87916 nan 0 0.0
0.02829102 -0.02393125 -7.66205 -4.990266 0.4073282 0.3126219 0.4265376 18.31443 2.806648 0 0.0
0.02213295 -0.02139886 -2.632116 1.150243 0.7666432 0.5814627 0.3713856 18.85692 2.181974 0 0.0
0.003163742 -0.0380861 -7.179737 -4.681254 0.7516585 0.5517956 0.329971 18.52358 3.126553 0 0.0
-0.009535336 -0.03416685 1.304156 -9.496526 0.6002728 0.4641254 0.4713647 18.77787 2.704056 0 0.0
-0.03959759 -0.001372523 -1.021063 -2.758788 0.2120102 0.1645327 0.2797137 17.4668 3.300461 1 0.0
0.004148675 -0.0469038 0.5566147 -2.39722 0.7682488 0.6003634 0.6336234 18.89596 2.376923 0 0.0
0.02440354 -0.02751046 -4.26364 -0.4206121 0.8568874 0.7360722 0.3422625 18.03843 nan 0 0.0
-0.02530133 -0.02731611 -7.555387 3.748705 3.236222 2.152144 0.3675257 20.28661 1.813591 0 0.0
-0.01309522 -0.01710024 5.333791 -5.002645 2.469488 1.982561 0.7907666 19.8042 nan 0 0.0
-0.03512558 -0.0331952 -7.411422 -5.410731 0.4669875 0.3503859 0.2275701 18.50764 2.687296 0 0.0
0.0001259066 -0.02540219 -6.161542 -13.23813 0.9632574 0.6835247 0.5127101 18.72981 2.595846 0 0.0
0.02243427 -0.02023544 -0.01383354 -3.18096 1.008688 0.7746201 0.270483 17.69402 2.514145 0 0.0
-0.04882452 0.001008156 -7.509545 -6.236985 0.3985424 0.3226871 0.3362686 17.9988 3.384968 0 0.0
-0.0277434 -0.001807782 -0.6752423 -1.015405 0.5496293 0.4354007 0.1711782 18.7699 nan 0 0.0
0.02306217 -0.0285783 -2.160781 -1.925156 0.7945601 0.5808036 0.2011615 18.7939 2.647848 0 0.0
-0.0262048 -0.02625201 0.8813433 -1.003177 1.937715 1.581594 0.731047 19.59399 nan 0 0.0
-0.04625001 -0.001640099 -3.442968 -4.717346 0.2786604 0.2201607 0.2298816 17.93088 3.531759 1 0.0
-0.04223221 0.01643928 -5.476456 -3.450139 1.905898 1.725165 0.8571034 19.81771 2.36459 0 0.0
-0.003514375 -0.02742785 -7.150867 -3.804358 0.6610485 0.5408974 0.6926584 18.66985 nan 0 0.0
-0.04132025 -0.007198165 2.967414 -1.453051 1.431931 1.322226 0.8806534 19.28389 nan 0 0.0
-0.003870191 -0.02742977 -4.880565 -6.954466 0.2962304 0.2406785 0.5516896 17.21985 3.090877 0 0.0
-0.01856935 -0.01997536 -5.18089 -5.939383 0.9596254 0.7972505 0.2898079 18.41045 2.851759 0 0.0
-0.0002846303 -0.03684628 -3.41724 -10.0511 0.4502229 0.3492994 0.4591885 18.2162 2.990076 0 0.0
-0.01692761 -0.01586668 -0.5958637 -5.712652 0.2585567 0.2211476 0.5100281 16.83775 3.149392 1 0.0
0.007433419 -0.03389204 -1.78913 -4.125306 0.5348891 0.4444118 0.4542533 18.71508 nan 0 0.0
-0.04599987 -0.01111952 -2.793354 -3.418446 2.693305 2.132069 0.6641539 20.28396 nan 0 0.0
-0.04781212 0.002349443 12.0757 -5.52139 3.081163 2.505628 0.5682075 20.19735 nan 0 0.0
-0.04537019 -0.01130047 -1.660354 -1.036857 0.2666227 0.2106234 0.1899564 17.65693 3.213757 0 0.0
0.005380839 -0.03184343 -3.607173 -6.699826 0.9805863 0.7529075 0.6691693 19.07218 2.570662 0 0.0
-0.01722662 -0.03003642 -4.919187 -6.418962 0.3676765 0.287058 0.5053027 17.95989 2.725138 0 0.0
0.03288828 -0.02789212 -1.369976 -7.723055 0.5052408 0.4196291 0.6278122 18.02279 nan 0 0.0
-0.01637845 -0.02791532 -9.271678 -15.00018 3.293201 2.883957 0.5110035 20.47062 nan 0 0.0
-0.02543641 -0.03542427 -0.4857661 -5.246866 0.5408399 0.4091856 0.41633 18.57824 2.464054 0 0.0
-0.004882837 -0.02894805 -9.151753 -4.968066 0.5114878 0.3946944 0.4530417 18.57667 2.757647 0 0.0
-0.01183537 -0.0238731 -3.065388 -3.099846 0.481468 0.4144228 0.8899511 17.09833 2.96279 1 0.0
0.02755082 -0.02888446 0.8160434 -0.256018 0.1408676 0.1071617 0.2307872 15.3862 2.921288 1 0.0
-0.01662485 -0.02743661 -4.556253 -7.499975 0.4747372 0.3565737 0.470332 18.56624 2.517534 0 0.0
-0.01071258 -0.02999558 -1.837705 -5.372882 0.4096261 0.3241204 0.5422991 18.06146 2.816126 0 0.0
-0.04431332 0.01687529 -4.161244 -5.069611 0.6123716 0.4958083 0.2455475 18.93909 3.171484 0 0.0
-0.01569443 -0.02613376 -1.139616 -5.353446 0.4810623 0.3700677 0.3390013 18.55993 2.835392 0 0.0
0.03458709 -0.02171089 -7.489288 -7.915785 0.7322717 0.6419893 0.8757366 16.56178 4.263284 1 0.0
-0.01960765 -0.03094851 -0.2867155 -4.679364 0.1912983 0.1473719 0.2547704 15.72505 3.295595 1 0.0
0.02919293 -0.02929685 -1.723123 -10.99641 0.367525 0.3077487 0.5713798 16.28996 4.263714 1 0.0
-0.01432597 -0.02549272 1.798024 -2.46053 0.9582742 0.7350791 0.7011053 18.9387 2.218163 0 0.0
-0.01914305 -0.02675608 -0.8907862 -1.35614 0.4978485 0.4022368 0.283517 18.70693 2.254261 0 0.0
-0.02144125 -0.03186245 0.04897265 -4.775286 0.3790756 0.2927568 0.3414851 18.2582 3.105577 0 0.0
0.002561745 -0.03358665 -6.955225 -3.774488 0.5817937 0.4451299 0.4663871 18.7737 3.106359 0 0.0
-0.00961793 -0.02827315 -3.84964 -3.584265 0.5148659 0.3940138 0.4400448 18.27515 2.847357 0 0.0
0.01008714 -0.04622896 -10.2868 -5.644414 1.67043 1.353563 0.7265127 19.94203 nan 0 0.0
-0.02647698 -0.03294495 -1.667583 -11.96931 0.3075673 0.2622818 0.5182569 17.02905 3.351072 0 0.0
-0.02524567 -0.03153706 0.6401088 -2.699528 0.5134553 0.4382446 0.5651798 18.36468 nan 0 0.0
0.004477682 -0.0309374 3.359295 -4.670299 1.878652 1.58273 0.9423274 19.11512 nan 0 0.0
0.004340819 -0.03131696 -0.4604578 -4.731487 0.7564818 0.5786573 0.4587703 18.93554 2.2728 0 0.0
-0.003788055 -0.02820033 0.1162338 -7.866313 1.032133 0.7830223 0.6563116 19.00438 nan 0 0.0
0.00434019 -0.04815312 -0.3515549 -5.848771 0.2633664 0.2021396 0.3836121 17.45415 3.11195 1 0.0
-0.009426969 -0.02050069 -3.267139 -3.145468 0.697503 0.5264731 0.4141773 18.72464 nan 0 0.0
-0.03241823 -0.02530371 -6.507633 -4.347361 0.7040989 0.5011823 0.2935874 18.83736 2.787397 0 0.0
0.0117844 -0.04070926 -6.470595 -4.482581 0.2785015 0.2298833 0.6174241 16.99829 3.095439 0 0.0
-0.0248348 -0.03305903 0.8260577 0.2437766 0.2319914 0.1854396 0.132873 17.38712 2.932268 0 0.0
0.04153746 -0.02754012 -1.018314 -1.782063 2.05693 1.746685 0.7448321 19.91665 nan 0 0.0
-0.007565572 -0.0218891 1.755227 4.452597 2.526548 2.192792 0.6961503 20.26119 nan 0 0.0
0.0203792 -0.03251457 -3.789198 -6.254519 0.939888 0.6796462 0.5757295 19.00307 nan 0 0.0
0.01000541 -0.04191453 -6.674369 -5.464549 0.4254667 0.3224459 0.6576592 18.0536 2.859184 0 0.0
-0.01799208 -0.03578337 -0.3472659 1.043529 0.2305286 0.1821658 0.5157053 17.20644 3.044627 1 0.0
-0.01252098 -0.01161846 -3.718637 0.08649804 0.4475038 0.3584298 0.4378109 18.58882 nan 0 0.0
-0.02371264 -0.03317133 -0.1136539 -2.481881 1.710039 1.440702 0.909125 19.24143 2.526226 0 0.0
-0.006880768 -0.03048166 0.3807718 -6.127138 0.9387165 0.7188242 0.4337238 18.92357 2.628559 0 0.0
-0.04800222 -0.001379502 -4.609631 -9.383986 1.982789 1.608384 0.6766956 20.07292 2.5294 0 0.0
0.0248682 -0.03048793 -1.194265 -2.871816 0.2594226 0.220732 0.5378706 16.96723 3.014821 0 0.0
-0.02207406 -0.01442749 4.619456 -5.411729 1.480513 1.266338 0.9138103 19.04296 nan 0 0.0
-0.01889543 -0.03467725 -4.667687 -4.784841 0.5013396 0.3966623 0.5196573 18.12665 3.056372 0 0.0
0.01575295 -0.03864979 -3.847231 -1.83169 0.4059321 0.3273282 0.4430395 17.74409 2.142164 0 0.0
-0.01117634 -0.04596394 -2.46376 -2.171906 0.5448405 0.4178391 0.4635058 18.57928 2.757889 0 0.0
0.01296114 -0.04120148 -2.829162 -3.615681 0.1394757 0.1063755 0.3035473 13.95183 3.500914 1 0.0
-0.02283799 -0.02730034 -2.617409 -2.169478 0.214219 0.1691304 0.1660762 15.75687 3.193076 0 0.0
