scripts/get_globular_clusters/output/Pal_5.csv
# %ECSV 0.9
# ---
# datatype:
# - {name: x, unit: deg, datatype: float64}
# - {name: y, unit: deg, datatype: float64}
# - {name: pmx, unit: mas / yr, datatype: float64}
# - {name: pmy, unit: mas / yr, datatype: float64}
# - {name: pmx_e, unit: mas / yr, datatype: float64}
# - {name: pmy_e, unit: mas / yr, datatype: float64}
# - {name: pm_corr, datatype: float64}
# - {name: g_mag, unit: mag, datatype: float64}
# - {name: bp_rp, unit: mag, datatype: float64}
# - {name: filter, datatype: int64}
# - {name: memberprob, datatype: float64}
# meta: !!omap
# - comments: [deg deg mas/yr mas/yr mas/yr mas/yr dimless mag   mag   zeroone float]
# - __serialized_columns__:
#     bp_rp:
#       __class__: astropy.units.quantity.Quantity
#       unit: &id001 !astropy.units.Unit {unit: mag}
#       value: !astropy.table.SerializedColumn {name: bp_rp}
#     g_mag:
#       __class__: astropy.units.quantity.Quantity
#       unit: *id001
#       value: !astropy.table.SerializedColumn {name: g_mag}
#     pm_corr:
#       __class__: astropy.units.quantity.Quantity
#       unit: !astropy.units.Unit {unit: ''}
#       value: !astropy.table.SerializedColumn {name: pm_corr}
#     pmx:
#       __class__: astropy.units.quantity.Quantity
#       unit: !astropy.units.Unit {unit: mas / yr}
#       value: !astropy.table.SerializedColumn {name: pmx}
#     pmx_e:
#       __class__: astropy.units.quantity.Quantity
#       unit: !astropy.units.Unit {unit: mas / yr}
#       value: !astropy.table.SerializedColumn {name: pmx_e}
#     pmy:
#       __class__: astropy.units.quantity.Quantity
#       unit: !astropy.units.Unit {unit: mas / yr}
#       value: !astropy.table.SerializedColumn {name: pmy}
#     pmy_e:
#       __class__: astropy.units.quantity.Quantity
#       unit: !astropy.units.Unit {unit: mas / yr}
#       value: !astropy.table.SerializedColumn {name: pmy_e}
#     x:
#       __class__: astropy.units.quantity.Quantity
#       unit: &id002 !astropy.units.Unit {unit: deg}
#       value: !astropy.table.SerializedColumn {name: x}
#     y:
#       __class__: astropy.units.quantity.Quantity
#       unit: *id002
#       value: !astropy.table.SerializedColumn {name: y}
# schema: astropy-2.0
x y pmx pmy pmx_e pmy_e pm_corr g_mag bp_rp filter memberprob
[from data line 323]
0.02419647 -0.01773132 -2.866715 -2.988528 0.2403607 0.2756106 -0.4223988 17.50468 0.1937428 1 0.9990856
0.03052885 -0.01758589 -3.904899 -2.232784 2.174287 2.826127 -0.7681967 20.274 0.3658657 0 0.0
0.01932894 -0.003009605 -2.897815 -4.680103 2.580213 3.245924 -0.7173179 20.41333 0.3785419 0 0.0
-0.07297135 0.03746593 0.333781 -2.955293 4.297537 2.896266 0.2430285 20.85176 0.8445454 0 0.0
0.03293974 -0.01524049 -3.352573 -1.483813 0.4260991 0.4883147 -0.4329234 18.5381 0.9862595 1 0.9893747
-0.04677187 -0.06481028 3.515087 -13.22429 2.26791 2.306614 -0.4170293 20.6591 0.7100468 1 0.003498341
-0.009845792 -0.0377388 -1.983272 -4.607473 2.115108 2.816681 -0.776748 20.18708 0.8697624 0 0.0
-0.02443316 -0.02052893 -2.343479 -4.163235 1.21842 1.219751 -0.2167909 19.74092 0.6858921 0 0.0
-0.06392283 -0.005295902 -2.511649 -2.839379 0.1041982 0.09932312 -0.1940459 16.21075 1.147083 1 0.997001
0.02465427 0.03604951 -4.129455 -4.363251 2.309053 2.985701 -0.768137 20.25057 0.7625141 1 0.9113878
0.009593872 0.1038064 -16.92673 -3.714608 1.509529 1.629907 -0.312271 19.89366 2.122616 0 0.0
-0.06912602 -0.0199477 -1.349188 -1.477449 1.731901 1.848037 -0.4713667 20.33318 0.8701401 1 0.9110286
0.05805573 0.03594122 2.817953 3.028154 0.6830239 0.7915709 -0.4686023 19.09873 2.058977 1 0.0
-0.07498542 -0.005649868 -2.47771 -1.432813 0.4835965 0.4135819 -0.01081263 18.69121 1.210865 1 0.8609576
0.03309232 -0.02115844 -3.368791 -2.347592 2.827333 3.60607 -0.7379207 20.55596 0.7216339 0 0.0
0.02785863 0.0661956 -3.420793 -1.361086 0.7368135 0.7963723 -0.286651 19.1178 0.9292736 1 0.969304
0.01916111 0.0291225 0.3160446 -9.772655 2.797489 3.577774 -0.7423472 20.54849 1.043167 1 0.8817258
-0.02302934 -0.0383071 -2.875081 -2.625194 0.1276302 0.147131 -0.4291423 16.46668 1.216042 1 0.9997903
0.01926791 0.001686138 -6.369099 -3.312764 1.620155 1.831204 -0.5566111 20.08348 0.663475 0 0.0
-0.0320015 -0.01757264 -4.188402 -1.467902 2.123432 2.777509 -0.7606863 20.22087 0.8016262 1 0.9799756
-0.06489935 -0.02001519 -7.783342 -1.783209 0.8002532 0.7283304 -0.1142821 19.57088 1.55818 1 1.074761e-05
0.04998377 -0.006578306 -5.520283 -0.7546638 1.585592 1.933424 -0.5616525 20.09453 0.7491856 0 0.0
-0.005436031 0.03858636 -1.471527 -5.723079 3.022672 3.72746 -0.6858404 20.61494 0.8423271 1 0.949832
-0.07858648 -0.006083583 -2.382208 -3.253443 1.03334 0.8252613 0.09313703 19.68464 0.9817219 0 0.0
-0.1164129 -0.006764937 -2.82832 2.98136 0.7510527 0.6616141 -0.104063 19.21608 1.715416 0 0.0
-0.01507955 -0.02170131 -0.2859634 -8.934091 2.260246 2.997761 -0.73879 20.31934 1.078384 1 0.906149
-0.03226083 -0.06315528 -4.76134 -1.808058 2.101021 1.950325 -0.3459 20.4363 0.6174164 0 0.0
-0.03393937 -0.01590999 -2.351532 -0.5631802 2.031356 2.725453 -0.7411956 20.06532 0.91609 0 0.0
-0.001224606 -0.0218798 -2.862021 -2.857787 2.058836 2.548103 -0.7035815 20.1306 0.499342 1 0.9881392
0.03600674 -0.02032109 -5.97372 2.033293 2.850227 3.512229 -0.7291201 20.58763 0.4597931 1 0.9569441
0.01777253 -0.02288339 -1.941859 -4.633455 0.7985772 0.9299055 -0.4726913 19.42913 0.97369 0 0.0
0.01397311 -0.01248462 -4.714864 -0.3712917 2.09224 2.705547 -0.7518228 20.23707 0.8007755 1 0.9873954
-0.09270058 -0.06228569 -5.286679 -6.260508 1.603294 1.655682 -0.4246092 20.30537 0.9883003 0 0.0
-0.02954476 -0.07825355 -2.758154 -2.574488 0.2285977 0.2085188 -0.08675416 17.37767 0.5287571 1 0.9985089
-0.1258124 0.02925168 -3.834045 -17.84777 1.987067 1.779488 -0.2278995 20.52924 1.875282 1 0.0
-0.04060743 -0.02207074 -1.940181 -1.635576 2.266241 2.294403 -0.3526389 20.63031 0.8117466 0 0.0
0.01845919 -0.01228307 -2.132554 -1.540877 1.630297 1.916766 -0.5282973 20.05203 0.4376354 0 0.0
-0.03526677 -0.07704365 -0.4451306 -1.620191 1.843411 1.800609 -0.2905515 20.4945 0.7948494 1 0.8328086
0.02186192 0.0442669 -0.681983 -21.60214 0.6744135 0.7452042 -0.3583591 19.14216 2.19586 1 0.0
0.02076323 -0.03837477 -3.67488 -2.245895 1.332291 1.518027 -0.4329484 20.06484 0.687006 0 0.0
0.0003470452 -0.005809907 -2.103467 -1.591906 1.327905 1.500081 -0.5470095 19.83217 1.577061 1 0.9926402
-0.01327902 -0.006007097 -3.073488 -5.860809 1.554527 1.859009 -0.5426864 20.04581 1.110022 0 0.0
-0.04832849 0.1133815 -1.039423 1.446446 2.019359 2.551824 -0.7178532 20.00315 1.091299 1 0.06409441
-0.04251479 -0.01270602 -2.123264 -1.254451 0.4172526 0.3888427 -0.1647909 18.68486 1.430344 1 0.4392562
-0.001941772 0.1130048 -4.453507 -21.92812 0.7269428 0.8142594 -0.4281964 19.05257 0.9441605 1 0.0
0.02108372 0.04164042 -2.215709 -3.541816 1.263827 1.429487 -0.4487092 20.00799 0.895237 1 0.9849875
0.01032627 -0.01459205 -0.96919 -3.256005 1.859752 2.245887 -0.581955 20.37506 0.2330723 0 0.0
-0.09137332 -0.0005147502 -18.3721 -9.713287 1.661183 1.564207 -0.2811998 20.31818 1.399029 0 0.0
-0.01358418 -0.03937277 -0.8957981 -3.943607 2.494826 3.308712 -0.7689183 20.40535 0.7914391 0 0.0
0.02270112 -0.01410841 -1.945983 1.622437 1.537392 1.734599 -0.4094052 20.11415 0.64711 0 0.0
-0.1143377 -0.01395189 -1.289898 -19.5142 0.4532717 0.4053408 -0.05540439 18.60256 1.5446 1 0.0
-0.0535469 0.009416907 -2.762741 -4.329845 1.112056 1.163069 -0.2023587 19.6441 1.074512 0 0.0
-0.01756675 0.02292918 -0.6027929 -3.507585 1.938092 2.614183 -0.7598834 20.12911 1.148834 1 0.9756529
0.01218785 0.02234028 -1.919562 -2.938651 0.4887256 0.5547029 -0.402604 18.4911 1.120499 1 0.9968046
0.02039704 -0.02120106 -1.999084 -3.513135 0.8157846 0.9190269 -0.4103174 19.40208 1.047132 1 0.9948736
-0.02763748 -0.03369736 -0.6452929 -1.269251 1.192124 1.038736 0.02594433 19.9823 0.9697895 0 0.0
-0.01126487 -0.01429868 -9.241647 3.719844 2.747252 3.373445 -0.7276112 20.47012 0.6809406 0 0.0
-0.03238305 0.07053419 5.440165 -11.91901 0.5000195 0.5363299 -0.3005606 18.58442 2.059727 1 0.0
0.04383458 0.07102285 -2.174152 -0.566591 2.583161 3.198928 -0.6471903 20.42356 0.8756847 1 0.8383473
0.1118277 0.07141814 0.6479921 -11.87022 0.7000212 0.7282605 -0.3511389 19.16011 1.754133 1 0.0
0.008037457 -0.01282523 -4.891071 -2.249534 2.826314 3.562426 -0.7316268 20.59128 0.8032455 1 0.976406
-0.06302264 0.03740548 -2.480906 -2.722572 0.1903291 0.1749699 -0.1629592 17.1243 0.8867321 1 0.9984785
-0.02840038 -0.06278108 -3.33555 -2.251337 1.000694 0.898108 -0.08698263 19.89487 0.8619385 1 0.9815886
-0.0221443 -0.06426399 -2.547288 -3.555029 1.212349 1.167405 -0.3025859 19.97006 0.5292225 1 0.9703789
-0.009998392 -0.006955302 -4.394919 1.448127 1.533252 1.789581 -0.4890387 20.14313 0.7558479 0 0.0
-0.02711863 -0.07289677 -1.430691 -0.08207496 1.80768 1.966482 -0.4256609 20.41162 0.2729015 1 0.8091818
0.0452688 -0.01654697 -0.3028058 -6.347088 2.231172 2.867775 -0.7385208 20.33852 0.03219032 0 0.0
5.712876e-05 -0.01696919 -8.328503 -2.534333 1.499503 1.57217 -0.3955055 20.09607 0.9482918 0 0.0
-0.01250083 -0.005423843 -3.199132 -2.181329 1.663655 2.15666 -0.7644905 19.83613 0.5861168 1 0.9936718
-0.05838388 -0.01583416 -6.262959 -5.272159 2.735049 3.521102 -0.7472676 20.55 1.077705 0 0.0
-0.09016804 0.08120597 -3.778335 -21.20481 1.124877 0.9282949 0.02975714 19.86181 1.767881 0 0.0
0.03295503 0.01930564 -2.534882 -6.37891 2.330962 3.072795 -0.726718 20.39655 0.5539894 0 0.0
-0.03935627 0.01797261 -3.661681 -4.614417 2.392673 2.998333 -0.6746355 20.31511 0.8044891 1 0.9367738
-0.01726151 -0.06620789 -3.810319 -5.464698 1.620155 1.610543 -0.3412141 20.32073 0.6024895 0 0.0
-0.05443193 0.02029507 -6.024065 -0.230705 2.397747 2.057129 -0.1953644 20.63702 0.9542274 1 0.9003085
-0.04092778 -0.06698668 -2.185252 -2.354234 0.4881612 0.4467616 -0.1266401 18.94974 1.049803 1 0.9884659
-0.02411276 0.01441898 -5.002879 2.389712 0.8519406 0.9250893 -0.3402963 19.48997 1.57292 1 0.002450741
0.06342685 0.06686485 4.279882 -0.9678548 0.2519239 0.2924835 -0.4555934 17.61345 1.126078 1 0.0
-0.02322772 -0.02608486 3.703387 -9.197963 1.913275 2.512404 -0.7587768 20.09821 0.8545837 0 0.0
-0.06552471 -0.0943404 -3.774579 -1.250944 2.953252 2.941347 -0.3985815 20.80818 1.301321 0 0.0
0.02685151 -0.003229962 -4.552732 1.445636 2.851936 3.575834 -0.7247269 20.60487 0.6689053 1 0.9736583
-0.06534194 0.01943079 -2.043591 -3.546407 1.714098 1.502667 -0.06162365 20.46578 0.7361603 0 0.0
0.02413542 -0.03029194 -3.102154 -1.993733 0.3593223 0.4030652 -0.3671895 18.25128 1.069931 1 0.9975025
0.05001439 0.07620222 2.100224 -6.066771 0.7577395 0.910493 -0.5752033 19.17469 2.151049 1 3.252296e-06
-0.007801146 0.07645552 -2.700864 -2.206506 0.8285294 0.878212 -0.3563097 19.23803 1.094177 1 0.9829709
-0.1037631 -0.06990394 -3.008898 -2.665858 0.300383 0.2994459 -0.2274734 18.05009 0.959856 0 0.0
-0.02496726 0.02755561 -2.908239 -1.655832 0.519555 0.5931485 -0.4364954 18.73444 1.086445 1 0.9949817
0.03129181 -0.003391309 -30.02661 -3.661426 2.757199 3.317697 -0.6069244 20.49822 1.121527 0 0.0
-0.0461767 -0.09225493 -0.5401268 -10.25947 0.8515842 0.902145 -0.2675987 19.49251 1.14114 0 0.0
0.01346956 -0.03007848 -2.714567 -2.59115 0.5020284 0.6193992 -0.5885103 18.57356 1.003584 1 0.9987393
0.03496923 0.07805089 -2.928418 -3.356498 0.388169 0.4285173 -0.4372422 18.24341 1.112335 1 0.9685931
-0.09650034 0.0289777 -3.560195 -3.466487 1.768261 1.54658 -0.1993828 20.41409 0.5965862 1 0.852583
-0.01321798 -0.03086398 4.241598 -9.84136 2.207822 2.920223 -0.7805685 20.26364 0.8452282 0 0.0
-0.006473606 -0.05355914 -1.500419 -3.119682 2.276009 3.003519 -0.7261359 20.26336 1.017149 0 0.0
-0.1100501 0.02708068 -2.131998 -5.186399 2.054667 1.812298 -0.2284091 20.51651 0.5930653 1 0.6272983
-0.04910657 -0.01139775 -2.510456 -3.571443 0.5257754 0.4858919 -0.1268404 18.99342 1.136042 1 0.9890229
0.03507602 0.04550833 6.977538 -18.98099 0.7934774 0.9054234 -0.4395813 19.40508 1.023989 1 0.0
0.002117063 0.02769008 -1.780537 -4.579861 0.5148874 0.5714725 -0.3559462 18.13809 1.043301 0 0.0
-0.003513427 0.07362303 1.757563 -18.24048 1.045377 1.165136 -0.3991053 19.64825 nan 0 0.0
-0.03473283 -0.01000248 -2.440702 -3.091326 0.9346319 1.038149 -0.3798169 19.65995 1.056171 1 0.9945843
0.006282714 0.1326464 -3.994761 -1.054943 1.224946 1.321299 -0.3430517 19.8219 2.01306 0 0.0
-0.07532126 0.081018 -6.521625 -0.008223835 0.4356948 0.4724581 -0.2575463 18.2996 1.466352 1 0.0
-0.05095288 -0.01107462 -3.962681 -2.995094 1.752293 1.727058 -0.3568293 20.40591 0.6469631 0 0.0
0.01847447 0.02858762 -2.342431 -6.208077 1.707085 1.879928 -0.450031 20.30177 0.5333233 1 0.926147
0.01421724 -0.03537948 -0.8700158 -3.026999 2.516933 3.260201 -0.7719287 20.36236 0.7633286 1 0.9656177
-0.0187569 -0.03165843 -6.644918 0.4244521 2.520078 3.19515 -0.7361619 20.40719 0.5853348 1 0.9544791
-0.03967663 -0.03176533 -1.609788 -2.812579 1.546615 1.704827 -0.5405099 20.19455 0.6875515 1 0.9762313
0.00617589 -0.005359282 -2.885471 -2.751851 0.1176449 0.1289348 -0.414226 16.14279 1.275031 1 0.9998272
-0.0206948 0.02436444 -2.431858 -2.694986 0.6134141 0.7070875 -0.5048056 18.72169 1.078041 1 0.9979679
-0.04188923 0.02495913 -0.8517604 -9.154271 0.2460398 0.2803055 -0.4129629 17.46846 0.9633102 1 0.0
0.02848422 0.03065004 -2.734463 -1.263333 1.572023 1.995996 -0.6808349 20.00277 0.7796803 1 0.9821551
-0.08256909 0.02617089 -1.717099 -3.344567 1.951658 1.783846 -0.2737777 20.52059 0.4760971 0 0.0
-0.01073079 -0.05089814 -5.155146 -0.3189041 1.036964 1.172784 -0.4184242 19.80681 1.067719 1 0.8926925
0.03478609 0.02309455 -2.74291 -3.236744 2.011683 2.599387 -0.7382513 20.1817 0.8526745 1 0.9782822
0.02448639 -0.009543172 -5.299766 8.659841 2.423633 2.957949 -0.7702827 20.26335 1.452391 0 0.0
0.03480135 0.02494657 -2.970012 -4.528756 0.2126678 0.2460453 -0.4440647 17.37458 0.9245052 1 0.0
0.1036337 0.07643935 -4.780843 -9.992259 1.340628 1.58367 -0.4642928 19.82233 1.200428 0 0.0
0.01444615 0.02545044 -2.508887 -2.57023 0.2376079 0.2721237 -0.4272271 17.5869 1.077271 1 0.9995044
0.04905305 0.03427373 -4.865964 -1.855462 1.732462 2.096992 -0.6114466 20.18265 0.9396591 1 0.9412522
0.02338782 0.1268715 -6.290349 -1.534063 0.5126939 0.5757088 -0.4054032 18.50333 0.8010521 1 0.0
-0.03549581 0.02456606 -2.940734 -7.694801 1.972816 2.460455 -0.6413379 20.04326 0.9841442 1 0.6395236
-0.0325356 0.0242646 6.226263 -6.983626 2.557442 3.204369 -0.6202191 20.37852 0.9616699 0 0.0
-0.02466198 -0.07052638 -3.882151 -1.726027 1.891312 1.775901 -0.265567 20.50476 0.7618713 0 0.0
0.06933194 0.02734819 -3.769961 -3.198092 0.564144 0.652718 -0.4536796 18.77824 2.083565 1 0.8890842
-0.01553729 -0.04788307 4.541466 -4.741098 2.697189 3.455295 -0.5257466 20.41095 0.7207737 1 0.5675174
-0.05287549 -0.008265472 -3.174094 -1.370287 0.8487149 0.760047 -0.09070574 19.68105 1.148083 1 0.9807714
0.04314794 0.07516985 -4.853444 -1.256818 2.471214 2.613814 -0.3055043 20.36015 0.7699966 0 0.0
-0.05434044 0.08544444 -5.234408 -7.379824 1.340688 1.418363 -0.4137164 19.76014 1.04394 1 0.0006242397
-0.03003319 0.06276443 -2.962835 -3.135601 1.085443 1.126773 -0.231409 19.78259 0.9605923 1 0.975924
-0.0511818 0.01015569 -1.122885 -2.328187 1.383728 1.148271 -0.006297937 20.1741 0.6235542 0 0.0
-0.02464682 0.02182386 -2.508313 -2.728488 0.2261294 0.2649912 -0.4565934 17.29411 0.6906395 1 0.9995776
-0.005970079 -0.009805326 -2.605909 -2.76916 0.2810697 0.3004393 -0.3856411 17.66399 1.076941 1 0.9997385
-0.08552935 0.05807729 -1.381429 -2.186804 1.810776 1.563103 -0.0983635 20.35533 0.9401817 1 0.8505501
0.009960057 -0.01959429 1.011666 -6.786013 2.626465 3.45536 -0.7291876 20.54392 0.6791706 1 0.9652502
-0.01594928 -0.04935351 -6.838436 4.540672 2.163892 2.885948 -0.7899262 20.04831 nan 0 0.0
-0.05815514 0.08703121 -13.73677 2.053553 1.867309 2.141613 -0.4648661 20.22938 2.530319 1 2.531884e-05
0.009502293 -0.02272777 -3.409151 -0.3422848 1.539378 1.860717 -0.5784526 20.16483 0.7750263 0 0.0
-0.041401 0.1098669 -2.908193 -2.137004 0.2802558 0.2921994 -0.2202013 17.24667 0.8854046 1 0.9771384
-0.02168662 0.02575746 -8.353778 3.429853 2.453839 2.994109 -0.6947015 20.33478 0.7103825 1 0.9233245
-0.008777706 0.05929315 8.572395 -1.024829 0.7967856 0.8863968 -0.4521718 19.21108 2.794493 1 0.0
0.01012791 0.01069115 1.835305 -4.065877 2.347832 3.030257 -0.7389904 20.37096 0.558342 0 0.0
0.00954807 -0.02100031 0.2692411 1.969699 0.4532892 0.5605383 -0.5711658 18.22152 1.858984 1 0.0
-0.04523095 0.1207792 -1.994553 -4.186365 1.043713 1.088669 -0.1791225 19.48965 1.46188 0 0.0
0.03026947 -0.006891293 -2.528392 -2.767563 0.2199173 0.2533232 -0.4318644 17.32702 0.7238083 1 0.9996472
-0.08067664 -0.08232718 -3.137426 -2.952719 1.052985 0.9191139 -0.03055764 20.06422 0.9524345 1 0.9216168
0.01366793 -0.01565452 -2.846466 -2.795338 0.1908261 0.2179361 -0.4124622 17.09937 1.143274 1 0.9997685
-0.03906629 -0.02627236 -1.980394 -3.534652 1.642807 1.520972 -0.2636844 20.33637 0.7631931 0 0.0
-0.02087787 -0.02668968 -5.539058 -3.437695 2.287385 3.017492 -0.7861622 20.27217 0.5895481 1 0.8557845
0.03252777 -0.0007524712 -2.416312 -3.065258 2.607752 3.39052 -0.7056679 20.50187 0.2305222 1 0.9758095
-0.01599509 0.01064522 -4.045023 0.428551 1.64028 1.986628 -0.5885846 20.16347 1.001459 1 0.9843511
-0.04637522 -0.02844183 -2.11852 -2.629375 0.3289898 0.3048538 -0.1414159 18.33797 1.143551 1 0.9952417
-0.1040685 -0.0127613 -13.9477 -6.193263 1.695337 1.711167 -0.3818937 20.20993 1.662216 0 0.0
-0.02215967 0.09218248 -4.061107 -2.04197 1.900368 1.982685 -0.4603554 20.19044 1.95056 0 0.0
0.01055516 0.02054059 -2.323438 -2.829917 2.698113 3.445431 -0.7454497 20.53156 0.7045078 0 0.0
-0.06048939 -0.0825107 -3.568137 -3.140026 1.649505 1.603903 -0.3579577 20.38923 0.5611877 0 0.0
-0.01970297 0.01159163 -2.506724 -2.273066 0.2374086 0.268542 -0.3996261 17.585 1.126328 1 0.9984627
0.01482761 0.003320612 -4.909828 -0.1377463 0.9677873 1.187758 -0.5945759 19.48564 1.011269 1 0.9764112
0.05099093 0.05463433 -1.783531 0.9438105 0.764815 0.8770874 -0.46242 19.30949 1.388205 1 0.0006805762
0.02529509 -0.03159199 -3.082478 -1.874212 0.2317564 0.2634185 -0.35313 17.43715 0.2000923 1 0.9866769
