scripts/get_globular_clusters/output/Pal_5.csv
# %ECSV 0.9
# ---
# datatype:
# - {name: x, unit: deg, datatype: float64}
# - {name: y, unit: deg, datatype: float64}
# - {name: pmx, unit: mas / yr, datatype: float64}
# - {name: pmy, unit: mas / yr, datatype: float64}
# - {name: pmx_e, unit: mas / yr, datatype: float64}
# - {name: pmy_e, unit: mas / yr, datatype: float64}
# - {name: pm_corr, datatype: float64}
# - {name: g_mag, unit: mag, datatype: float64}
# - {name: bp_rp, unit: mag, datatype: float64}
# - {name: filter, datatype: int64}
# - {name: memberprob, datatype: float64}
# meta: !!omap
# - comments: [deg deg mas/yr mas/yr mas/yr mas/yr dimless mag   mag   zeroone float]
# - __serialized_columns__:
#     bp_rp:
#       __class__: astropy.units.quantity.Quantity
#       unit: &id001 !astropy.units.Unit {unit: mag}
#       value: !astropy.table.SerializedColumn {name: bp_rp}
#     g_mag:
#       __class__: astropy.units.quantity.Quantity
#       unit: *id001
#       value: !astropy.table.SerializedColumn {name: g_mag}
#     pm_corr:
#       __class__: astropy.units.quantity.Quantity
#       unit: !astropy.units.Unit {unit: ''}
#       value: !astropy.table.SerializedColumn {name: pm_corr}
#     pmx:
#       __class__: astropy.units.quantity.Quantity
#       unit: !astropy.units.Unit {unit: mas / yr}
#       value: !astropy.table.SerializedColumn {name: pmx}
#     pmx_e:
#       __class__: astropy.units.quantity.Quantity
#       unit: !astropy.units.Unit {unit: mas / yr}
#       value: !astropy.table.SerializedColumn {name: pmx_e}
#     pmy:
#       __class__: astropy.units.quantity.Quantity
#       unit: !astropy.units.Unit {unit: mas / yr}
#       value: !astropy.table.SerializedColumn {name: pmy}
#     pmy_e:
#       __class__: astropy.units.quantity.Quantity
#       unit: !astropy.units.Unit {unit: mas / yr}
#       value: !astropy.table.SerializedColumn {name: pmy_e}
#     x:
#       __class__: astropy.units.quantity.Quantity
#       unit: &id002 !astropy.units.Unit {unit: deg}
#       value: !astropy.table.SerializedColumn {name: x}
#     y:
#       __class__: astropy.units.quantity.Quantity
#       unit: *id002
#       value: !astropy.table.SerializedColumn {name: y}
# schema: astropy-2.0
x y pmx pmy pmx_e pmy_e pm_corr g_mag bp_rp filter memberprob
[from data line 483]
0.03251256 0.0541147 -1.976452 -2.629893 1.901198 2.4247 -0.7135889 20.09167 1.058372 1 0.956053
-0.0453529 -0.02386907 -8.109759 -7.03677 1.954304 1.81911 -0.214074 20.56434 1.865055 0 0.0
-0.02142722 0.02035643 -2.393204 -4.35439 2.43511 3.102333 -0.7599629 20.32932 0.58461 0 0.0
-0.09505083 0.06570557 -5.388404 -11.91308 0.2789981 0.2358588 -0.03409211 17.82503 0.8257179 1 0.0
-0.1222724 0.04569042 -10.45469 -23.0374 1.288633 1.009218 0.1109691 19.84225 2.728516 0 0.0
0.04655058 0.007593799 -2.002927 -5.426889 2.204532 2.860232 -0.7472204 20.30273 0.6967182 1 0.9498144
-0.04487993 0.009277164 -5.276359 -1.31546 2.842626 3.477188 -0.5755051 20.55433 0.5009117 0 0.0
0.006984615 0.04719844 -11.73653 -1.309226 0.9153708 1.033681 -0.4262266 19.44428 1.096336 1 0.0
0.002773188 -0.004355085 -2.866738 -2.71986 0.2212123 0.2367579 -0.3863741 17.32709 0.7202072 1 0.9998245
0.03113926 0.05281428 -4.670973 0.9833407 0.9838787 1.091128 -0.3820676 19.6205 2.312988 1 0.5017187
0.09801846 0.05505551 -8.626277 -0.6762021 0.2549204 0.2991475 -0.4829847 17.6432 0.6248283 1 0.0
-0.06441105 -0.02766918 -2.178058 -0.1527843 1.411073 1.289915 -0.1706835 20.24945 0.8073254 0 0.0
0.00251379 0.01026921 -3.786881 -2.57182 0.7625828 0.8747063 -0.4067669 19.33029 0.7085457 1 0.9958047
-0.0451392 -0.05709303 -3.052051 -2.325805 0.3670943 0.345011 -0.1848567 18.51364 1.011419 1 0.9956477
-0.0872531 -0.08809306 -5.015356 -9.272432 0.7883451 0.6937801 -0.03434095 19.68379 1.775085 1 0.0
-0.0459173 -0.09454112 -3.310527 -5.380578 2.54789 2.370909 -0.09978535 20.74806 0.8992748 0 0.0
-0.000980467 0.003900136 -3.394741 -1.886104 0.31209 0.3605525 -0.4262452 17.78911 1.125542 1 0.9965987
0.03918061 0.01667672 -8.958823 -1.516773 1.07173 1.210254 -0.4030736 19.76045 1.629211 0 0.0
-0.01266867 -0.02252783 -3.049823 -2.428298 0.1133778 0.1326574 -0.4530214 16.189 1.278172 1 0.9987394
0.07526764 0.05502215 -3.016955 -2.506346 0.2462618 0.2955718 -0.4728466 17.49469 1.120062 1 0.9956418
0.07735811 0.07146574 -21.92842 -2.353663 1.909263 2.223502 -0.5266494 20.42409 1.622623 0 0.0
0.01003636 0.006179379 -2.335541 -2.998892 2.302437 3.042773 -0.6168145 20.25468 0.3342094 0 0.0
-0.03750987 -0.04067709 -3.525204 -3.167335 1.024053 0.9748789 -0.1922613 19.80238 0.9262581 0 0.0
-0.05751413 -0.01632024 1.271115 4.182863 2.598581 2.301973 -0.1595809 20.83324 0.6401329 0 0.0
-0.03557202 -0.04019837 5.153206 -10.96007 4.297613 3.049207 -0.1501646 20.93002 0.7008038 1 0.340646
-0.09311241 -0.09237342 -3.971587 -2.159756 1.214011 1.191113 -0.2621229 20.08637 0.7520828 0 0.0
0.00129309 0.06495754 -5.552913 2.802788 1.364175 1.434798 -0.3121901 20.07147 1.679468 0 0.0
-0.07875421 -0.04071237 -1.712964 -3.563772 0.1111303 0.1066069 -0.2032736 16.43185 1.130878 1 0.0
-0.03363426 0.06355483 -3.655201 -1.861356 1.012344 1.09588 -0.328242 19.67524 1.239271 1 0.9719884
-0.07855589 -0.03067293 -5.750394 -7.413231 0.1871724 0.1756689 -0.1709803 17.37697 0.9244652 1 0.0
-0.1051826 0.05096286 -5.731585 -11.06022 1.535629 1.300017 0.01073699 20.15124 2.291574 0 0.0
0.07392478 0.007016681 -2.545241 -2.413303 2.524265 3.118768 -0.7270525 20.41591 0.6022034 1 0.9145508
-0.03259661 -0.003199302 -2.348558 -2.540686 0.2264109 0.2587547 -0.4291815 17.38481 0.4495926 1 0.9982153
-0.005924305 -0.001305548 0.3823186 -7.167073 2.409669 3.133968 -0.7770192 20.36626 0.3807201 1 0.9768125
-0.05041876 -0.0404971 -0.7064881 -0.7912425 3.805997 3.42216 -0.1144986 20.91383 0.2627792 0 0.0
-0.04524619 0.05939125 0.3583678 -5.736684 0.332614 0.3707866 -0.3849059 17.95559 1.299255 1 0.0
-0.05864339 0.05449319 -22.45543 -12.20804 1.680105 1.941692 -0.4843396 20.00945 1.85704 0 0.0
0.01072302 0.06527756 -2.672188 -1.406171 0.8236677 0.8114908 -0.362555 19.25977 1.248938 1 0.9725167
-0.03653339 0.01679748 0.9222479 -12.7162 1.395438 1.585258 -0.4272735 20.07352 1.201357 0 0.0
-0.02008439 -0.04893186 -2.92756 -4.057114 1.015433 0.9422482 -0.1554371 19.95618 1.099991 1 0.9733674
-0.002826772 -0.04149317 -3.208163 -2.252005 0.4271298 0.4873511 -0.4186405 18.49035 1.065821 1 0.9978564
-0.0592383 -0.04275873 -2.480415 -3.815776 1.166293 1.110178 -0.2219929 20.03145 1.144854 1 0.95911
0.06287746 0.01522844 -6.153334 2.708193 1.681508 1.927752 -0.6483723 20.03769 0.8803272 1 0.7236396
0.03359588 0.0001764139 -3.108162 -2.953068 1.22654 1.416442 -0.4628537 19.96709 0.8844547 0 0.0
-0.03236775 0.01762167 -2.09268 -0.747474 2.755382 3.304515 -0.5323523 20.39645 0.8809566 1 0.962907
-0.07542805 0.05872946 -13.0702 -12.25268 1.901444 1.762366 -0.2738719 20.3725 1.970518 0 0.0
