scripts/get_globular_clusters/output/Pal_6.csv
# %ECSV 0.9
# ---
# datatype:
# - {name: x, unit: deg, datatype: float64}
# - {name: y, unit: deg, datatype: float64}
# - {name: pmx, unit: mas / yr, datatype: float64}
# - {name: pmy, unit: mas / yr, datatype: float64}
# - {name: pmx_e, unit: mas / yr, datatype: float64}
# - {name: pmy_e, unit: mas / yr, datatype: float64}
# - {name: pm_corr, datatype: float64}
# - {name: g_mag, unit: mag, datatype: float64}
# - {name: bp_rp, unit: mag, datatype: float64}
# - {name: filter, datatype: int64}
# - {name: memberprob, datatype: float64}
# meta: !!omap
# - comments: [deg deg mas/yr mas/yr mas/yr mas/yr dimless mag   mag   zeroone float]
# - __serialized_columns__:
#     bp_rp:
#       __class__: astropy.units.quantity.Quantity
#       unit: &id001 !astropy.units.Unit {unit: mag}
#       value: !astropy.table.SerializedColumn {name: bp_rp}
#     g_mag:
#       __class__: astropy.units.quantity.Quantity
#       unit: *id001
#       value: !astropy.table.SerializedColumn {name: g_mag}
#     pm_corr:
#       __class__: astropy.units.quantity.Quantity
#       unit: !astropy.units.Unit {unit: ''}
#       value: !astropy.table.SerializedColumn {name: pm_corr}
#     pmx:
#       __class__: astropy.units.quantity.Quantity
#       unit: !astropy.units.Unit {unit: mas / yr}
#       value: !astropy.table.SerializedColumn {name: pmx}
#     pmx_e:
#       __class__: astropy.units.quantity.Quantity
#       unit: !astropy.units.Unit {unit: mas / yr}
#       value: !astropy.table.SerializedColumn {name: pmx_e}
#     pmy:
#       __class__: astropy.units.quantity.Quantity
#       unit: !astropy.units.Unit {unit: mas / yr}
#       value: !astropy.table.SerializedColumn {name: pmy}
#     pmy_e:
#       __class__: astropy.units.quantity.Quantity
#       unit: !astropy.units.Unit {unit: mas / yr}
#       value: !astropy.table.SerializedColumn {name: pmy_e}
#     x:
#       __class__: astropy.units.quantity.Quantity
#       unit: &id002 !astropy.units.Unit {unit: deg}
#       value: !astropy.table.SerializedColumn {name: x}
#     y:
#       __class__: astropy.units.quantity.Quantity
#       unit: *id002
#       value: !astropy.table.SerializedColumn {name: y}
# schema: astropy-2.0
x y pmx pmy pmx_e pmy_e pm_corr g_mag bp_rp filter memberprob
[from data line 2688]
0.02695585 0.002060506 -0.3866726 -2.57022 0.7883045 0.5732203 0.5533398 18.83986 2.089497 0 0.0
-0.01085593 0.03960165 0.9020918 1.388567 0.199225 0.1655742 0.3800328 17.22393 2.057718 1 0.0
0.02454907 0.01362911 1.80606 -7.21448 0.5814308 0.4451799 0.3197318 18.53499 2.968306 0 0.0
0.04612526 0.01515988 2.70694 -6.356192 1.245638 0.949096 0.08070414 18.42587 2.982746 0 0.0
-0.001434422 -0.01070608 -3.527819 -8.782107 0.980035 0.8288659 0.459455 18.36297 nan 0 0.0
-0.01627543 0.01826351 -3.166178 -6.330634 0.4362699 0.3364868 0.3126727 18.20852 2.935316 0 0.0
-0.004801196 -0.01757262 -7.797206 -6.466863 0.2791322 0.2295644 0.6167051 17.06464 3.099035 1 0.0
-0.004144405 -0.01316662 -5.113418 -8.64249 0.6157464 0.4510285 0.2673223 18.75508 2.555992 0 0.0
0.0006186368 -0.01557935 -0.8524264 -1.682672 0.7342576 0.5386152 0.2410787 18.91314 nan 0 0.0
0.02481755 -0.01134196 3.486772 -1.806276 0.5422926 0.415685 0.3819933 18.18687 2.349705 0 0.0
0.0316405 0.01350151 -6.052798 -8.847903 0.6320316 0.498411 0.3934958 18.77735 2.797825 0 0.0
-0.008689137 -0.004229039 -9.355743 -5.618954 0.2457833 0.2126385 0.4809198 16.74614 3.221732 0 0.0
0.00962516 -0.007071062 2.33769 -1.200798 0.2802784 0.2151864 0.3464898 17.38495 2.660599 0 0.0
0.008172883 -0.02677195 -1.201736 -1.109294 0.5682965 0.4385803 0.3987636 18.67142 2.179176 0 0.0
0.009654534 0.01702447 -7.18133 -6.265657 0.2568122 0.2058813 0.1932723 17.42216 3.444462 0 0.0
0.04612276 0.008850369 -3.279488 -1.633876 0.6112015 0.469657 0.2979925 18.60105 2.825897 0 0.0
-0.00746031 0.04404604 1.873023 -2.78306 3.539949 2.975536 0.2946538 20.8848 nan 0 0.0
0.01811275 0.0009082731 -1.012767 -6.596249 0.2426866 0.2002941 0.6235095 17.08807 2.379232 0 0.0
0.00541019 0.01073812 -7.273665 -6.144207 0.4639269 0.3791358 0.2701956 17.92757 2.51888 0 0.0
0.00185056 -0.007799285 -4.552866 -6.093974 0.5442731 0.4192281 0.4014424 18.43197 nan 0 0.0
0.01844806 0.04372438 -1.595361 -2.614617 0.2550515 0.2307176 0.3211935 16.72442 3.226608 1 0.0
-0.02333862 0.01241056 -6.227514 -8.115615 0.3041128 0.2606309 0.5094231 16.90151 3.656381 1 0.0
0.01504615 -0.001851223 -4.436451 -4.901723 0.3645613 0.2774965 0.4301405 17.7214 nan 0 0.0
0.03424778 0.03445681 3.679179 5.354394 1.702407 1.832389 0.8707136 19.29967 nan 0 0.0
-0.02446001 0.006753135 -0.5051087 -0.7307746 0.5022318 0.4167392 0.3957946 18.62022 2.828314 0 0.0
-0.001160934 0.01509844 -3.967427 -0.4171625 1.427821 1.236701 0.9086851 19.05856 nan 0 0.0
0.02195368 0.04400034 -5.80246 -6.805867 0.4202809 0.3367472 -0.02546237 18.17822 nan 0 0.0
0.01083041 0.0007871087 -8.541568 -6.00828 0.8217748 0.6109653 0.07742476 18.44677 nan 0 0.0
0.02135078 0.04196531 -1.963692 -8.745453 0.2973813 0.2371207 -0.1170926 17.49162 3.319776 0 0.0
-0.02489888 0.01054867 3.542148 -2.214701 2.434593 1.898292 0.667778 20.18889 nan 0 0.0
0.006589257 0.04164474 -1.278319 -5.357256 0.1626619 0.1300788 0.1817334 15.29487 3.69284 1 0.0
0.004998592 -0.01031899 -2.050962 -4.328652 0.2841829 0.2352377 0.5779522 16.72092 3.309703 1 0.0
0.03396304 -0.002856566 -3.807429 -4.869534 0.580106 0.4465498 0.4347101 18.72269 2.383059 0 0.0
-0.01019735 0.02469578 -10.8787 4.192078 2.664198 2.073662 0.4834525 20.15536 nan 0 0.0
0.00864201 0.02473596 -9.818503 -11.84148 2.597272 2.19639 0.7868871 20.09205 nan 0 0.0
0.007983846 0.01048239 -5.9961 -6.029678 0.6954022 0.5382409 0.1117972 18.67167 2.833328 0 0.0
0.02679486 0.01627983 0.3189687 -10.12115 0.2702722 0.2098737 0.4306519 17.59874 3.127481 1 0.0
0.02225109 0.02384914 -8.238051 -9.690791 0.3484325 0.2856096 0.1400748 15.95036 3.95023 0 0.0
0.03664203 -0.01521318 0.7984673 -3.756727 0.4725341 0.3802321 0.5358207 18.4638 3.126211 0 0.0
0.0009745563 -0.007644779 -6.933822 -3.61315 0.6352639 0.48291 0.1059936 17.46289 2.720773 0 0.0
-0.01926383 0.04149646 -3.372017 -0.6043024 0.472036 0.3730579 0.2869223 18.52777 nan 0 0.0
0.01261479 0.045787 6.142271 6.347018 0.6261138 0.532568 0.1315902 18.24749 2.862316 0 0.0
0.02095711 -0.01501094 -3.973651 -8.612207 0.4028979 0.3181241 0.5095636 18.09876 2.716879 0 0.0
-0.004446767 0.0195196 -11.17411 -2.618285 0.275419 0.2163852 0.1843077 17.84241 2.84351 0 0.0
0.01866431 0.02599173 -13.39086 -4.522454 1.006306 0.8062174 0.1854646 18.75743 2.803764 0 0.0
0.009462254 0.009477108 -3.192453 -11.38702 0.4359981 0.3366249 0.3401908 18.50087 2.842068 0 0.0
0.006203462 -0.003011991 -9.7737 -5.730292 0.2955121 0.2264723 0.3683092 17.5913 nan 0 0.0
-0.00849843 0.008445307 -1.861691 -5.308034 0.3187329 0.2453926 0.1234462 17.94285 2.886175 0 0.0
0.0109126 0.001424156 -10.28507 -6.627321 1.007555 0.6592348 0.2205178 18.81252 nan 0 0.0
0.004726114 0.02088716 -2.35675 -1.012181 0.3897582 0.3123416 0.1905937 18.28624 2.592796 0 0.0
0.01107689 0.00171215 -0.7603622 -1.339609 0.5276283 0.4061916 0.4138266 18.62754 nan 0 0.0
0.01619711 0.00636548 -9.643342 -5.737649 0.4949255 0.4012565 0.509627 18.13326 nan 0 0.0
-0.01224865 0.001847454 -8.451287 -4.726968 0.2139464 0.1838724 0.4594317 14.58768 3.80151 1 0.8784354
0.007517614 -0.001613982 -10.09004 -6.658787 0.9025686 0.7336269 0.5777032 19.00001 2.686029 0 0.0
0.02173142 0.0270574 1.485535 -10.99617 0.2572872 0.2107209 0.2449912 17.66908 2.961737 0 0.0
-0.01479485 0.002577672 1.559454 2.13029 1.533598 1.364972 0.8760573 19.38 2.020563 0 0.0
-0.001900645 0.04184709 -3.728918 -0.3616448 0.4195737 0.333349 0.2725116 18.6283 3.080784 0 0.0
0.004807599 0.004882591 -8.107293 -3.160857 0.4486797 0.354417 0.1985587 18.29722 2.708282 0 0.0
0.01020172 0.01210346 -0.4709103 -5.253079 0.5355084 0.4128874 0.138386 18.40724 nan 0 0.0
0.004616563 0.02027872 2.136104 4.078577 0.4273878 0.3367991 0.2625001 18.47369 nan 0 0.0
0.02353313 -0.000607132 -1.700118 -5.207331 0.2812086 0.2175954 0.3638766 17.33273 3.259671 0 0.0
-0.04125059 0.02797528 1.293012 0.7755131 0.5299948 0.4220011 0.1587756 18.7459 2.3501 0 0.0
0.001659103 0.004070148 -8.57844 -4.138822 0.5726133 0.4938987 0.5702534 18.57779 nan 0 0.0
-0.002885252 -0.01133744 -7.041046 -9.358736 0.9416441 0.7285537 0.08904285 18.4313 2.604208 0 0.0
-0.02969577 0.03205671 -4.930898 -10.33636 1.867402 1.624026 0.8447548 19.40514 nan 0 0.0
-0.0249264 0.01121051 0.3508183 -1.441019 0.3599825 0.2846955 0.2048826 18.35032 2.782793 0 0.0
0.009024783 0.0171752 -6.288137 -3.517855 0.4202848 0.3378538 0.1356102 18.49235 2.797974 0 0.0
-0.01723104 -0.0001997625 -0.6958631 -2.965448 0.559163 0.4474993 0.3459139 18.99268 2.387928 0 0.0
0.001221057 0.004171243 0.8809718 -6.708487 0.4668956 0.379882 0.2850055 17.90338 2.750095 0 0.0
-0.002311261 0.03245148 4.062811 -10.67459 2.897018 2.061935 0.4725767 20.23851 2.189877 0 0.0
0.0156528 0.03066708 -8.014327 -2.894664 1.464549 1.223684 0.5728591 18.83808 2.728523 0 0.0
0.03159099 0.03282487 -1.421974 -9.8918 0.4639691 0.3796554 0.08344032 18.56707 3.034081 0 0.0
0.03585281 -0.0002536024 -2.682826 -6.916457 0.8586077 0.6667573 0.6572901 19.06989 2.781626 0 0.0
-0.007569077 0.03199922 -1.190793 1.782317 2.857635 2.292322 0.3556777 20.3616 nan 0 0.0
0.01556397 -0.01925203 0.3457326 -9.098702 0.4551432 0.3773904 0.6623442 18.04077 2.597923 0 0.0
0.01143461 0.02015236 -5.869737 -3.213987 2.460854 1.860238 0.583995 19.9643 2.517632 0 0.0
0.01326741 0.004597739 -9.799162 -5.530811 0.3784149 0.2929086 0.4237567 17.93123 2.803392 0 0.0
-0.004555391 -0.003534528 -9.622905 -4.923876 0.3446385 0.2444591 -0.2173294 17.1681 nan 0 0.0
0.002671495 -0.02168861 1.57228 -4.026162 0.1677421 0.1283865 0.2969461 16.21325 2.795629 1 0.0
0.005192442 0.03962683 -9.411239 -5.26941 0.2652664 0.209844 0.168161 17.67045 nan 0 0.0
0.02503885 -0.0006265198 -3.458022 -6.534062 0.3547843 0.2755306 0.3495563 17.57776 nan 0 0.0
0.00362954 -0.02072543 -12.76364 -5.726067 1.221767 0.9357785 0.2879268 18.37339 2.456959 0 0.0
0.03549312 -0.01267605 -2.797661 -4.308446 0.5239513 0.4083809 0.449135 18.65735 2.741896 0 0.0
-0.008825887 -0.005939941 -8.774455 -4.610388 0.4733149 0.3742365 0.2890612 18.59953 2.799088 0 0.0
-0.004117442 -0.001552777 -9.334583 -4.833265 0.3055084 0.2414354 0.5013359 17.21675 2.9503 0 0.0
0.005054244 0.01044822 -7.63537 -4.073053 0.4624827 0.3657632 0.06648342 18.33642 nan 0 0.0
-0.02268064 0.007960848 -8.241151 -8.341801 1.700791 1.524166 0.8671347 19.40083 2.086966 0 0.0
0.004862571 0.0100496 -8.606789 -5.462662 0.3259308 0.2691856 0.4090224 18.11798 2.735876 0 0.0
0.00532679 -0.01681161 -6.09002 -9.101709 0.7255461 0.5353792 0.0872433 18.73791 nan 0 0.0
0.005355444 0.01101279 0.7191765 0.1953929 0.2913192 0.2351877 0.3338217 17.92312 2.683452 0 0.0
0.02775031 0.004200364 -1.191253 -2.941628 0.6119666 0.480173 0.4147161 18.36327 3.086657 0 0.0
0.04064903 0.01480715 -4.998405 -10.54744 0.5139637 0.4041816 0.4119379 18.47673 2.732992 0 0.0
0.01255694 0.01725308 -0.4860657 2.203686 2.368379 2.497545 0.8701063 19.7956 nan 0 0.0
0.03435478 0.02584892 -2.910376 -3.071101 0.4004702 0.2776305 0.4469647 17.41168 nan 0 0.0
0.006750986 -0.003040632 -9.49765 -5.676141 0.257582 0.2032835 0.453206 17.14781 2.988317 0 0.0
0.01365459 0.03778174 -4.709191 -7.334776 0.3356664 0.2711769 0.1136746 17.94657 2.918884 0 0.0
0.01586659 -0.008071196 1.77507 -5.125171 0.7231383 0.5512449 0.263705 18.70641 nan 0 0.0
-0.007073988 -0.003662447 -8.775221 -5.133081 0.2511104 0.2285879 0.3414891 16.98601 3.015361 1 0.9972068
0.04746088 0.0003907393 -3.361427 -9.026579 0.5098573 0.3978543 0.47228 18.73555 3.022882 0 0.0
0.02819241 0.02094296 -5.287166 -0.6467655 0.4358438 0.3397757 0.5337774 18.16553 2.876238 0 0.0
0.03328114 0.005905991 -6.457147 -6.983658 0.3402845 0.2886686 0.5956842 16.74961 4.152334 1 0.0
-0.03744521 0.03087764 0.0962597 -2.027643 0.3582024 0.2930975 -0.3127887 17.90631 3.036394 0 0.0
0.01219816 -0.009741591 -10.20525 -5.927704 0.5608348 0.4309372 0.387904 18.42723 2.64798 0 0.0
0.007242819 -0.01811825 -9.701456 -5.354402 0.1642311 0.1265642 0.2600455 16.01878 3.208727 1 0.9979961
0.01197875 -0.0137222 -9.326468 -5.360813 0.5961858 0.4594098 0.4748785 18.83407 2.501181 0 0.0
0.02621611 -0.0003750092 -5.311372 -6.658436 0.4361651 0.3487754 0.4402053 17.94518 3.181698 0 0.0
0.003301916 0.008889983 -8.533982 -4.533399 0.3761745 0.3106598 0.3393251 18.14612 2.711695 0 0.0
0.003191856 -0.01092737 0.3922454 0.6689199 0.5218568 0.3583146 0.1482489 18.3707 2.333906 0 0.0
-0.00159866 -0.01129736 -1.760342 -10.33473 0.2912689 0.2435317 0.2865551 17.13467 3.405867 0 0.0
0.04354325 -0.006853746 -1.356336 -4.831448 0.2956321 0.2340217 0.3505163 15.54184 4.821753 1 0.0
0.03152468 -0.009745223 0.1885661 -5.24678 0.7734105 0.6045925 0.3797201 18.10255 2.787062 0 0.0
0.03498251 0.01890026 -7.60756 -7.234049 0.675676 0.5402913 0.3802739 18.64754 nan 0 0.0
-0.00477637 0.04449631 -5.735168 -5.526888 2.216647 2.021544 0.8769941 19.36015 nan 0 0.0
0.03865206 0.02023043 0.2356685 -3.046447 0.3110153 0.2699375 0.4538291 16.85142 3.247307 1 0.0
-0.03903184 0.02594853 -3.902979 -6.43527 0.6038454 0.4764382 0.3503208 19.04458 2.95648 0 0.0
0.001959862 -0.01956191 -5.051074 -6.469915 0.6601257 0.4877161 0.3626337 18.6893 2.893856 0 0.0
0.04305319 0.0004153423 -2.507762 -3.862326 0.4717681 0.3860451 0.4660897 18.18748 nan 0 0.0
0.01280044 -0.009358279 -6.719159 -8.15675 1.200807 0.9666325 0.7415534 19.01282 2.728848 0 0.0
-0.002994835 -0.008009118 -2.402041 -0.772389 0.4216366 0.3443814 -0.007408402 18.20374 nan 0 0.0
0.005738619 0.008214687 -0.3005709 -7.681987 0.6203747 0.4773212 0.1526036 18.96368 2.642004 0 0.0
0.03832597 0.02779889 -1.244717 -3.700041 0.2582039 0.2007734 0.2203173 15.65884 5.03979 1 0.0
0.04006818 -0.002198566 -0.5806405 -7.35356 0.4639869 0.3623579 0.4933904 18.47495 2.77618 0 0.0
0.03168716 -0.01625696 -5.983826 -1.784794 0.2750862 0.2279136 0.5889627 16.93623 3.627089 1 0.0
0.01898927 0.003666159 -2.599862 -0.2141342 2.383129 2.057029 0.5783675 20.20763 nan 0 0.0
0.01633233 -0.005538302 -2.62202 -2.823011 0.5148883 0.4337291 0.5708665 16.70823 3.356437 0 0.0
0.02803029 0.02998765 -6.190028 -1.443991 0.4679825 0.4132652 0.3371618 18.16541 3.064301 0 0.0
0.02033106 0.005229959 1.436092 -0.9145671 0.4542672 0.3563498 0.4776614 18.37877 3.1434 0 0.0
0.02408118 0.001891383 -5.473051 -1.109395 0.4668907 0.3934593 0.6872287 18.05822 2.666779 0 0.0
0.04519029 0.004780453 -5.020953 -3.439937 0.7798757 0.6207389 0.468936 18.93481 2.991432 0 0.0
0.02843668 0.01207755 -3.005683 -8.538245 0.2922972 0.2475853 0.6059739 16.79816 3.502763 1 0.0
0.01282923 0.003399973 -9.812493 -5.353356 1.060167 0.8676101 0.6355341 18.88971 nan 0 0.0
0.04150137 0.0247594 -4.256449 -4.728864 0.7004154 0.5353942 0.3602178 18.6761 2.701271 0 0.0
0.007789316 -0.03241005 -6.36529 -9.125703 0.5308135 0.4150138 0.5109998 18.48765 2.743477 0 0.0
0.03328936 0.03463829 -0.9917268 -8.359796 0.6409067 0.5185443 0.239045 19.00216 2.72765 0 0.0
0.009814806 -0.03052574 -4.222688 -10.3035 0.6332451 0.4908206 0.3448819 18.17947 2.558527 0 0.0
0.009513779 -0.03003171 -3.673995 -1.483007 0.6512685 0.4995237 0.4513883 18.71128 nan 0 0.0
-0.03757716 0.0154872 -6.235895 -1.367004 0.6385979 0.4993024 0.3921083 19.04749 nan 0 0.0
0.01132193 -0.01224776 -9.578489 -5.496877 0.2239746 0.1709476 0.3030426 14.63821 4.500476 1 0.9988782
0.02896151 0.03063592 -5.484468 -3.738289 0.4238226 0.3453658 0.17162 18.53243 2.928019 0 0.0
0.04349129 0.0006097289 -3.758806 -6.411255 0.5648565 0.4730757 0.2757652 18.49917 nan 0 0.0
0.04089583 0.01587709 -0.6153081 -3.473877 0.5540079 0.4204439 0.3736566 18.69961 2.902115 0 0.0
0.04417597 0.001259877 -4.8729 -0.9303231 1.123977 0.9399578 0.8073116 19.02712 2.591591 0 0.0
0.005847388 -0.006649286 -1.60396 -4.679977 0.2351911 0.1787867 0.3903159 17.33432 3.067043 0 0.0
-0.02337174 0.04098263 -5.249955 -7.365601 0.4733215 0.3660347 0.3437005 18.55358 2.763012 0 0.0
-0.01909811 0.03298972 -9.693413 -5.005112 0.3897352 0.3215385 0.3425142 18.11356 2.578016 0 0.0
0.009214816 -0.003468047 -7.790778 -5.58417 0.6966952 0.5564356 0.4508279 18.04813 2.60116 0 0.0
0.03609734 -0.00624466 -1.980638 -0.8049376 0.7152736 0.5467413 0.627219 18.89368 2.333618 0 0.0
0.04720944 -0.01204698 7.631699 3.88537 3.473291 2.592226 0.4225757 20.28826 nan 0 0.0
-0.03322892 0.03396883 -2.611625 -4.221518 1.678475 1.320496 0.5942291 20.05041 nan 0 0.0
0.01953701 0.004778053 1.605312 1.971963 0.593336 0.4975266 0.5972863 17.14142 2.093215 0 0.0
0.0319151 0.01638725 -11.07014 -5.020543 0.6182449 0.5280347 0.3718936 18.9198 2.36087 0 0.0
0.04071927 -0.01919708 -3.991997 -8.811556 0.5418744 0.4353777 0.4695277 18.20361 3.030046 0 0.0
0.04258797 0.0009514785 -1.848957 -7.948126 0.4420801 0.3813562 0.6237039 18.04631 nan 0 0.0
0.04904671 -0.004452677 0.8971726 -1.610556 0.507523 0.3928915 0.3472516 18.54432 2.138613 0 0.0
0.01255495 -0.001257742 -9.333739 -5.450586 0.2497552 0.2071075 0.5968461 16.86331 3.136616 1 0.9992648
0.01233763 0.01473921 -3.445077 1.103596 0.4069114 0.3195877 0.2066836 18.37212 3.024639 0 0.0
-0.0007502882 0.02467715 -3.478501 -8.61904 0.4860559 0.4084269 0.440843 18.65515 2.63665 0 0.0
-0.04146828 0.024109 -5.11867 -4.4812 1.921753 1.710956 0.8785807 19.74865 2.432373 0 0.0
0.01480042 0.003365407 -0.6811127 -2.890561 1.262909 0.9414176 0.580029 18.95422 2.547504 0 0.0
0.01518555 0.01745876 -3.979101 -10.06863 0.2440033 0.2015796 0.3047838 16.27903 3.969875 1 0.0
0.01674675 0.02076588 -2.155334 -6.270151 0.5836471 0.4619167 0.136259 18.60863 2.802313 0 0.0
0.004013753 0.008367347 -2.272733 -8.047483 1.743308 1.628542 0.8313557 19.48033 nan 0 0.0
0.01650161 0.0299498 -2.557478 -12.35002 0.2747585 0.2383288 0.5177949 16.74671 3.387647 0 0.0
-0.01279504 -0.008713594 -8.113456 -3.995521 0.5222035 0.4329518 0.5363202 18.42715 2.807425 0 0.0
-0.03158636 0.03597391 -5.538338 0.3786911 0.3939232 0.3131859 0.1176253 18.54604 3.043184 0 0.0
-0.02903643 0.02359588 -1.749249 -0.8928844 0.2171079 0.1712328 0.1304898 15.28048 4.219058 1 0.0
-0.03968928 0.02667882 -5.132379 -1.856168 0.4404641 0.3487137 0.2168664 18.45756 3.233009 0 0.0
