scripts/get_globular_clusters/output/Pal_6.csv
# %ECSV 0.9
# ---
# datatype:
# - {name: x, unit: deg, datatype: float64}
# - {name: y, unit: deg, datatype: float64}
# - {name: pmx, unit: mas / yr, datatype: float64}
# - {name: pmy, unit: mas / yr, datatype: float64}
# - {name: pmx_e, unit: mas / yr, datatype: float64}
# - {name: pmy_e, unit: mas / yr, datatype: float64}
# - {name: pm_corr, datatype: float64}
# - {name: g_mag, unit: mag, datatype: float64}
# - {name: bp_rp, unit: mag, datatype: float64}
# - {name: filter, datatype: int64}
# - {name: memberprob, datatype: float64}
# meta: !!omap
# - comments: [deg deg mas/yr mas/yr mas/yr mas/yr dimless mag   mag   zeroone float]
# - __serialized_columns__:
#     bp_rp:
#       __class__: astropy.units.quantity.Quantity
#       unit: &id001 !astropy.units.Unit {unit: mag}
#       value: !astropy.table.SerializedColumn {name: bp_rp}
#     g_mag:
#       __class__: astropy.units.quantity.Quantity
#       unit: *id001
#       value: !astropy.table.SerializedColumn {name: g_mag}
#     pm_corr:
#       __class__: astropy.units.quantity.Quantity
#       unit: !astropy.units.Unit {unit: ''}
#       value: !astropy.table.SerializedColumn {name: pm_corr}
#     pmx:
#       __class__: astropy.units.quantity.Quantity
#       unit: !astropy.units.Unit {unit: mas / yr}
#       value: !astropy.table.SerializedColumn {name: pmx}
#     pmx_e:
#       __class__: astropy.units.quantity.Quantity
#       unit: !astropy.units.Unit {unit: mas / yr}
#       value: !astropy.table.SerializedColumn {name: pmx_e}
#     pmy:
#       __class__: astropy.units.quantity.Quantity
#       unit: !astropy.units.Unit {unit: mas / yr}
#       value: !astropy.table.SerializedColumn {name: pmy}
#     pmy_e:
#       __class__: astropy.units.quantity.Quantity
#       unit: !astropy.units.Unit {unit: mas / yr}
#       value: !astropy.table.SerializedColumn {name: pmy_e}
#     x:
#       __class__: astropy.units.quantity.Quantity
#       unit: &id002 !astropy.units.Unit {unit: deg}
#       value: !astropy.table.SerializedColumn {name: x}
#     y:
#       __class__: astropy.units.quantity.Quantity
#       unit: *id002
#       value: !astropy.table.SerializedColumn {name: y}
# schema: astropy-2.0
x y pmx pmy pmx_e pmy_e pm_corr g_mag bp_rp filter memberprob
[from data line 3192]
-0.002310882 0.01333031 -9.042664 -5.345781 0.1950747 0.1578355 0.2549059 16.28534 3.025022 1 0.9989369
0.02917326 0.001419102 -4.584101 -2.111231 2.639212 2.170925 0.8552842 20.06213 nan 0 0.0
0.00617616 -0.001617718 -7.360512 -4.084321 0.5374861 0.4185924 0.4366187 18.18319 2.817011 0 0.0
-0.02443734 0.02920645 -0.2634292 2.106513 1.753058 1.761525 0.883096 19.45725 2.312445 0 0.0
0.01138202 0.04243782 -2.375327 0.9236263 0.5609077 0.4620478 0.129936 18.5506 2.407749 0 0.0
-0.003076645 -0.01993958 -9.709631 -5.290001 0.3698235 0.2949348 0.514179 18.01894 2.587374 0 0.0
-0.03131053 0.02860589 -5.211851 -9.710023 0.5369707 0.436113 0.2791697 18.70666 3.279297 0 0.0
-0.03489641 0.02399672 1.381609 -2.533715 0.6931786 0.5984341 0.8451884 18.04984 2.665976 0 0.0
-0.04023474 0.02027948 -7.119299 -5.267306 0.4262145 0.3453353 0.4417666 18.44592 nan 0 0.0
0.02466365 0.03752244 -3.68571 -6.925371 0.5361818 0.4304591 -0.02637633 18.85451 3.117485 0 0.0
-0.005076015 0.007423168 -3.173783 -5.704223 0.210551 0.1688329 0.02252052 16.09056 3.355769 0 0.0
-0.006994877 0.0465733 1.164441 -0.7158995 0.2137101 0.1863031 0.5549487 17.09242 nan 0 0.0
0.024664 0.03914559 -4.132433 -10.0151 2.095872 2.085402 0.8844197 19.4015 nan 0 0.0
-0.002119214 0.01294694 -0.6163999 -9.576828 0.5426471 0.4710485 0.552959 18.43646 nan 0 0.0
-0.03785173 0.01784269 0.358722 -3.838893 0.2748633 0.23493 0.5426441 16.66352 4.06557 1 0.0
-0.01887591 0.01371028 -1.572935 -6.739762 0.3343978 0.2438556 -0.2814161 17.56921 2.942287 0 0.0
0.02512986 0.04051688 -6.011447 -7.652692 0.4915091 0.3967028 -0.05271602 16.04266 5.567358 0 0.0
-0.02752614 0.00561567 0.2260057 -8.80671 0.4458643 0.3532254 0.2620006 18.73718 nan 0 0.0
0.03051073 -0.0139106 -7.69077 -8.395426 0.487405 0.3765791 0.4351662 18.47676 2.775667 0 0.0
0.02032907 -0.006134024 -6.983006 -4.524517 1.136577 0.879526 0.3749962 18.23856 2.842129 0 0.0
0.004836272 0.03607155 -1.531484 -3.893716 0.194336 0.1614737 0.3534074 17.26811 2.026775 1 0.0
-0.01613534 -0.004660894 -5.318895 -8.116786 0.375041 0.2962305 0.1482843 18.39902 nan 0 0.0
-0.02602676 0.03437311 0.006331456 -5.989156 1.71929 1.58595 0.8492024 19.3839 2.009193 0 0.0
0.01458167 0.005541719 -0.6977215 -7.213682 0.4899854 0.3809021 0.3757314 18.42553 2.790188 0 0.0
-0.01317941 0.001198854 -0.7944394 -7.232096 0.3202505 0.2589615 0.3159295 18.00583 2.73896 0 0.0
-0.003324948 0.04844457 -4.520412 -2.885303 2.12946 1.686756 0.6402976 20.09045 nan 0 0.0
-0.00707694 0.04491581 -1.000214 -2.047556 0.1099332 0.08721734 0.1581363 16.1337 2.162229 1 0.0
0.01537546 0.00417977 -7.88768 -3.848559 0.6468632 0.4959226 0.4568206 18.82524 2.452568 0 0.0
0.03560085 -0.01843437 -5.855577 -0.0735694 0.6501974 0.5184669 0.5705058 18.88078 2.913946 0 0.0
-0.002392969 0.01075158 -2.115451 -2.502781 0.3158602 0.2713062 0.5351742 17.4751 3.00816 1 0.0
-0.01356717 0.03962807 -2.534782 -3.391725 0.4091899 0.3198308 0.3629911 18.02309 nan 0 0.0
-0.004338293 0.04778841 -3.43163 -0.0006994225 0.3512529 0.3081524 0.5228621 16.4386 4.253543 1 0.0
0.005711782 0.01925442 -0.7360913 -2.706334 0.2265095 0.179812 0.3316225 17.36197 2.849989 0 0.0
-0.00603361 -0.005316059 -6.179105 -5.990223 0.9593799 0.774967 0.2684037 18.02592 2.580097 0 0.0
-0.005978837 -0.005739488 -10.00298 -4.694263 0.4489679 0.3616818 0.03595041 18.35902 nan 0 0.0
0.03420683 -0.01170674 -0.7714719 -10.51055 2.497348 1.95396 0.7223666 20.11468 2.508892 0 0.0
0.0451933 0.0125281 -4.632702 -6.758972 0.3288281 0.2665427 0.3339115 17.13324 4.098083 1 0.0
-0.005896692 -0.00609425 -7.328755 -2.023085 0.5960803 0.4897998 -0.007184052 18.31331 2.973141 0 0.0
0.02170122 0.01193213 0.106935 -3.515181 0.3130591 0.2563121 0.5934858 17.18448 3.343865 1 0.0
-0.01285555 0.04345047 -6.86712 -9.234572 0.4638057 0.3766969 0.3168921 18.57538 3.365149 0 0.0
0.04226133 0.006133864 -5.042361 -7.700163 0.4275691 0.3643537 0.3302686 18.34601 2.926226 0 0.0
-0.03503297 0.02281031 -4.825631 -3.440645 0.3431065 0.2717757 0.2701645 16.12719 4.010668 0 0.0
0.0008649934 -0.01601041 -2.232813 -4.455571 0.5618288 0.4215728 0.354243 18.54083 2.224449 0 0.0
-0.02545117 0.03206153 -12.01445 -10.82455 1.041223 0.8460881 0.1504743 18.23012 2.554012 0 0.0
0.002179434 0.01209626 -2.732373 -5.518718 0.5880338 0.4708276 0.2913719 18.88025 nan 0 0.0
0.01009193 0.008996404 -1.763609 -4.628415 0.3737962 0.2959671 0.1956474 18.36615 2.80048 0 0.0
-0.02531124 0.01820277 1.694126 -4.713059 0.3521148 0.3008985 0.3637986 17.12704 3.358171 0 0.0
-0.02246687 0.03520927 -3.478089 -1.703593 0.2927454 0.2304107 0.2470921 16.11992 4.598203 1 0.0
-0.003104447 -0.003835842 -5.16241 -5.828587 0.4572672 0.3185271 -0.3054319 17.37917 3.271106 0 0.0
0.009952967 -0.01520975 -4.090567 -2.34319 0.7124355 0.5658315 0.4253576 17.98349 2.814072 0 0.0
0.03620345 -0.01715664 -1.686294 -5.00163 0.4799059 0.3794606 0.5043511 18.24664 2.827681 0 0.0
0.03097579 -0.01498838 -1.683238 1.916058 0.1870863 0.1429938 0.3005106 15.87367 4.043389 1 0.0
-0.04028971 0.02088981 -9.11005 -5.719736 0.419382 0.3321686 0.3046156 18.4094 2.870771 0 0.0
-0.004828909 -0.009378655 -9.145208 -5.717706 0.2028111 0.1598737 0.1993987 14.77495 4.143048 1 0.9979781
-0.03388347 0.024718 1.143868 -0.006802956 0.4751635 0.4238773 0.8574377 16.34071 3.293048 1 0.0
-0.03224015 0.02345008 -3.512064 -7.409505 0.5794174 0.4583359 0.2597333 18.90315 2.754938 0 0.0
-0.02709369 0.02970749 -0.5682684 -1.918504 0.4135828 0.3252659 0.2876564 18.518 2.166594 0 0.0
-0.02706171 0.009899685 -8.48389 -7.775159 0.5313008 0.4249989 0.2799511 18.56188 2.65378 0 0.0
0.03662823 0.02792151 0.6591425 -1.764549 0.8229037 0.5504359 0.4168003 18.95838 2.255037 0 0.0
0.01786794 0.01122135 -0.7359378 -7.785306 0.463407 0.3619592 0.4588728 18.38126 2.862226 0 0.0
-0.009404943 0.0456824 -1.956206 -0.2564349 0.4442921 0.3582881 0.2603236 18.58184 2.635588 0 0.0
0.03564393 0.03286376 1.48117 -1.241132 0.935553 0.7023119 0.5926958 19.01414 2.47097 0 0.0
0.02421453 -0.01508786 -3.91428 -6.6729 0.2678944 0.2041176 0.3637475 17.51522 3.257471 0 0.0
-0.009893189 -0.01000077 -8.637274 -4.612409 0.9552264 0.8039353 0.5318576 19.37081 nan 0 0.0
0.008914527 0.007613672 -2.83847 -8.192882 2.298873 2.10688 0.8423685 19.64586 nan 0 0.0
0.02244209 0.02035485 -5.085326 -2.717922 0.4968164 0.4010769 0.3172391 18.62336 2.442408 0 0.0
0.02006425 0.04574972 1.723742 -7.030836 0.2870412 0.2608104 0.3081978 17.09892 3.740412 1 0.0
-0.009103726 0.04630422 -4.995747 -8.233971 0.6339044 0.5185667 0.3941801 19.06575 nan 0 0.0
-0.02153612 0.03712633 -4.199859 -5.082235 0.6430835 0.4964467 0.4637958 19.02862 2.831636 0 0.0
-0.01948211 0.03664604 -3.431566 -5.783751 0.3306209 0.2867508 0.5639649 16.78221 4.08641 1 0.0
0.002015144 0.01147066 1.179855 -1.978656 0.4294588 0.330429 0.3566116 17.99466 2.805273 0 0.0
0.002343512 0.002130363 -0.2245691 -5.598775 0.5910539 0.4721388 -0.01176554 18.3929 nan 0 0.0
-0.01888026 0.04051806 -3.724341 -8.044807 1.45327 1.361242 0.8471999 19.28769 2.572697 0 0.0
0.01365166 0.01277831 -21.73996 -12.94089 1.711063 1.523211 0.8408112 19.43843 nan 0 0.0
0.01236468 0.01163023 -8.190416 -7.049684 0.3756227 0.3023933 0.2482704 18.28672 3.167288 0 0.0
0.01148845 0.01080444 -6.118806 -5.481251 0.4094641 0.3243183 0.1674947 18.2333 2.876122 0 0.0
-0.01076971 -0.004221583 -2.262917 -7.649978 0.8163781 0.7890519 -0.09782035 18.40572 3.163628 0 0.0
0.02290435 0.003930576 -1.446871 0.2487356 0.4780937 0.4035065 0.6633773 18.06012 3.321827 0 0.0
-0.0295537 0.01179498 -5.236454 -2.093807 0.2752643 0.2330661 0.5384144 16.73766 3.733323 1 0.0
-0.02331666 0.03945105 -6.934466 -9.809355 2.53945 1.927054 0.6575425 20.23621 nan 0 0.0
0.02194467 -0.00377302 -2.06296 -5.536902 1.080144 0.87846 0.7942377 19.18589 2.687065 0 0.0
0.01430593 -0.01035218 -9.400702 -5.829777 0.5489355 0.4195333 0.4182222 18.45848 2.456102 0 0.0
0.007682427 0.006780249 -4.050802 -6.201558 0.3541048 0.30446 0.5002747 16.80988 3.810102 0 0.0
0.01326726 0.003336981 -8.908049 -6.16814 0.4128468 0.3182168 0.4358737 18.14033 2.53546 0 0.0
0.001330543 0.001926292 -1.50926 -5.593582 0.9318924 0.7945751 0.5909985 18.83138 nan 0 0.0
-0.02701192 0.03132113 -2.197152 0.08841694 1.375438 1.228079 0.8657461 19.21319 nan 0 0.0
-0.03763388 0.02153157 -4.136024 -10.15553 0.5432583 0.4840122 0.8528081 16.96659 3.546999 1 0.0
0.01334593 -0.0268411 1.312346 -6.447049 0.2863164 0.2074085 0.08582937 17.27485 3.028808 1 0.0
0.01082854 -0.01928201 -1.098508 -7.331565 0.6370572 0.4460459 0.1216721 18.64711 2.58272 0 0.0
-0.003624838 0.004058659 -8.939796 -5.523066 0.2280513 0.1864005 0.2575317 16.33786 3.12563 0 0.0
-0.0009965556 0.003932827 -12.06393 -8.385358 0.2703225 0.2140794 0.2056125 15.27086 3.353979 0 0.0
-0.004911226 -0.004822003 -9.365399 -7.105114 0.8807806 0.6121959 -0.4625805 18.24405 2.535442 0 0.0
0.03812578 0.001841851 -13.27079 -16.69125 1.193694 0.9568594 0.6193147 19.22884 2.860161 0 0.0
-0.01304564 0.02901373 -5.330852 -7.233856 0.7887236 0.6152919 0.2264513 18.26896 nan 0 0.0
0.02131933 0.01973898 -3.799183 -5.183671 0.4126956 0.3411826 0.3671498 18.00088 3.056889 0 0.0
-0.003323173 -0.01372736 -9.094384 -6.329425 0.4561501 0.3394609 0.3315747 18.09061 2.788042 0 0.0
0.04866646 0.002755354 -4.401295 -7.164609 0.2616878 0.2039673 0.2818622 17.27858 nan 0 0.0
0.04842169 0.006669336 -8.813025 -6.305208 0.4660067 0.4036043 0.5049598 16.3545 5.328231 0 0.0
0.03193554 -0.008881307 -0.4001083 -2.060767 0.1579792 0.1232485 0.3291949 16.17102 2.695305 1 0.0
0.001193531 -0.01025022 -3.445348 -9.232596 0.1882481 0.1455604 0.2686163 14.65945 4.164178 1 0.0
0.01324089 0.01212986 -9.95605 -4.0034 1.614213 1.457719 0.8768433 19.22176 2.854237 0 0.0
-0.00173588 0.01204096 -3.241349 -5.848689 0.5804102 0.5086893 0.5721885 18.53069 3.075809 0 0.0
-0.01400592 0.04432581 -8.149027 -8.044237 1.739672 1.575785 0.8806694 19.32186 nan 0 0.0
0.0008924665 -0.002992755 -3.865615 -5.468953 0.4011273 0.3179423 0.1588001 17.73404 nan 0 0.0
0.008341458 0.03393322 -6.225833 -12.73258 0.3362323 0.2939953 0.5512889 17.71266 2.963312 0 0.0
0.008530812 0.001992744 -9.195528 -4.955187 0.2144299 0.1656223 0.3043064 15.97757 3.203655 0 0.0
