scripts/get_globular_clusters/output/Pal_6.csv
# %ECSV 0.9
# ---
# datatype:
# - {name: x, unit: deg, datatype: float64}
# - {name: y, unit: deg, datatype: float64}
# - {name: pmx, unit: mas / yr, datatype: float64}
# - {name: pmy, unit: mas / yr, datatype: float64}
# - {name: pmx_e, unit: mas / yr, datatype: float64}
# - {name: pmy_e, unit: mas / yr, datatype: float64}
# - {name: pm_corr, datatype: float64}
# - {name: g_mag, unit: mag, datatype: float64}
# - {name: bp_rp, unit: mag, datatype: float64}
# - {name: filter, datatype: int64}
# - {name: memberprob, datatype: float64}
# meta: !!omap
# - comments: [deg deg mas/yr mas/yr mas/yr mas/yr dimless mag   mag   zeroone float]
# - __serialized_columns__:
#     bp_rp:
#       __class__: astropy.units.quantity.Quantity
#       unit: &id001 !astropy.units.Unit {unit: mag}
#       value: !astropy.table.SerializedColumn {name: bp_rp}
#     g_mag:
#       __class__: astropy.units.quantity.Quantity
#       unit: *id001
#       value: !astropy.table.SerializedColumn {name: g_mag}
#     pm_corr:
#       __class__: astropy.units.quantity.Quantity
#       unit: !astropy.units.Unit {unit: ''}
#       value: !astropy.table.SerializedColumn {name: pm_corr}
#     pmx:
#       __class__: astropy.units.quantity.Quantity
#       unit: !astropy.units.Unit {unit: mas / yr}
#       value: !astropy.table.SerializedColumn {name: pmx}
#     pmx_e:
#       __class__: astropy.units.quantity.Quantity
#       unit: !astropy.units.Unit {unit: mas / yr}
#       value: !astropy.table.SerializedColumn {name: pmx_e}
#     pmy:
#       __class__: astropy.units.quantity.Quantity
#       unit: !astropy.units.Unit {unit: mas / yr}
#       value: !astropy.table.SerializedColumn {name: pmy}
#     pmy_e:
#       __class__: astropy.units.quantity.Quantity
#       unit: !astropy.units.Unit {unit: mas / yr}
#       value: !astropy.table.SerializedColumn {name: pmy_e}
#     x:
#       __class__: astropy.units.quantity.Quantity
#       unit: &id002 !astropy.units.Unit {unit: deg}
#       value: !astropy.table.SerializedColumn {name: x}
#     y:
#       __class__: astropy.units.quantity.Quantity
#       unit: *id002
#       value: !astropy.table.SerializedColumn {name: y}
# schema: astropy-2.0
x y pmx pmy pmx_e pmy_e pm_corr g_mag bp_rp filter memberprob
[from data line 2015]
0.005875693 0.01176807 -1.790181 -8.556221 0.7607289 0.6066421 0.1748509 17.51633 2.949425 0 0.0
0.04680469 0.002513884 -1.053788 -10.15472 0.3881199 0.3120938 0.3990251 17.77733 3.333632 0 0.0
-0.02503881 0.02463822 -2.445013 -4.481512 0.5011724 0.4177831 0.2245691 18.81493 nan 0 0.0
-0.01871561 0.03845243 -2.611318 -7.986678 0.3695478 0.2943608 0.3100011 18.22003 2.866491 0 0.0
0.02522968 -0.004334447 -7.446402 -8.847487 0.9192142 0.6995489 0.6020923 19.00674 2.656279 0 0.0
0.03716321 -0.01180492 -5.791116 -0.08543061 0.7865169 0.6491995 0.5348123 18.78957 2.771889 0 0.0
0.03721809 -0.01139676 3.14971 0.1325192 2.471792 1.975979 0.6226957 20.11948 nan 0 0.0
0.001495124 0.02657114 -5.009461 -11.69232 0.4179542 0.3379277 0.2918883 18.39187 2.998217 0 0.0
-0.01197854 0.03745959 -6.593443 -4.809099 0.5662814 0.4532582 0.2802576 18.87063 nan 0 0.0
0.008505705 0.03307681 -9.134331 -4.846827 0.5149667 0.4519339 0.5911972 18.48613 2.888332 0 0.0
-0.0113213 0.03758363 -7.571669 -10.43083 0.4744935 0.3921125 0.2547271 18.58017 nan 0 0.0
0.04781734 0.001744811 3.824996 -2.940956 2.327817 1.916074 0.6020259 20.05255 2.303795 0 0.0
-0.01674039 0.0146452 -9.167497 -4.85147 0.2665898 0.2289034 0.4562534 16.87225 2.788238 0 0.0
-0.02408216 0.0330956 -0.4989677 -5.011862 0.4001813 0.31791 0.3020585 18.54029 2.76968 0 0.0
0.0146605 -0.02066908 -3.197577 -1.632087 1.015294 0.8638744 0.0695231 18.8376 2.413916 0 0.0
0.01253107 0.03128735 -2.287433 -6.45593 0.4414459 0.3544226 0.2443699 18.42937 2.642754 0 0.0
-0.03467713 0.0232472 -2.439808 3.019848 1.849031 1.613557 0.8578374 19.32741 nan 0 0.0
0.02345235 0.006108659 -7.647424 -4.449902 0.563134 0.4261748 0.3501639 18.35459 2.993893 0 0.0
-0.03558046 0.02230469 -4.630797 -2.704506 0.6628796 0.5313838 0.3319527 18.73729 2.896444 0 0.0
0.01814457 0.02943267 -2.324651 -4.621746 1.693462 1.521915 0.8779949 19.60317 2.403738 0 0.0
0.007352172 -0.02031171 -8.814219 -9.382526 0.6652366 0.5711879 0.4829887 18.59272 nan 0 0.0
-0.01520905 0.02967913 -3.217539 -7.930051 0.3371691 0.2605151 0.2341202 14.89998 5.733038 0 0.0
0.01055499 -0.01732314 -9.189934 -4.785371 0.692436 0.5341774 0.408004 18.75649 2.551107 0 0.0
-0.01046998 0.01133478 0.2726981 -3.049925 0.1270214 0.1000472 0.1242955 14.99828 3.052434 1 0.0
0.006862794 0.03602949 -0.5776055 -12.25102 0.4409977 0.3552241 0.2391288 18.48964 3.063686 0 0.0
0.007680669 -0.01983489 -8.061767 -7.074021 0.7149131 0.5045579 0.1660267 18.60589 2.720242 0 0.0
0.006968966 -0.02022395 -7.353797 0.9174488 0.6087762 0.451854 0.09133758 18.11903 2.287773 0 0.0
0.04440125 0.01768779 -0.3591567 -8.588486 0.645936 0.4899481 0.2845387 18.72193 2.819008 0 0.0
-0.02197017 0.01529474 -1.870811 -10.77901 0.5582286 0.4516611 -0.3088384 18.41045 2.628853 0 0.0
0.04486713 0.01871567 -3.064783 -7.658862 0.4869644 0.3629008 0.2183787 18.30922 2.825073 0 0.0
0.009191385 0.04652928 -3.724083 -1.317799 0.2571246 0.2143899 0.005094413 17.61712 2.965065 0 0.0
-0.002996269 0.04773696 2.212666 -3.523044 0.5132129 0.4109027 0.309323 18.91971 nan 0 0.0
0.01047748 0.03382814 -5.127092 -7.175249 0.4999123 0.4468934 0.4887022 16.58196 3.750494 0 0.0
-0.01071791 0.02784286 -6.672656 -8.092928 0.4235442 0.3362774 0.2190566 18.41916 2.875032 0 0.0
0.04303252 0.01858094 -2.81672 -4.88084 0.2934385 0.2468232 0.4551305 16.98781 3.670303 1 0.0
0.02706297 -0.008222036 -9.529695 -5.227629 0.1793142 0.1370825 0.2914316 15.38811 3.626318 1 0.9975343
0.02569495 -0.004897217 -8.410936 -4.892215 0.5324321 0.4087473 0.4160425 18.52388 2.822176 0 0.0
-0.0170415 0.01411492 -8.734889 -7.017546 0.5042568 0.4102821 0.05714461 18.26358 2.194263 0 0.0
-0.01871531 0.03661374 -6.563136 -8.25929 2.089208 1.850704 0.8672709 19.85578 2.569298 0 0.0
0.03831952 0.008202795 -2.828673 -3.708575 0.6019034 0.4596023 0.2694832 18.66124 nan 0 0.0
-0.01400581 0.04345034 -8.944939 -5.110648 0.3986769 0.3221402 0.3279693 18.51435 2.874949 0 0.0
-0.02057095 -0.0006065704 -1.651827 -3.868794 0.4805144 0.3856782 0.2614677 18.65611 2.731771 0 0.0
-0.01874021 0.02118329 -3.122492 -2.471717 0.3109246 0.2449121 0.2504948 18.21365 2.681252 0 0.0
-0.000613306 0.01170527 2.058323 -0.6095294 0.6045824 0.4337731 0.838581 17.79902 2.502552 0 0.0
-0.011785 0.01927495 2.298349 -6.148732 0.8717264 0.7266593 0.2146782 18.45585 2.471443 0 0.0
-0.02111847 -0.0007249242 -3.520412 -5.866326 1.447074 1.246868 0.8608604 19.05781 nan 0 0.0
-0.02922717 0.01985743 0.6606415 -2.239751 2.095905 1.856606 0.8751098 19.31509 nan 0 0.0
-0.02717634 0.03182463 -4.854026 -2.621316 0.7161233 0.6390747 0.857965 16.56673 4.629953 0 0.0
0.0469669 -0.002578802 -2.341216 -2.612183 0.6636016 0.5155138 0.3965677 18.86001 2.78809 0 0.0
0.01509949 -0.01268497 -10.24978 -5.87171 0.3828492 0.2943389 0.4412518 18.17261 nan 0 0.0
0.02607877 -0.002391046 -2.870372 -5.987002 0.3381937 0.2679145 0.5225682 18.01567 3.119732 0 0.0
0.006232941 0.03626985 -2.60842 -7.50634 1.640119 1.487172 0.8763801 19.32034 2.335543 0 0.0
0.03988063 0.009701447 -0.6092588 -6.334869 0.7662609 0.5785051 0.3240245 18.87191 2.611738 0 0.0
0.04376278 -0.005451927 -1.091164 -5.92141 0.2742981 0.225007 0.4483505 17.38858 3.084991 1 0.0
-0.02440645 0.01247138 -0.9771162 -4.438548 0.3744193 0.2971058 0.2199927 18.22184 2.110661 0 0.0
0.01403886 0.04496096 4.141429 -1.806804 2.811839 2.384776 0.3401823 20.33474 nan 0 0.0
0.0466189 0.01713951 -2.931789 -6.220713 0.8526961 0.6044148 0.5059581 18.76881 2.725201 0 0.0
0.04530498 0.01808607 -0.7318114 -4.091791 0.4808747 0.3598664 0.1915596 18.17472 2.948849 0 0.0
-0.005432218 0.01340078 3.503298 -1.583277 0.7086005 0.5578331 0.3019936 18.95063 2.694698 0 0.0
0.0355867 0.02480713 -2.900474 -10.8766 0.4435324 0.3373825 0.2667547 18.01412 3.085989 0 0.0
-0.03254245 0.02738867 -3.293979 -5.324958 0.5488883 0.4217312 0.241231 18.49719 nan 0 0.0
0.01376362 0.03339292 -1.5953 -7.844055 0.2545123 0.2051075 0.235185 17.82559 2.7726 0 0.0
-0.009922416 0.01172393 -6.706701 -8.43249 0.582482 0.4672027 0.01660417 18.48947 2.559494 0 0.0
0.03476545 0.0255913 -2.440964 -6.349946 0.2175278 0.1816352 0.4179582 16.66292 3.298673 1 0.0
0.03454689 0.02729272 -1.471536 -9.218459 1.214022 0.9153836 0.1411425 18.63111 2.923059 0 0.0
7.120156e-05 0.03503215 -4.916386 -3.281957 3.375685 2.276473 -0.003734336 20.26716 2.2764 0 0.0
-0.03629027 0.01549143 -5.172085 -4.278792 0.466941 0.374885 0.3332941 18.7608 nan 0 0.0
-0.02884628 0.02975094 -3.241978 -2.114273 1.625966 1.332345 0.7413074 19.37614 2.900854 0 0.0
-0.02879161 0.03014959 8.165924 4.273891 1.855702 1.726549 0.830766 19.3996 2.614677 0 0.0
-0.008938095 0.02930785 0.1019809 -7.119337 2.081943 1.796408 0.8813938 19.81555 nan 0 0.0
0.03098654 0.02537112 0.8823719 -4.152054 3.003057 2.249551 0.7230546 20.32123 2.820992 0 0.0
-0.0004217154 0.03034579 1.951583 -2.211098 0.1845675 0.1467336 0.1802618 17.2606 2.110264 1 0.0
0.03346703 -0.01410406 -10.1745 -9.344433 0.6718506 0.5154767 0.3934993 18.71111 2.956219 0 0.0
0.04935009 0.0008286434 -2.205982 -8.20436 0.6132063 0.4748361 0.3670837 18.77135 nan 0 0.0
-0.03527672 0.01393343 -5.496544 -12.94923 0.4552287 0.3627146 0.3851896 18.67058 2.902763 0 0.0
0.01579023 0.03442454 0.723118 -1.852165 0.221838 0.1790401 0.2239719 17.34297 3.154064 0 0.0
0.03837922 0.02318881 -5.918955 -3.299047 0.6858573 0.5107406 0.1486737 18.6388 nan 0 0.0
-0.009513876 0.03811213 -3.423072 -5.652877 0.5187875 0.4234698 -0.2657745 18.1198 nan 0 0.0
0.04792587 -0.0006432344 -7.703942 -5.222634 1.145923 0.8754874 0.5975649 19.05583 2.8843 0 0.0
0.004669655 -0.02134345 -0.9431408 -6.170678 0.8194121 0.6665249 0.1609084 18.62845 nan 0 0.0
0.004998135 -0.02094864 -0.9405296 -1.374614 0.5931975 0.4598793 0.2450626 18.62672 nan 0 0.0
0.00417695 -0.0216219 8.155589 -1.097673 1.082215 0.8648078 0.585911 18.99103 nan 0 0.0
-0.005240599 0.01433539 -9.259539 -5.544253 0.5568757 0.4255735 0.4515469 18.07677 2.249352 0 0.0
-0.005214482 0.04255461 1.281136 0.4286746 0.2021594 0.1605795 0.2858511 17.29298 3.600971 1 0.0
0.007464026 0.01655733 -9.875596 -5.358034 0.4175833 0.3226125 0.4923135 18.04599 2.892883 0 0.0
0.01496813 0.03013502 -3.006544 -2.789241 0.676542 0.5544657 0.4909484 19.06035 2.251745 0 0.0
0.003932631 0.03841572 -2.549662 -3.373059 0.4971297 0.4027961 0.2965331 18.73592 2.691181 0 0.0
0.001604317 0.001903401 -8.786861 -6.131123 0.3823225 0.3096043 0.2996436 17.98201 nan 0 0.0
0.007354913 0.02305568 -10.5575 -4.537671 0.4989683 0.4033276 0.257144 18.1934 2.794392 0 0.0
0.01220139 0.02105255 -6.959781 -8.743296 0.4041319 0.3260354 0.1424521 18.20336 2.990702 0 0.0
-0.008908227 -0.003147588 1.749328 2.520104 0.4970403 0.3918788 0.2821018 18.82803 1.928249 0 0.0
-0.02785531 0.008234382 -3.587189 -8.926432 1.51169 1.288779 0.4379516 19.84349 nan 0 0.0
0.0005640148 0.01013171 -11.02921 -7.135355 0.4202124 0.3732781 -0.1348357 18.30783 2.315355 0 0.0
0.02956094 0.01873392 -7.227721 -6.909342 0.2995477 0.2360457 0.3651227 17.83723 2.916935 0 0.0
0.01600895 0.0317752 -3.965438 -4.764763 0.569154 0.4592227 0.3045366 18.87426 2.436884 0 0.0
-0.004119068 0.04441241 -1.838073 -4.896586 0.299745 0.2420685 0.1674861 17.86353 2.203388 0 0.0
0.02771996 -0.008252708 -6.608926 -3.719866 0.3476824 0.267222 0.3879087 17.8004 nan 0 0.0
0.01800048 -0.0169216 -9.746523 -4.728411 0.4545649 0.3488163 0.4244216 18.3315 2.593655 0 0.0
-0.02552858 0.01044553 -3.125418 -0.1175154 2.874181 2.20278 0.7026408 20.1444 nan 0 0.0
0.008177717 0.04202992 -8.875732 -7.685392 2.31853 1.867908 0.8113098 19.90046 2.412617 0 0.0
0.01520932 -0.01015203 -0.4224119 -1.818619 0.6326158 0.4870119 0.4370906 18.79335 2.679264 0 0.0
0.01765227 0.0334458 -4.121111 -5.328561 0.7213813 0.5913658 0.2959686 18.96085 nan 0 0.0
0.009815279 -0.0249353 -2.215506 -4.741164 2.156122 1.799769 0.7956241 19.9337 nan 0 0.0
0.0208544 0.02285567 -1.833869 -5.920361 0.4811064 0.3869097 0.2461139 18.65294 2.247486 0 0.0
-0.02024218 -0.002040839 -0.9150345 -1.871918 0.547178 0.4325705 0.2792231 18.12015 2.492191 0 0.0
-0.001626408 0.01542078 -1.503037 -6.170919 0.4628208 0.3951864 0.5385677 18.37847 2.405184 0 0.0
0.01212 0.02833291 -3.991351 -0.3059186 0.6707851 0.5682447 0.4502215 18.21685 nan 0 0.0
0.01641625 0.00721422 -5.160334 -4.373911 0.5234517 0.4071345 0.4897254 18.66616 nan 0 0.0
0.01346397 0.04712014 -5.681867 -1.463531 0.5986157 0.5029154 0.05538917 18.7806 nan 0 0.0
-0.02853966 0.007734491 4.450358 3.968205 2.092748 1.651917 0.6705749 20.01195 2.467136 0 0.0
-0.00655466 0.01086395 -9.156041 -5.106957 0.3952474 0.3258628 0.3475427 18.11417 2.772305 0 0.0
0.006668537 -0.008625344 -0.8122729 -4.404336 1.175442 0.8879865 0.6429264 19.04666 nan 0 0.0
-0.02230226 0.03369105 -0.6463648 -7.718318 0.5355361 0.4280586 0.0877187 18.68428 nan 0 0.0
-0.03659444 0.02495369 -13.96483 -9.945735 0.581517 0.4623177 0.3164718 18.69673 2.603165 0 0.0
-0.0143044 0.02174468 -4.103913 -6.659024 0.5162671 0.4127658 0.2238703 18.80094 2.511635 0 0.0
-0.00638901 -0.01413375 -8.971271 -5.508288 0.7147924 0.5371448 0.6418459 18.94033 2.519228 0 0.0
0.02186903 0.0307481 -7.53443 -0.5293717 0.7082225 0.62994 -0.2490181 18.88783 2.65271 0 0.0
-0.006830582 0.04713789 -2.450676 -4.462357 0.2861782 0.229746 0.1985391 15.21689 4.722507 0 0.0
0.01077738 0.01950393 -0.8235404 -3.246293 0.5361662 0.4328647 0.2355222 18.96249 2.783459 0 0.0
-0.01192488 0.0482609 -3.524875 -12.62586 0.4792812 0.3851137 0.2967579 18.68486 2.167366 0 0.0
-0.001106488 0.04822527 -0.7359085 -6.170869 0.2930494 0.2475547 0.4990476 17.18079 4.010988 1 0.0
0.00508181 0.01471687 -4.140756 -6.292755 0.487957 0.3849224 0.1321228 18.51694 nan 0 0.0
0.005055683 0.04361129 -5.195857 -3.333409 2.959358 2.360753 0.6972645 20.38267 nan 0 0.0
0.02485051 0.0148383 -9.596316 -8.811722 1.353733 1.066835 0.8382303 18.91303 2.849295 0 0.0
0.04337769 -0.01037274 -1.628236 -4.580233 0.493317 0.3892562 0.4528038 18.44432 2.871029 0 0.0
0.001029317 -0.006422169 -6.68352 -3.222699 0.5179155 0.4090875 0.3088173 18.19427 2.76333 0 0.0
0.01836329 0.02720676 -0.3787929 -7.232528 0.7583399 0.6632178 -0.3723777 18.73465 2.535248 0 0.0
0.01365264 0.02110007 -2.666149 -0.5666432 0.2760878 0.2228933 0.1890583 16.04001 4.774525 1 0.0
-0.04048101 0.01979684 -4.486052 -6.021697 0.437968 0.3518034 0.5289861 18.18978 3.234661 0 0.0
-0.001078722 0.007417552 -0.4792083 -5.032393 0.4762553 0.3774236 0.0851148 18.27294 2.73502 0 0.0
0.002097961 0.04913888 -1.446262 -8.31224 0.3007074 0.2390829 0.2741186 17.82775 2.879524 1 0.0
0.01354413 0.02990059 -8.125587 -1.140427 0.4656722 0.3762073 0.3517833 18.85489 2.509073 0 0.0
0.01706968 -0.01771492 -3.655786 -9.484026 0.5021617 0.42158 0.4666349 18.63229 nan 0 0.0
0.01693286 -0.01740591 -2.192975 -5.180965 1.005787 0.7795809 0.3140204 18.17887 2.91221 0 0.0
0.001522069 -0.006956232 -9.192705 -6.450751 0.4300543 0.3248261 0.4410061 18.39482 nan 0 0.0
0.01501796 -0.0081531 -7.805159 -6.033584 2.24496 1.864526 0.6413077 20.09753 nan 0 0.0
0.02848679 -0.006896768 -1.296556 -2.651176 0.5878404 0.459307 0.4525117 18.69593 2.690094 0 0.0
-0.00140706 -0.009613168 -8.980374 -7.578498 0.8690201 0.645963 -0.1657341 18.11609 2.827238 0 0.0
0.005740199 0.04026196 -0.5620201 -3.038778 1.821986 1.633527 0.8558524 19.46064 2.397097 0 0.0
0.01493997 0.02407919 -2.274927 -4.046207 0.7276598 0.5951251 0.1805182 17.71255 2.366371 0 0.0
0.01625438 0.02440708 -4.140736 -6.871183 0.2563446 0.2063889 0.1051125 17.33694 3.489291 1 0.0
-0.02629516 0.01024509 -2.480495 -6.380818 0.9301391 0.7205937 0.5931351 19.0828 2.695475 0 0.0
0.04693542 -0.01272779 -7.590141 -7.625935 0.2351186 0.1853825 0.4783518 16.27637 3.919939 1 0.0
-0.002475039 0.007558674 -9.674946 -5.528334 0.7272624 0.5846139 0.4594394 18.7901 2.708841 0 0.0
0.01368014 0.02213004 -4.206103 -1.142622 0.2320858 0.1859652 0.1821954 14.75711 4.513326 1 0.0
0.02093455 0.01177206 -10.0086 -5.471554 0.4933645 0.3912658 0.4539546 18.56398 2.769495 0 0.0
0.02383746 0.01494533 -2.796421 -7.196521 0.7073005 0.5571233 0.4126517 18.55803 2.674051 0 0.0
-0.02865519 0.03217904 -9.282509 -8.131975 2.077901 1.848054 0.8699547 19.81875 nan 0 0.0
0.001330244 -0.02422346 -6.949922 -1.675096 0.465906 0.3700599 0.4411571 18.33161 2.46158 0 0.0
-0.001160946 0.01627909 -5.800529 -9.590677 0.3888562 0.3360285 0.527656 17.99624 2.936319 0 0.0
0.01945161 -0.01478179 -1.46264 -4.444043 0.476531 0.3935771 0.3644725 18.46627 2.873638 0 0.0
0.0009196788 -0.02372182 -9.14174 -4.868519 0.4764003 0.3866899 0.3889434 18.33182 2.477217 0 0.0
0.02841095 0.0188372 -0.262488 -1.438161 0.5997546 0.4963449 0.4855778 18.84855 2.132671 0 0.0
0.03593079 -0.01367373 0.1265481 -3.491654 0.437206 0.3547189 0.5610318 18.24066 2.177988 0 0.0
0.01526952 0.03139574 -0.9518174 0.1699652 1.821872 1.643506 0.8765632 19.62312 nan 0 0.0
0.01181837 0.02434277 -1.458718 -1.7893 0.2792717 0.2246346 0.1947838 14.96435 5.183808 0 0.0
0.002590211 0.01570114 -12.98975 -8.722223 1.026835 0.6613627 0.8485871 18.36097 2.688253 0 0.0
0.002178765 -0.02359404 -5.404013 -10.28462 1.408902 1.091354 0.3043147 18.02124 nan 0 0.0
0.01318148 -0.02885715 0.4451388 -4.272778 1.244469 1.18784 0.05791174 18.68268 2.910973 0 0.0
-0.004938267 -0.01269554 -9.743615 -4.304848 1.210695 0.9133934 0.6206996 18.90122 2.96269 0 0.0
-0.006364037 0.02977914 1.799982 -1.658551 0.2759015 0.2181878 0.1907927 17.7924 2.906969 0 0.0
-0.03054403 0.02955405 -5.041788 -4.151117 0.6491097 0.443724 -0.08719254 18.84021 3.112209 0 0.0
0.04033792 -0.01380869 0.6288246 0.4678244 0.5804249 0.4577958 0.4387118 18.58997 2.027851 0 0.0
-0.01263267 0.008565095 -9.239032 -5.451948 0.2151363 0.1991057 0.4082626 17.10942 2.944606 1 0.9990749
0.04239121 -0.01308654 -5.027497 -5.494767 0.4949548 0.386809 0.5596809 18.18143 2.992413 0 0.0
0.004643764 0.0157583 0.3244167 -3.111166 0.6561283 0.4361728 0.8666725 17.19485 2.862174 0 0.0
0.02480106 0.03975782 1.300926 -3.599401 0.9834202 0.9029356 0.3589023 16.77878 2.18796 0 0.0
0.01532099 0.006365599 -5.042076 -5.37995 0.4985764 0.3814607 0.4585726 18.57701 3.015028 0 0.0
