scripts/get_globular_clusters/output/Pyxis.csv
# %ECSV 0.9
# ---
# datatype:
# - {name: x, unit: deg, datatype: float64}
# - {name: y, unit: deg, datatype: float64}
# - {name: pmx, unit: mas / yr, datatype: float64}
# - {name: pmy, unit: mas / yr, datatype: float64}
# - {name: pmx_e, unit: mas / yr, datatype: float64}
# - {name: pmy_e, unit: mas / yr, datatype: float64}
# - {name: pm_corr, datatype: float64}
# - {name: g_mag, unit: mag, datatype: float64}
# - {name: bp_rp, unit: mag, datatype: float64}
# - {name: filter, datatype: int64}
# - {name: memberprob, datatype: float64}
# meta: !!omap
# - comments: [deg deg mas/yr mas/yr mas/yr mas/yr dimless mag   mag   zeroone float]
# - __serialized_columns__:
#     bp_rp:
#       __class__: astropy.units.quantity.Quantity
#       unit: &id001 !astropy.units.Unit {unit: mag}
#       value: !astropy.table.SerializedColumn {name: bp_rp}
#     g_mag:
#       __class__: astropy.units.quantity.Quantity
#       unit: *id001
#       value: !astropy.table.SerializedColumn {name: g_mag}
#     pm_corr:
#       __class__: astropy.units.quantity.Quantity
#       unit: !astropy.units.Unit {unit: ''}
#       value: !astropy.table.SerializedColumn {name: pm_corr}
#     pmx:
#       __class__: astropy.units.quantity.Quantity
#       unit: !astropy.units.Unit {unit: mas / yr}
#       value: !astropy.table.SerializedColumn {name: pmx}
#     pmx_e:
#       __class__: astropy.units.quantity.Quantity
#       unit: !astropy.units.Unit {unit: mas / yr}
#       value: !astropy.table.SerializedColumn {name: pmx_e}
#     pmy:
#       __class__: astropy.units.quantity.Quantity
#       unit: !astropy.units.Unit {unit: mas / yr}
#       value: !astropy.table.SerializedColumn {name: pmy}
#     pmy_e:
#       __class__: astropy.units.quantity.Quantity
#       unit: !astropy.units.Unit {unit: mas / yr}
#       value: !astropy.table.SerializedColumn {name: pmy_e}
#     x:
#       __class__: astropy.units.quantity.Quantity
#       unit: &id002 !astropy.units.Unit {unit: deg}
#       value: !astropy.table.SerializedColumn {name: x}
#     y:
#       __class__: astropy.units.quantity.Quantity
#       unit: *id002
#       value: !astropy.table.SerializedColumn {name: y}
# schema: astropy-2.0
x y pmx pmy pmx_e pmy_e pm_corr g_mag bp_rp filter memberprob
[from data line 329]
-0.0277948 -0.03734786 -4.276724 3.57093 0.6306672 0.7728419 0.2136792 19.86954 1.989328 1 0.0
-0.03005366 -0.007010444 1.211288 -0.2414717 0.1940348 0.3523248 -0.2542319 17.83579 1.485565 1 0.976737
0.002822454 -0.02357937 1.361851 0.01408839 0.1787304 0.2185269 0.2285099 18.05189 1.488964 1 0.9752491
0.01259733 0.02896327 -2.286269 0.9054218 0.2203795 0.2423255 0.3024068 18.21153 1.194199 1 0.0
0.01580704 0.03225475 -3.032425 3.05872 0.1955244 0.2190118 0.3421731 18.07198 1.224258 1 0.0
0.01654858 -0.02298604 -1.832828 1.40095 0.5905973 0.7511414 0.09262473 19.80775 1.047247 1 3.493292e-05
-0.003944391 -0.004051983 1.745787 4.161628 2.580851 4.287767 -0.11476 20.95433 0.5088997 0 0.0
-0.02542226 0.02187996 -1.707492 8.021544 0.7815348 1.275984 0.2398624 20.1796 1.261475 1 0.0
0.002069707 -0.01044153 1.612003 -3.06114 0.8324895 1.649332 -0.05798129 20.19256 0.9887981 0 0.0
0.01545147 -0.04191052 -3.140112 -9.220834 0.9502573 1.642011 0.3047944 20.43056 1.635141 0 0.0
-0.03461065 0.02142617 -4.856011 5.337189 0.4597489 0.5821179 0.1399229 19.37405 1.43564 1 0.0
-0.006592364 -0.01248646 -4.012608 -1.527406 0.2428335 0.2960159 0.2460271 18.39273 1.344702 1 0.0
0.02262837 -0.04248453 -3.946412 3.52225 0.3306685 0.4268393 0.1977482 19.07246 1.333017 1 0.0
-0.03741686 -0.005892216 -1.104983 0.1000449 0.3104211 0.379997 0.1862133 18.87594 1.451769 1 0.0
0.04452398 -0.0009522282 -4.926792 1.852375 0.4189495 0.5031204 0.1832768 19.13126 1.202234 1 0.0
-0.004430012 -0.01054462 -4.424696 3.446537 0.200688 0.3101692 -0.08276903 17.90056 1.090061 1 0.0
-0.003493127 -0.04098204 1.315896 0.8182773 0.7211633 1.535593 0.02740876 20.11394 1.127052 1 0.7976955
-0.03109945 -0.03422492 -6.024804 5.387991 0.92154 1.560832 0.198508 20.34374 2.146166 0 0.0
0.006787435 0.03303049 -5.492093 4.723299 1.245201 2.145273 0.1462629 20.63889 1.261911 0 0.0
0.0063373 0.02871992 -1.010317 2.039312 0.3294819 0.3865584 0.3049626 18.90428 1.318115 1 0.0
0.03817289 -0.01773723 -0.1499405 -0.03295445 0.5735431 0.6800883 0.1376591 19.7862 1.317055 1 0.3922949
-0.0004088195 0.01291208 -3.80432 -2.40931 2.448041 4.025833 0.05800379 20.90288 1.159924 0 0.0
-0.004991859 0.03471672 -3.94736 2.771919 1.497236 2.32429 0.4228145 20.67213 nan 0 0.0
-0.03293187 0.01797844 -0.7539157 -1.990669 1.121758 1.886914 0.1439599 20.52871 1.028452 0 0.0
0.01878719 0.04011616 -5.088661 3.888666 0.3996589 0.4520393 0.1606932 19.18308 1.968437 1 0.0
0.01743475 0.02716177 -5.655953 4.353696 0.3332176 0.3741767 0.2425979 18.97778 1.313065 1 0.0
0.0193917 0.02708119 -5.140122 1.802421 1.557206 2.733935 0.199201 20.84408 1.295946 0 0.0
0.0120865 0.02701023 -2.164214 1.699049 0.3077389 0.3388589 0.319614 18.8504 1.616436 1 0.0
-0.007348345 0.01587574 -0.2888439 -1.905164 0.6048421 0.7774758 0.253366 19.71215 1.362268 1 0.4006676
0.04118325 -0.02195406 -6.245234 4.668293 0.4855833 0.5645414 0.1106628 19.47976 1.999432 1 0.0
0.01359118 0.01291848 -10.44327 7.129889 0.469484 0.7163006 0.1562405 19.14377 2.364956 0 0.0
0.01500608 0.03894208 -5.556947 4.166593 0.6175664 0.7147012 0.1655612 19.7907 1.197325 1 0.0
-0.000566829 0.01602487 1.293269 0.5488267 0.3363859 0.4234328 0.2498596 18.97924 1.260429 1 0.987902
0.005130137 -0.02692116 -3.401797 7.319818 0.7743413 1.289218 -0.02776217 20.13019 1.21203 1 0.0
0.03586561 -0.01604237 -5.456662 0.5531955 0.4411173 0.5279118 0.1279217 19.36492 1.231741 1 0.0
-0.01671136 -0.0163752 -2.791172 2.148916 0.4224259 0.5526399 0.1132119 19.23083 1.025454 1 0.0
-0.02871338 -0.01706928 -0.525228 -0.1707426 1.285232 2.181297 0.2844183 20.65018 1.250887 0 0.0
-0.02486238 -0.01738072 1.222505 -0.2412711 0.708816 0.8393712 0.1337305 19.85815 1.381176 1 0.9089312
0.01865128 -0.0178672 -6.04304 5.280634 0.1640149 0.2312549 -0.03256751 17.75907 1.104736 1 0.0
0.0350503 0.007109411 -5.163272 3.082036 0.4442711 0.531535 0.115125 19.39492 1.526272 1 0.0
-0.01083165 -0.01672127 3.15426 0.2397875 0.7278632 0.9706888 0.2277837 19.97915 1.009623 0 0.0
-0.02662062 -0.02644885 -19.63033 7.992768 0.2622351 0.3174057 0.2204895 18.65497 1.169783 1 0.0
-0.002255145 -0.01707148 1.416523 1.007247 0.5293524 0.763757 0.1514235 19.50614 1.197512 1 0.9654567
0.02640076 0.01449056 -5.252254 2.625952 0.4290418 0.4776642 0.2196205 18.95391 1.340143 0 0.0
0.002227414 -0.01823114 -4.235893 4.599882 0.6541466 0.8548679 0.1898841 19.91167 1.163103 0 0.0
0.008591804 -0.02732584 1.973377 2.316343 0.8460103 1.36253 0.2257957 20.31107 1.085764 1 0.8651616
0.0008668672 -0.01798316 -7.567971 4.925041 0.887167 1.467815 0.2129469 20.33576 1.673855 0 0.0
0.002873068 0.0296471 -5.44877 6.436947 0.8582371 1.423898 0.1781235 20.24198 1.355072 1 0.0
-0.01114912 -0.005704468 -1.404335 0.9556729 0.2542926 0.3025323 0.2777077 18.58346 1.278164 1 0.0
-0.01727484 0.004018041 -7.660953 -1.388857 1.483949 3.093395 0.1100628 20.67057 nan 0 0.0
-0.005198527 0.03488074 -5.262614 3.479991 0.9114099 1.354127 0.3267462 20.28676 1.455078 0 0.0
-0.01539308 0.01234212 -1.70082 0.5148843 0.9033883 1.523071 0.185956 20.31478 nan 0 0.0
0.03651002 -0.01488683 -3.793863 2.283827 1.112835 1.859431 0.2711082 20.59594 1.364244 0 0.0
-0.01796769 0.004941036 -5.373008 1.547613 0.7205004 0.7762976 0.2132249 19.62902 1.687206 1 0.0
0.0005996053 -0.01927252 -1.491566 -0.58178 0.6298902 0.8061495 0.07561431 19.77708 1.244957 1 0.01171221
-0.02273643 -0.01760511 -5.512388 -0.5202199 0.5259134 0.6690893 0.1318741 19.4727 1.303843 1 0.0
-0.01580372 0.0001540756 -9.818586 4.346017 1.985799 4.123879 -0.1791064 20.79259 1.492756 0 0.0
-0.02411701 -0.03096842 -4.576111 1.617771 1.635579 3.411223 0.1532659 20.82224 1.33045 0 0.0
-0.0406472 0.01389676 0.02898277 6.054918 0.9991543 1.318437 0.2116269 19.77636 1.22687 0 0.0
0.02667437 -0.002225542 3.068863 0.1737493 0.07293452 0.07905966 0.2709098 16.29379 1.357149 1 0.0
-0.0343492 -0.0188798 -5.726581 4.187055 0.3635676 0.4657753 0.1034895 19.06748 1.42812 1 0.0
-0.01548896 0.005811337 -2.059425 1.194504 0.3586194 0.4286971 0.347536 18.78186 0.9351807 1 0.0
-0.0164318 -0.01710375 2.578945 1.541687 1.712336 4.42448 -0.0168436 20.77631 0.4287872 0 0.0
0.02195481 -0.02019124 0.6922864 0.277459 0.3504969 0.3851957 0.2902229 18.91173 1.24234 1 0.952687
-0.01037625 0.02856307 -6.834455 2.521881 0.889216 1.491666 0.2875422 20.31001 1.367393 0 0.0
0.03333821 -0.01738017 -1.295972 0.4333346 0.08259251 0.0916795 0.1852187 16.63362 1.584326 1 0.0
0.02857551 -0.01928557 -0.0460006 -0.4274032 0.3579064 0.4208717 0.1567798 19.02667 1.262939 1 0.1840745
-0.01094547 0.01423498 0.287141 0.05613651 0.998901 1.820053 0.3608756 20.39838 1.200878 1 0.8369453
-0.01194146 0.01072913 -0.9294754 1.83057 1.70655 3.14616 0.2253195 20.78635 1.241083 0 0.0
-0.01135815 0.01077881 -1.561977 -1.134657 1.340879 2.565318 0.05725817 20.61933 0.8276787 0 0.0
-0.02143619 0.023697 -13.12212 16.35234 2.078641 3.540984 -0.01134226 20.91986 1.574692 0 0.0
-0.03198226 0.014126 -3.881526 2.73684 0.1845966 0.253715 -0.0766142 17.78778 1.390955 1 0.0
0.02998198 0.004612968 -6.217164 4.621573 0.1161627 0.1457332 -0.02625321 17.16728 0.9369774 1 0.0
0.01660524 0.01367319 -4.510275 2.41164 0.5971168 0.7107298 0.1175295 19.78489 1.137192 1 0.0
-0.0343394 0.01295385 0.9984435 0.01703146 0.1624891 0.2317622 -0.04114006 17.72211 1.684092 1 0.9850805
0.03851686 -0.01024915 -2.612487 1.959846 0.1541597 0.1909915 0.04238226 17.71739 1.095083 1 0.0
0.04626107 -0.001666622 -5.5013 1.422836 1.529933 2.684495 -0.1005334 20.76301 1.447222 0 0.0
-0.008056681 0.04818996 -3.197472 1.835039 0.2965102 0.3373135 0.2922417 18.68539 0.9792633 1 0.0
0.0478027 -0.003990734 -4.83563 1.701216 0.964684 1.44939 0.2036779 20.32435 0.95784 0 0.0
0.004451061 -0.007950632 1.843636 3.23946 1.488623 2.566335 0.04738123 20.73082 0.9465046 0 0.0
0.02822559 0.01948334 0.7766742 -1.449543 0.1818728 0.1984681 0.2580277 17.95325 1.193001 0 0.0
-0.03329521 -0.01242105 -4.570144 0.2929144 0.1726125 0.2674798 -0.1428292 17.8176 1.17308 1 0.0
0.02689984 -0.01732419 -0.1646598 -11.19528 0.7770899 1.41502 0.1027726 20.20496 2.090292 1 7.356917e-06
-0.006207443 0.03416731 -3.85744 -0.371201 1.284788 2.244614 0.2438404 20.61559 0.8880138 1 0.002138378
0.001340928 -0.001312939 1.344463 0.2610723 0.3206418 0.4139759 0.1692658 18.91911 1.10108 1 0.9925888
0.04917391 -0.006673349 -1.052121 1.407369 0.63755 0.7204247 0.2069376 19.88458 0.8880901 0 0.0
0.01698152 -0.04227706 -2.015028 -4.302254 0.7949781 1.26601 0.2452646 20.23239 1.14007 1 0.004186945
0.01362943 0.02279854 -5.212162 1.378423 1.091563 1.713862 0.2220608 20.56328 1.000778 0 0.0
-0.005508432 -0.04938975 -3.606143 -0.3443419 1.226479 2.602517 -0.02796183 20.74328 0.9090614 0 0.0
-0.01066225 -0.01194524 1.914777 0.5496707 0.2700364 0.3399825 0.2196723 18.64136 1.451269 1 0.839454
-0.01335299 -0.04741854 -6.005936 4.715281 0.9866962 2.061813 0.217134 20.47097 2.109333 0 0.0
0.02529104 0.03943524 -3.820911 2.993842 0.1979514 0.2103944 0.3217785 18.08262 1.13896 1 0.0
-0.04235284 0.02141841 -4.696145 2.758839 0.2820347 0.3318084 0.2730212 18.68318 1.279835 1 0.0
0.007597379 -0.01174269 -1.868219 3.765777 0.3511666 0.4420331 0.2174163 19.02421 1.353437 1 0.0
0.0432146 0.004083935 -1.390227 0.06561507 2.200317 4.773413 0.1121251 20.84446 1.159452 0 0.0
0.0108982 0.04710242 -4.322114 3.600768 0.129463 0.1515055 0.07709165 17.31471 1.056877 1 0.0
0.009954084 -0.01297893 3.417775 -1.348147 1.399572 2.504148 0.05584978 20.79314 0.8870716 0 0.0
-0.005291044 -0.03257074 -3.572207 3.145003 1.667934 2.989403 0.1794919 20.77531 0.8639183 0 0.0
-0.001088582 -0.04200812 1.260495 -0.07797966 0.6525612 0.9854516 0.01738275 19.84335 1.234463 0 0.0
0.003685821 -0.004414366 -0.5902248 8.579907 1.441741 2.609772 -0.002347601 20.61561 0.9081345 0 0.0
-0.001368376 -0.01538536 2.194148 -0.1435948 0.7087172 1.006419 0.1156514 19.91709 1.145899 0 0.0
-0.02123079 -0.01511749 -1.405163 1.758083 0.5253191 0.7435214 0.04519069 19.59091 1.304979 1 7.193229e-05
0.01773926 -0.02183427 -17.05657 10.97403 1.138292 1.703848 0.2055576 20.52106 1.831547 0 0.0
-0.004028919 -0.01383287 -7.10731 6.227488 0.1648394 0.2371884 -0.02026199 17.74095 1.099363 1 0.0
-9.283342e-05 0.001685425 0.5893291 -1.125178 1.202129 2.076594 0.06685336 20.62917 0.9586258 0 0.0
0.040591 0.006110997 -4.263672 4.069239 0.1998125 0.2186044 0.2691383 18.22284 1.031107 1 0.0
-0.00876693 -0.01291393 -6.762081 1.288166 0.416402 0.5577312 0.1629836 19.31582 1.555584 1 0.0
0.04085945 0.008166974 0.1593485 -0.1476259 0.7080034 0.8281275 0.1404008 20.02296 1.113235 1 0.6276658
-0.008496639 -0.0397007 -5.191222 0.2009297 1.398425 3.875487 -0.08632581 20.73345 1.368639 0 0.0
-0.02707488 -0.01297932 -1.95841 2.221598 0.4735754 0.6302662 0.125847 19.48756 1.619095 1 0.0
-0.02605766 0.03167207 -2.974041 -1.020546 1.162496 1.917024 0.3450254 20.58662 1.852709 0 0.0
0.04843693 -0.000203144 -3.475494 5.499647 0.899178 1.290935 0.2407173 20.30903 1.997627 1 0.0
-0.003107529 0.0321686 -7.276034 3.979998 1.198325 1.999219 0.2867862 20.62829 1.554571 1 0.0
0.02397462 0.02854853 -5.469738 6.068778 0.8823082 1.355978 0.2387292 20.28911 1.565321 0 0.0
0.04360353 -0.0167865 -6.02944 4.947344 0.1487333 0.1785923 0.04630567 17.39629 1.020903 0 0.0
0.02857045 -0.03263319 -3.719094 4.357649 1.439931 2.295515 0.3847173 20.72407 nan 0 0.0
0.03359586 0.01560922 -4.191071 -0.2908194 1.503009 2.257075 0.1176039 20.77959 0.8951359 0 0.0
0.02590483 -0.01408898 -2.689043 4.128627 0.3481606 0.4096761 0.1343057 19.00841 1.28788 1 0.0
-0.02566258 -0.02195099 -7.360334 10.10867 1.17916 1.907149 0.2743298 20.60145 1.608484 0 0.0
-0.01685328 0.02073414 -4.907764 7.406273 0.6318705 0.8353113 0.05826183 19.72705 1.519226 1 0.0
0.03110894 0.02650125 -4.574876 4.693076 0.05256695 0.05705994 0.2280837 15.79314 1.374989 1 0.0
0.003865993 -0.04489975 2.528308 -0.08150241 0.6834957 1.011692 0.154275 19.8678 1.258072 0 0.0
-0.01944165 0.0190169 -4.049861 6.359036 0.2998456 0.3911896 0.1649213 18.81474 1.308001 1 0.0
0.03057854 -0.02255173 2.703211 -1.138935 0.8089145 0.92158 0.05306774 20.04152 1.380287 1 0.5576656
0.04361154 -0.02394288 -1.55501 -3.043128 0.7541399 1.367335 -0.05629353 19.41895 nan 0 0.0
-0.003213475 -0.04890134 -0.9942721 -1.360313 1.823303 2.317182 0.517965 20.51112 nan 0 0.0
0.008375389 -0.007359687 -14.52659 3.871932 1.677099 2.886789 0.007101092 20.83251 1.346844 0 0.0
0.004902343 0.01904214 -3.997099 5.572001 1.115717 1.759086 0.3443752 20.54249 1.044218 0 0.0
0.01315601 0.02629289 1.31775 -0.3419624 0.4279099 0.4674871 0.2272942 19.23619 1.483625 1 0.9380892
-0.04436902 0.01902544 -3.006202 1.322864 0.4055892 0.5175899 0.1639793 19.24061 1.224995 1 0.0
-0.04696202 0.006320922 -4.415104 3.872362 0.9510037 0.9467837 0.1940722 19.60569 1.590366 0 0.0
-0.03962978 -0.002715703 -1.218124 -0.3517075 0.748243 1.077894 0.1053502 20.06304 1.315691 0 0.0
