scripts/get_globular_clusters/output/Pyxis.csv
# %ECSV 0.9
# ---
# datatype:
# - {name: x, unit: deg, datatype: float64}
# - {name: y, unit: deg, datatype: float64}
# - {name: pmx, unit: mas / yr, datatype: float64}
# - {name: pmy, unit: mas / yr, datatype: float64}
# - {name: pmx_e, unit: mas / yr, datatype: float64}
# - {name: pmy_e, unit: mas / yr, datatype: float64}
# - {name: pm_corr, datatype: float64}
# - {name: g_mag, unit: mag, datatype: float64}
# - {name: bp_rp, unit: mag, datatype: float64}
# - {name: filter, datatype: int64}
# - {name: memberprob, datatype: float64}
# meta: !!omap
# - comments: [deg deg mas/yr mas/yr mas/yr mas/yr dimless mag   mag   zeroone float]
# - __serialized_columns__:
#     bp_rp:
#       __class__: astropy.units.quantity.Quantity
#       unit: &id001 !astropy.units.Unit {unit: mag}
#       value: !astropy.table.SerializedColumn {name: bp_rp}
#     g_mag:
#       __class__: astropy.units.quantity.Quantity
#       unit: *id001
#       value: !astropy.table.SerializedColumn {name: g_mag}
#     pm_corr:
#       __class__: astropy.units.quantity.Quantity
#       unit: !astropy.units.Unit {unit: ''}
#       value: !astropy.table.SerializedColumn {name: pm_corr}
#     pmx:
#       __class__: astropy.units.quantity.Quantity
#       unit: !astropy.units.Unit {unit: mas / yr}
#       value: !astropy.table.SerializedColumn {name: pmx}
#     pmx_e:
#       __class__: astropy.units.quantity.Quantity
#       unit: !astropy.units.Unit {unit: mas / yr}
#       value: !astropy.table.SerializedColumn {name: pmx_e}
#     pmy:
#       __class__: astropy.units.quantity.Quantity
#       unit: !astropy.units.Unit {unit: mas / yr}
#       value: !astropy.table.SerializedColumn {name: pmy}
#     pmy_e:
#       __class__: astropy.units.quantity.Quantity
#       unit: !astropy.units.Unit {unit: mas / yr}
#       value: !astropy.table.SerializedColumn {name: pmy_e}
#     x:
#       __class__: astropy.units.quantity.Quantity
#       unit: &id002 !astropy.units.Unit {unit: deg}
#       value: !astropy.table.SerializedColumn {name: x}
#     y:
#       __class__: astropy.units.quantity.Quantity
#       unit: *id002
#       value: !astropy.table.SerializedColumn {name: y}
# schema: astropy-2.0
x y pmx pmy pmx_e pmy_e pm_corr g_mag bp_rp filter memberprob
0.03009984 -0.03498364 -3.452108 1.135078 0.3243461 0.3705867 0.2242227 19.00845 1.154137 0 0.0
0.03516487 -0.03382998 -4.921098 3.939593 0.7527518 1.179845 0.1948459 20.17913 1.360668 1 0.0
0.03184759 -0.03766227 0.6059151 2.148682 0.7894922 1.327081 0.1275849 20.22968 1.234278 1 0.4033027
0.027147 -0.03939231 -4.030147 4.415205 0.546188 0.6931979 0.07983905 19.49284 1.250265 0 0.0
0.007303638 -0.03412349 -1.848199 1.110514 0.7291248 0.9744887 0.1229884 19.97789 0.8028469 1 0.00115166
-0.005479103 0.04840382 -8.098433 3.170728 0.8149697 1.087436 0.180979 20.09072 2.096352 0 0.0
-0.007248097 -0.0155688 0.8418511 0.02145716 0.3267892 0.4049479 0.231952 18.92308 1.174938 1 0.9844194
-0.0366271 -0.005937605 0.453521 0.6241986 1.034251 1.697486 0.2461954 20.5088 0.9807568 1 0.6301971
0.02387565 -0.01531283 -10.26729 12.0822 0.2853008 0.32486 0.2343852 18.79305 1.715433 1 0.0
-0.01659861 -0.03186666 -2.462255 1.640424 2.164683 4.60815 -0.2450412 20.96843 1.723452 1 0.1082288
-0.04105145 -0.002548617 -4.841521 -0.2463701 1.029626 1.796747 0.1996339 20.39905 1.560177 0 0.0
-0.004901551 -0.04546439 2.297353 2.962851 0.7325088 1.1132 0.07489043 20.10307 1.082762 0 0.0
0.02734369 0.0006657591 -4.159598 2.885831 0.5225427 0.6394225 0.09711228 19.61222 1.069981 1 0.0
0.01721613 -0.02534367 1.058837 0.5287781 0.2845197 0.3441624 0.2020238 18.79706 1.478144 1 0.9769689
0.03900253 -0.01080254 -1.009094 3.19656 0.4120673 0.3564804 0.39321 18.61162 1.177641 1 0.0
0.02312291 0.02578695 -3.406285 1.715433 0.8127251 1.059748 0.1061972 20.06965 1.016491 0 0.0
0.04412768 0.007028353 -4.272274 3.482915 0.237178 0.2545487 0.2738212 18.36471 1.016865 1 0.0
-0.03795756 -0.01788971 -5.007175 3.080275 0.5776213 0.7640201 0.1247554 19.72797 1.081013 0 0.0
-0.02687404 -0.0310838 -3.268698 1.596722 1.440078 2.876438 0.1204026 20.81408 1.293871 0 0.0
0.02493145 0.01814554 1.260934 0.2117854 0.1753305 0.2014331 0.158061 17.90032 1.40823 1 0.9905399
-0.0008340702 0.004172603 -3.466194 -0.1925316 0.2484521 0.3098666 0.2300482 18.56273 1.176611 1 0.0
-0.02993813 0.03866297 -8.387864 9.815174 1.871165 3.929671 0.3785142 20.55677 1.431608 0 0.0
-0.01037463 0.01679854 -4.078168 4.766093 0.3586697 0.4398166 0.2379964 19.07018 1.098131 1 0.0
0.03482858 0.0006436008 -5.758484 4.00228 0.168287 0.1933803 0.1159346 16.77946 0.9839439 0 0.0
-0.009378168 0.0177142 1.157509 -0.09401767 0.3202425 0.3953782 0.2195188 18.84462 1.356325 1 0.9843042
-0.03377187 -0.006027825 -7.480914 4.833757 1.114508 2.150959 0.245854 20.58627 1.217659 0 0.0
0.04119297 0.01809264 -0.699561 5.419399 0.6015976 0.7488776 0.1917122 19.68242 1.290043 0 0.0
-0.02691598 0.01837755 -7.98135 7.42348 0.5253855 0.6917292 0.1571592 19.57856 1.257847 1 0.0
-0.04192266 0.01280506 3.118598 -0.4691662 1.124244 2.749924 0.01535002 20.53123 1.267298 0 0.0
0.02848241 -0.008497566 -4.917911 5.775018 0.3022184 0.3352607 0.2500418 18.78627 1.228121 1 0.0
-0.0156889 -0.02607194 1.260078 -0.1868509 0.3380061 0.4596514 0.1088228 19.02766 1.192009 1 0.9623435
0.02784894 -0.01309785 -6.290254 6.320494 0.5627857 0.5596835 0.1310611 19.50666 1.26082 1 0.0
-0.03104197 -0.02632466 -3.417402 1.211996 0.5074983 0.649479 0.1471226 19.58172 1.281113 0 0.0
-0.03366872 0.007842462 -3.104784 4.66467 0.2626644 0.3204163 0.2680128 18.61934 1.329554 1 0.0
-0.03649626 -0.02524754 -4.393173 4.356937 0.6276964 0.8073019 0.1750486 19.79728 1.309711 1 0.0
-0.02140742 0.007976638 1.204439 0.1523967 0.3605077 0.4640337 0.1939447 19.04747 1.206169 1 0.982332
-0.001125384 -0.01718589 -1.540711 1.887133 0.8776394 1.457761 0.1605313 20.24416 1.821003 0 0.0
-0.009458613 -0.01919301 -2.332993 4.420488 1.489472 3.039426 0.1955799 20.75326 0.9760895 0 0.0
0.01002102 0.03370151 -7.481657 3.428172 0.8537163 1.335577 0.2352569 20.30443 1.545931 1 0.0
-0.02825635 -0.004804854 -4.240083 2.766984 1.272749 3.276448 0.05159454 20.70344 1.369848 0 0.0
0.03153364 -0.004298798 -2.440049 3.04442 0.7767236 0.8572507 0.2011807 19.85528 1.049343 0 0.0
0.01569189 0.004624924 0.5578273 -0.3252963 0.3494012 0.4158433 0.2260101 19.03373 1.107103 1 0.9498248
0.01547348 0.006143219 -0.5126159 -0.3532605 0.3804159 0.456062 0.2295924 19.01623 1.244366 0 0.0
-0.0243946 0.001132164 -1.62808 -4.089199 1.010228 1.83222 0.2451124 20.44915 1.072441 0 0.0
0.007432074 0.03679172 -1.908288 0.5268729 1.312261 2.133151 0.2484168 20.65027 1.094427 0 0.0
0.0265222 0.01421204 -7.406648 1.682661 2.590894 2.032397 0.799514 20.247 nan 0 0.0
-0.02699702 0.007082205 0.4309824 -0.4423079 0.9625644 1.645335 0.1398326 20.33237 1.178871 0 0.0
-0.04620018 -0.007445852 -3.020356 2.528268 0.7764769 1.111915 0.2006201 20.07196 1.164103 0 0.0
-0.007995024 0.04001508 -5.495934 -0.7836033 1.194127 2.026165 0.1574706 20.55383 2.145782 0 0.0
0.04265221 -0.0019773 -2.730433 10.13467 3.016278 3.453315 0.0003440027 20.97267 1.485577 0 0.0
-0.02910762 -0.002794832 -2.823731 2.70864 1.043803 2.116935 0.1376635 20.45219 1.494322 0 0.0
-0.02351404 0.02186151 -0.7432362 2.817284 1.070512 1.814346 0.1750618 20.55859 1.020245 1 0.1269996
-0.02128599 -0.03473268 -1.946867 0.8755879 1.129801 1.997039 0.09769858 20.60327 1.268703 1 0.02791493
-0.00141676 -0.02650139 0.892666 0.5258724 0.3574556 0.4673493 0.1675023 19.02622 1.251303 1 0.9663524
-0.005876957 0.005042129 -6.356044 3.576441 0.5893395 0.8494804 0.06030427 19.79814 1.502291 0 0.0
-0.01779739 0.004189581 1.30392 -0.4522215 0.747051 0.9093854 0.2351774 19.7233 1.369534 0 0.0
-0.03776302 0.006036171 -3.135627 2.090373 0.296384 0.4123782 0.07073391 18.7136 1.403963 1 0.0
0.02365146 0.005805405 -3.46775 3.005343 0.230478 0.2512559 0.289426 18.41673 1.163803 1 0.0
-0.0004937891 -0.002346712 0.02687226 -0.6091353 0.3416772 0.441284 0.196637 19.03246 1.362253 1 0.5016113
-0.04126228 0.005259955 -4.788842 5.923758 0.15703 0.2353732 -0.1282591 17.60907 1.079712 1 0.0
-0.04481514 -0.007441202 -7.299139 5.320789 0.7734024 1.534203 0.08810904 20.14273 1.439827 0 0.0
0.01075385 -0.02726889 -4.003907 1.229814 0.192596 0.2321544 0.2447024 18.1501 1.357004 1 0.0
0.01461982 -0.009542646 -0.8450019 -1.019905 1.557154 2.550037 0.2075118 20.78384 1.254391 0 0.0
0.03960142 0.01918449 -5.189392 4.956444 0.6534286 0.8255068 0.125993 19.94683 1.81885 1 0.0
0.01957845 0.04414809 -2.353092 1.864381 1.013739 1.522918 0.2510407 20.34462 1.438925 0 0.0
-0.03936614 0.004303479 1.616974 0.1609797 0.3942635 0.5307164 0.07509172 19.18886 1.207712 1 0.9154394
-0.02060887 0.02071032 -1.95525 0.5909614 0.8776798 1.681795 0.03667159 20.21141 1.807669 0 0.0
0.02659512 -0.02023089 1.936849 0.3559701 0.332401 0.3901566 0.1537813 18.98172 1.193949 1 0.8262188
0.03720894 -0.02638848 -7.276234 4.133095 0.3697703 0.3981289 0.2935787 19.03242 1.16651 1 0.0
0.03506132 0.004675628 -1.027154 2.038813 1.100537 1.966057 0.1721168 20.54981 0.9713821 0 0.0
-0.03228206 0.004737904 0.5112264 -0.7394328 0.603506 0.7526271 0.1570671 19.74227 1.317642 0 0.0
-0.03436175 -0.01800624 -1.339988 -0.1799069 0.9692322 1.515268 0.09150992 20.12278 0.8160343 1 0.09244053
0.02142646 0.001430612 -0.05308012 -0.6320973 0.8569726 1.336109 0.2494733 20.26764 1.114309 1 0.7775902
0.02071975 0.03856307 -5.314942 4.573575 0.4295113 0.4678253 0.2229357 19.1922 1.597433 1 0.0
0.02916771 0.03572596 -5.012189 3.475101 0.2023989 0.2301446 0.2313894 18.1207 1.07309 1 0.0
-0.008383929 0.03890496 -1.86908 1.052517 0.2438464 0.3142243 0.2729184 18.49318 1.440704 1 0.0
-0.01951368 0.0155951 -1.430245 6.733203 1.330357 2.406358 0.03692341 20.72263 1.273468 0 0.0
-0.03464934 -0.0001688472 -2.798547 3.076245 0.9322009 1.565012 0.01248945 20.11378 1.310665 0 0.0
-0.04614036 0.0139432 -3.927176 1.731046 0.8120479 1.30786 0.1447987 20.19459 1.299126 0 0.0
0.03618646 -0.03092748 -5.262031 3.034644 0.3138915 0.3792783 0.1315833 18.91174 1.173243 1 0.0
0.0466102 -0.006889159 -3.452564 2.196007 0.7898182 1.264833 0.1044197 20.18022 1.259481 1 0.0
0.03967275 -0.00695004 1.472984 1.213581 0.503154 0.580836 0.1562571 19.51334 1.335472 1 0.8390755
0.03594439 -0.02916878 -2.427254 2.41304 0.2418385 0.2816386 0.1852532 18.5274 1.084984 1 0.0
-0.04509464 0.01299778 -4.632051 0.3688903 1.116504 1.980504 0.1898352 20.54897 1.191359 0 0.0
0.01612383 -0.02116634 -3.888099 2.937603 0.6071533 0.6987132 0.1546373 19.65328 1.488091 1 0.0
0.003490628 -0.02153853 -3.320804 6.200412 0.3923031 0.5791174 0.03403929 18.92594 1.556049 0 0.0
-0.01625601 0.01275011 -3.7016 3.45721 0.3731631 0.4791492 0.2382178 19.05625 nan 0 0.0
0.009394045 -0.02263004 0.2508717 -0.5913393 0.3326169 0.4522099 0.09775469 18.98619 1.257589 1 0.5562309
-0.01142125 0.02620925 0.7931294 1.890545 0.7321864 0.9576654 0.1706892 19.91672 2.219584 0 0.0
0.000660134 -0.04315253 -5.547141 4.449845 0.1573248 0.3874213 0.08707808 17.36073 nan 0 0.0
-0.04461978 0.011476 -7.997493 6.971097 1.049999 1.768705 0.1404234 20.24294 2.342178 0 0.0
-0.01967412 -0.02162876 0.04312857 -17.10199 0.6777772 0.9055708 0.1329012 19.82539 1.188877 0 0.0
-0.003239577 -0.006653573 -4.728143 2.534189 0.09933607 0.1218505 0.1697483 16.92942 0.9940453 1 0.0
0.03811516 0.01225395 0.395283 2.836698 0.5683326 0.669191 0.1573345 19.76186 1.716576 1 0.005856739
0.04756898 0.01073796 -2.195127 0.3019 0.5343636 0.6022387 0.1652537 19.61993 1.434986 1 0.0
0.006843911 -0.01440528 0.8401095 0.7564633 0.3338979 0.4398607 0.1400338 19.003 1.20314 1 0.9695854
-0.007701069 0.01861084 -3.182625 3.210952 0.5324861 0.7022713 0.1659775 19.63528 1.309675 1 0.0
-0.01207446 0.006468089 2.152251 -1.643057 1.271462 2.298523 0.1591192 20.65885 0.9225235 0 0.0
-0.01419848 -0.006952386 1.283957 -0.0002489935 0.3632992 0.4442146 0.224246 19.07505 1.133669 1 0.9857693
-0.01031523 0.02679306 -4.165983 -0.04732884 1.453209 2.175913 0.3692926 20.75153 1.188316 0 0.0
-0.02617717 -0.009271114 -5.5042 3.975924 1.377849 2.624808 0.03350298 20.61322 1.69702 0 0.0
0.002472599 0.04988026 -10.23048 4.935446 0.6431573 0.7421851 0.1009414 19.6293 1.708448 0 0.0
0.02026875 -0.01112324 -1.989623 0.7674287 0.6860455 1.050497 0.06702034 20.00936 1.196514 1 0.0008606487
-0.03636424 0.003252129 -2.523815 1.801408 0.6533735 0.8761461 0.09438942 19.90785 1.105513 1 0.0
0.01125046 0.04489747 -5.416541 4.951723 0.4423575 0.4889037 0.1679618 19.27779 1.419161 1 0.0
0.001474781 0.00880745 -4.248981 2.962053 0.8645153 1.451955 0.1837632 20.31611 1.216116 0 0.0
-0.01056308 -0.02611301 0.731639 -1.651498 0.7569955 1.10792 0.1353913 20.1025 1.275524 0 0.0
-0.001065021 0.009444511 0.4416105 -0.3170806 0.3816592 0.5231113 0.1012632 19.13284 1.246426 1 0.9377872
-0.008284379 0.01800043 -4.037257 -0.7564861 0.9314248 1.325151 0.112367 20.19316 0.9241314 1 4.129322e-05
-0.02038037 -0.01529273 1.700407 -5.562822 0.9791259 2.501028 -0.2900311 20.37569 0.8514996 1 0.7702621
-0.007007536 0.01029487 -3.488604 1.62139 0.300075 0.3684397 0.2516549 18.77691 1.105408 1 0.0
0.01245887 0.0001585169 -2.362651 0.4150023 1.963727 3.730983 0.05407047 20.74602 0.8077984 0 0.0
0.02130416 -0.04434953 -6.459648 5.000145 0.6135279 0.7541965 0.1847511 19.70973 2.113739 0 0.0
-0.04731141 0.001529443 -13.18202 1.75865 0.9641151 1.705813 0.1435871 20.39904 2.209515 0 0.0
0.02969855 0.02545659 -0.8497483 2.13426 0.3237873 0.3558363 0.2652793 18.84939 1.213419 1 0.0
0.003043204 0.02864383 -3.636148 3.891718 0.4122769 0.4874823 0.1445959 19.24158 1.018181 1 0.0
0.02187661 0.003372163 -2.499414 1.820908 0.563093 0.6654032 0.2341818 19.65908 1.306643 1 0.0
0.02251617 -0.01157019 -0.3436948 1.155411 1.688248 2.84851 0.110427 20.67611 1.095465 0 0.0
0.03014747 0.02343462 -4.979026 4.770802 0.2632845 0.2728735 0.2828182 18.46455 1.132669 1 0.0
-0.003920724 0.008120717 -3.300715 3.592101 0.1880962 0.2308124 0.2479115 18.10653 1.018353 1 0.0
-0.0193967 -0.01398022 -5.059254 -2.099202 1.114003 1.778847 0.1397003 20.28923 1.770943 0 0.0
-0.02053859 -0.01420177 1.14522 -1.039853 1.188305 2.241734 0.1216414 20.52182 1.046753 1 0.8267072
-0.03303027 -0.007099426 -3.459528 3.492939 2.038852 3.726707 0.2957779 20.72189 1.502028 0 0.0
-0.01372175 0.04392813 -2.954548 3.976189 0.2220223 0.2569998 0.2579778 18.28752 1.115982 1 0.0
-0.02107536 0.03733845 0.6863889 0.2415007 0.3984917 0.5251513 0.1258552 19.08055 1.188808 1 0.8745894
0.01185818 -0.03356331 -3.345962 4.610094 0.6896062 0.8672017 0.2182264 19.7578 1.177618 0 0.0
0.04388574 0.008924399 -4.106238 0.7609683 0.6485527 0.7739064 0.153868 19.83645 0.9325962 0 0.0
0.001510387 -0.0336158 -3.277091 1.809243 0.4293773 0.5739971 0.09420106 19.22936 1.132044 1 0.0
-0.02614302 -0.03764863 -4.408373 1.87668 0.2268983 0.2750866 0.2229196 18.37278 1.234211 1 0.0
-0.003407769 -0.04872206 -4.964702 3.925979 0.24873 0.3188406 0.1902786 18.52346 1.064606 0 0.0
0.01259071 -0.01071339 -2.268451 0.7772154 0.653597 0.78331 0.1426972 19.86434 1.067904 1 7.020265e-05
-0.02637576 0.03753515 -5.985205 3.248622 0.5162123 0.7490347 0.1027018 19.58773 1.509083 0 0.0
-0.02921246 -0.0144564 1.921808 1.66663 1.187721 1.023384 0.8665299 18.61091 nan 0 0.0
-0.01018005 0.01586015 -8.412256 5.036742 0.3727047 0.4858781 0.154315 18.91486 2.001932 1 0.0
0.01041917 0.01191572 -5.9603 1.604797 0.7286004 0.862824 0.09759606 19.95554 1.519621 0 0.0
-0.007488593 -0.04039868 -8.127957 -0.4294182 0.8635583 1.399933 0.2308387 20.28555 2.035774 1 0.0
-0.009371227 -0.03810626 0.8263193 -0.0132968 0.300783 0.3959493 0.1978855 18.76335 1.360559 1 0.9459184
-0.02238497 -0.01480883 -3.911654 9.567738 1.101521 2.061465 0.0873792 20.58657 0.8544445 0 0.0
0.04305357 -0.001287068 1.656514 1.519363 0.5509034 0.6170118 0.1840919 19.65703 1.332142 1 0.722006
-0.01276582 -0.001127087 2.11772 1.885067 0.6269372 0.835421 0.1486671 19.90003 1.260452 0 0.0
0.007305388 -0.01607234 0.5888874 1.309079 0.8162919 1.246609 -0.1183691 20.0158 1.050747 0 0.0
-0.02852516 -0.0008147811 5.276056 -1.640454 0.4642358 0.616019 0.2023168 19.35837 1.63168 1 0.0
0.04324987 0.02322225 -4.255878 3.825381 0.339417 0.3826212 0.2274551 19.0043 1.081476 1 0.0
-0.03114587 -0.01005502 -2.075326 -0.8636776 0.4980293 0.6663718 0.1584298 19.50432 1.36482 1 0.0
-0.02310766 -0.03504983 -3.189779 1.826398 0.3950868 0.5169643 0.1601251 19.21767 1.038877 1 0.0
-0.01902413 -0.04612657 -2.95541 1.739907 0.376307 0.526761 0.1224508 19.15739 1.263189 1 0.0
0.003104158 0.03296206 3.816179 10.95276 1.279408 1.99066 0.1829518 20.17619 1.333172 0 0.0
0.02448853 -0.0358628 -0.6889659 2.154371 0.1659215 0.2567449 -0.1297796 17.80598 1.25235 1 0.0
0.03255485 -0.03103263 -6.509484 4.977876 0.5061002 0.6095443 0.1380154 19.3713 1.520069 0 0.0
-0.009728068 -0.002080309 -0.4669678 -5.108935 1.621695 3.789165 0.2082487 20.89827 1.083698 0 0.0
0.03656141 -0.009111401 -4.374292 3.878333 0.1882507 0.2075757 0.2531588 18.14651 1.120275 1 0.0
-0.01487325 -0.03537582 0.912008 0.870867 0.8087207 1.123336 0.1069009 19.86639 1.215263 0 0.0
-0.02017224 -0.02128557 0.0923987 -1.462192 0.9584101 1.601068 0.1761486 20.42933 nan 0 0.0
-0.03028865 0.03358547 -3.519652 1.705055 0.599549 0.7541677 0.2288111 19.747 1.524521 0 0.0
-0.0353527 -0.00312175 -2.245528 3.899319 0.8434787 1.432949 0.2150844 20.281 1.484617 0 0.0
0.02261102 -0.01937128 -1.702184 0.6824037 0.5153025 0.6305267 0.1192937 19.60583 1.079292 1 1.792161e-05
-0.0374841 -0.01726005 -3.888623 1.519369 0.1759159 0.2115648 0.2131842 16.11013 0.958765 0 0.0
0.00463136 -0.03955541 -2.767869 1.350118 0.1098785 0.1311213 0.1563576 16.99671 0.9516697 1 0.0
0.008788811 -0.004452935 0.4051959 0.3595006 0.6086448 0.9344941 0.5230359 18.91048 nan 0 0.0
-0.02885364 0.0320449 -0.6751964 0.4293578 0.9635903 1.584071 0.2041201 20.32321 0.9555092 0 0.0
-0.03278885 -0.003494432 -3.467881 2.46352 0.1521224 0.258235 -0.2844164 17.48684 0.9583073 1 0.0
-0.01352662 -0.02723882 -5.754765 3.15725 0.4883765 0.7097112 0.01822642 19.22107 0.8723469 0 0.0
0.004035909 -0.04661637 -4.553628 2.596186 0.09021669 0.1167987 0.1591181 16.80764 1.059252 1 0.0
0.03080093 -0.01338129 -3.473168 5.473072 0.7734513 1.279833 0.1353711 20.19384 1.268387 1 0.0
