scripts/get_globular_clusters/output/Terzan_4_HP_4.csv
# %ECSV 0.9
# ---
# datatype:
# - {name: x, unit: deg, datatype: float64}
# - {name: y, unit: deg, datatype: float64}
# - {name: pmx, unit: mas / yr, datatype: float64}
# - {name: pmy, unit: mas / yr, datatype: float64}
# - {name: pmx_e, unit: mas / yr, datatype: float64}
# - {name: pmy_e, unit: mas / yr, datatype: float64}
# - {name: pm_corr, datatype: float64}
# - {name: g_mag, unit: mag, datatype: float64}
# - {name: bp_rp, unit: mag, datatype: float64}
# - {name: filter, datatype: int64}
# - {name: memberprob, datatype: float64}
# meta: !!omap
# - comments: [deg deg mas/yr mas/yr mas/yr mas/yr dimless mag   mag   zeroone float]
# - __serialized_columns__:
#     bp_rp:
#       __class__: astropy.units.quantity.Quantity
#       unit: &id001 !astropy.units.Unit {unit: mag}
#       value: !astropy.table.SerializedColumn {name: bp_rp}
#     g_mag:
#       __class__: astropy.units.quantity.Quantity
#       unit: *id001
#       value: !astropy.table.SerializedColumn {name: g_mag}
#     pm_corr:
#       __class__: astropy.units.quantity.Quantity
#       unit: !astropy.units.Unit {unit: ''}
#       value: !astropy.table.SerializedColumn {name: pm_corr}
#     pmx:
#       __class__: astropy.units.quantity.Quantity
#       unit: !astropy.units.Unit {unit: mas / yr}
#       value: !astropy.table.SerializedColumn {name: pmx}
#     pmx_e:
#       __class__: astropy.units.quantity.Quantity
#       unit: !astropy.units.Unit {unit: mas / yr}
#       value: !astropy.table.SerializedColumn {name: pmx_e}
#     pmy:
#       __class__: astropy.units.quantity.Quantity
#       unit: !astropy.units.Unit {unit: mas / yr}
#       value: !astropy.table.SerializedColumn {name: pmy}
#     pmy_e:
#       __class__: astropy.units.quantity.Quantity
#       unit: !astropy.units.Unit {unit: mas / yr}
#       value: !astropy.table.SerializedColumn {name: pmy_e}
#     x:
#       __class__: astropy.units.quantity.Quantity
#       unit: &id002 !astropy.units.Unit {unit: deg}
#       value: !astropy.table.SerializedColumn {name: x}
#     y:
#       __class__: astropy.units.quantity.Quantity
#       unit: *id002
#       value: !astropy.table.SerializedColumn {name: y}
# schema: astropy-2.0
x y pmx pmy pmx_e pmy_e pm_corr g_mag bp_rp filter memberprob
[from data line 1007]
-0.01072023 -0.001094748 -3.023074 -2.379321 1.277188 1.116404 0.6334559 19.31369 2.29427 0 0.0
0.03657606 -0.03240663 -3.849729 -5.650508 1.350169 1.014671 0.5324846 19.22959 2.882376 0 0.0
-0.00700206 -0.01528698 -5.662568 -0.04253841 1.613077 1.425801 0.6501668 19.82321 2.250135 0 0.0
-0.01334116 -0.03207996 -2.143985 -1.986 0.5307794 0.3873373 0.06492627 18.73992 2.718357 0 0.0
0.002692018 -0.01898129 -2.924175 -5.57129 0.7433955 0.5855645 0.05879798 18.93977 2.722738 0 0.0
0.02189336 -0.03741644 -5.36302 -5.867051 0.6084893 0.4296982 0.2524275 18.74535 3.708319 0 0.0
0.03450316 -0.0164871 -1.865248 -1.837276 0.5169713 0.4044385 0.2453572 18.3926 3.543913 0 0.0
0.001860109 -0.03242044 -1.896013 -4.128455 1.149153 1.051702 0.6008012 19.2749 3.920084 0 0.0
-0.01214746 -0.01968776 -2.721123 -5.549368 0.8959283 0.6418106 0.401605 18.89457 2.9902 0 0.0
-0.03577508 -0.009178623 -2.302018 0.3024671 1.960713 1.650506 0.5874617 19.86313 2.461315 0 0.0
-0.01884978 -0.03312614 -3.700038 -5.35714 1.154364 1.064884 0.5776418 19.33343 3.035761 0 0.0
-0.01890136 -0.03507546 0.1444912 -4.045201 0.6583928 0.504184 0.1552342 18.79258 3.45705 0 0.0
-0.01495363 -0.02335409 -5.261647 -5.177795 2.133118 1.722912 0.02798674 20.20508 nan 0 0.0
-0.0116807 -0.01146893 0.9625668 -6.577094 0.6860954 0.4987763 0.2060685 18.85779 3.093788 0 0.0
-0.04581652 0.008559138 -4.931776 0.1106666 1.211682 1.025189 0.6354915 19.31946 2.818562 0 0.0
-0.03707156 -0.01696302 -1.505908 -6.02079 1.726885 1.316119 0.1719935 20.12835 2.940704 0 0.0
-0.02433799 -0.01240026 -5.33598 -0.7506308 1.482657 1.27223 0.5499307 19.54929 2.95994 0 0.0
-0.01994903 0.003677826 -4.18367 -1.901566 1.590059 1.388995 0.616785 19.57357 nan 0 0.0
-0.02340249 -0.01175534 -2.498607 -5.542511 2.043666 1.473044 0.2305641 20.10781 nan 0 0.0
-0.02428511 -0.0158659 -2.262066 -1.856769 0.4123218 0.3171515 0.07909368 17.86319 4.406197 0 0.0
-0.01027628 -0.01974285 -4.604821 -6.920767 2.311325 1.908365 0.6099086 19.99504 2.491611 0 0.0
-0.01806766 -0.04641067 -5.517565 -7.627748 2.914308 2.319713 0.21598 20.52071 2.156256 0 0.0
-0.04060737 -0.01404816 0.1193328 -1.177376 0.5668189 0.4281016 0.2019449 18.74891 3.089478 0 0.0
-0.0340032 -0.02140025 7.58353 -7.419295 0.6192876 0.4731128 0.242972 18.68386 1.987776 0 0.0
-0.03034 -0.01797911 0.4665992 -3.549347 1.327502 1.138279 0.6517022 19.49577 2.316553 0 0.0
-0.02033426 -0.01780473 -3.549056 0.09726456 0.4175036 0.311982 0.05004706 17.63663 4.459385 0 0.0
-0.04744799 -0.003807022 -8.518239 -6.269996 0.3123371 0.2463426 0.05281939 17.30354 3.388132 0 0.0
-0.0344016 0.001829204 -2.505939 -4.043787 0.6288876 0.466391 -0.003449749 18.43044 3.203867 0 0.0
-0.02491502 0.007155634 1.687967 1.256125 1.840936 1.491833 0.01598732 20.2719 2.941446 0 0.0
-0.01498072 -0.01655249 -5.162218 -7.997527 0.5700644 0.4427392 0.1349701 18.63384 3.473763 0 0.0
-0.03722437 -0.02476414 -0.4143268 -10.05175 3.69696 2.609032 0.5952774 20.43197 nan 0 0.0
-0.03712055 -0.02444175 -3.577632 -7.388184 1.893597 1.62473 0.6190954 19.81357 2.151251 0 0.0
-0.03895253 0.006321126 -7.286159 -6.671634 1.525526 1.331544 0.6219317 19.62028 2.94322 0 0.0
-0.03866364 -0.0007435739 -8.282521 -5.483749 0.6384702 0.4715976 0.1553696 18.76248 2.899529 0 0.0
-0.04500403 -0.005087547 -3.375829 -5.565223 2.200343 1.644663 0.2230496 20.14176 nan 0 0.0
-0.03934075 0.002260217 -0.7951774 -7.613457 2.340952 1.9676 0.09183199 20.21495 2.254879 0 0.0
-0.03736253 -0.004271638 -0.0921371 -5.872553 2.405403 1.947714 0.5441843 19.77728 3.288364 0 0.0
-0.01006844 -0.01911721 2.248961 0.2468471 1.43416 1.371413 0.5760696 19.61095 nan 0 0.0
0.0176824 -0.04594139 2.919662 0.4603996 1.703552 1.410915 0.02983094 20.23139 2.454279 0 0.0
-0.03711417 0.02478501 -3.280333 -5.077313 1.639228 1.14548 0.5461249 19.46928 nan 0 0.0
-0.003258625 -0.04120763 3.254587 -6.72492 2.075912 1.551723 0.1676224 20.33321 nan 0 0.0
-0.04018945 -0.01888311 -7.106247 -2.665271 1.341617 1.069799 0.2621037 19.07199 3.51778 0 0.0
-0.0333016 -0.0211921 -10.19503 -9.086353 1.885071 1.668107 0.6135248 19.78397 nan 0 0.0
-0.01144806 -0.001022356 -3.763923 -9.09456 1.976494 1.728862 0.05855874 20.37581 nan 0 0.0
-0.02750748 -0.01702074 -2.254649 -4.367992 1.839936 1.500527 -0.01542954 20.14442 2.79981 0 0.0
-0.04690378 -0.0005566237 -0.9962999 -0.2147376 1.109227 1.025151 0.5801236 19.21876 3.012526 0 0.0
-0.03109327 -0.01919434 -6.936404 -7.707579 1.833212 1.697186 0.5796533 19.75466 nan 0 0.0
-0.01173377 -0.002784781 2.493628 -4.755643 1.562633 1.150749 0.229812 20.11647 2.779446 0 0.0
-0.02574695 0.007390012 -10.10524 -2.796098 1.603654 1.34913 0.5832595 19.66186 2.935165 0 0.0
-0.04440784 -0.001665477 -5.926095 -4.266478 1.572989 1.511735 0.6150955 19.66634 3.009422 0 0.0
-0.02446775 -0.01314416 -2.313843 -3.525191 2.604891 2.462046 0.8248254 19.8646 nan 0 0.0
-0.01339421 -0.02456311 -5.78503 0.1686649 0.7899268 0.6773104 -0.1233122 19.03545 3.005512 0 0.0
0.03148637 -0.02244841 -1.685912 -5.86977 0.4466938 0.3466112 0.2172394 17.94678 3.500124 0 0.0
0.006485858 -0.02638771 0.9621636 -2.924867 1.717161 1.486266 0.06495355 20.19568 2.304436 0 0.0
-0.02519454 -0.01663671 -3.510151 -6.09684 1.530479 1.363835 0.09468098 20.1855 2.779366 0 0.0
-0.02152912 -0.02057446 2.327428 -4.153124 2.312882 2.011495 0.7794342 19.95573 3.791529 0 0.0
-0.01414464 -0.04560318 -2.010441 -3.245968 1.090238 0.9806896 0.6547577 19.35643 2.642141 0 0.0
-0.03377501 -0.005675984 -3.168677 -3.77621 1.331564 1.151965 0.6539779 19.57436 2.963823 0 0.0
0.003627271 -0.02774368 -5.948795 -5.093296 0.4346834 0.3319842 0.08195207 17.53916 4.212285 0 0.0
-0.03124568 -0.02968099 0.7987958 -1.000177 1.470975 1.291691 0.7863244 19.40277 2.611902 0 0.0
0.02961062 -0.03698369 -6.203997 -6.293125 1.894916 1.57589 0.1135368 20.15755 2.999636 0 0.0
-0.03799992 0.02898082 -0.6931603 -2.393412 1.822821 1.571322 0.6495065 19.86148 2.773699 0 0.0
0.008331213 -0.02301948 -1.660321 -6.098069 0.4624415 0.3533202 0.06368444 17.53587 3.204743 0 0.0
-0.0247225 -0.03253815 -2.247179 -1.58297 1.653914 1.298361 0.2992193 20.01146 2.288275 0 0.0
-0.02540029 -0.02453509 -3.572267 -3.137525 0.4644371 0.3494839 0.1673791 18.50508 3.571955 0 0.0
-0.006948407 -0.03770213 -1.165431 -6.780634 1.736955 1.529652 0.6479029 19.91321 2.988562 0 0.0
-0.0162283 -0.01603581 4.961682 -2.002703 1.430856 1.260325 0.7537472 19.43743 2.463778 0 0.0
0.02290569 -0.04158614 3.82863 1.129187 1.176576 1.074653 0.6073404 19.46183 2.654633 0 0.0
-0.03898717 0.02699486 0.158096 -1.395883 0.1197015 0.09515205 0.009760804 15.93016 2.41118 1 0.0
0.03581476 0.01505995 -1.229699 -4.009991 0.7011902 0.5164288 -0.001791164 18.38153 3.518606 0 0.0
-0.03438508 0.0275212 -0.04945248 -1.893243 0.2201274 0.1604696 0.2319613 17.30445 2.777979 1 0.0
0.04784626 0.003990017 -2.40005 -2.097557 1.176187 1.064655 0.6038445 19.40772 nan 0 0.0
-0.02351861 0.03641854 -1.906906 -3.428887 1.844326 1.541986 0.5726178 19.72584 2.62875 0 0.0
0.02203159 -0.002296459 1.222921 -4.610696 0.5024019 0.386026 0.1354813 18.75945 2.370993 0 0.0
0.0002231134 -0.008101731 -6.891371 -5.131556 0.7293113 0.4927746 -0.1257373 18.58787 2.890774 0 0.0
0.0001711647 0.01086685 -2.986393 -0.9954248 0.4441759 0.3170545 0.185565 18.21017 3.853672 1 0.0
0.0393237 0.01311876 -0.8934725 -1.491788 1.40426 1.17277 0.5686886 19.42573 1.72332 0 0.0
0.04222314 -0.01402408 -0.5759476 -3.422366 0.4961574 0.3468133 0.2307702 18.2705 3.77232 0 0.0
0.026322 0.003008671 -1.13625 0.1053162 1.26784 1.11901 0.6279749 19.55204 2.032202 0 0.0
-0.001700322 -0.005698487 -7.185896 -1.748592 1.109822 0.9850595 0.6200458 19.28943 3.614744 0 0.0
-0.004067287 0.03217757 -2.798505 -7.67868 3.597331 2.591897 0.4106423 20.51174 2.452791 0 0.0
0.0002751231 0.0007388302 -6.440313 -4.533244 1.116257 0.8811674 0.2676967 18.34434 nan 0 0.0
0.019588 -0.003301086 -3.140912 -1.890862 1.473765 1.278602 -0.01135973 20.07539 2.598045 0 0.0
-0.0223207 0.02923385 2.153043 -6.898876 1.685294 1.392544 0.3812117 20.1002 2.874653 0 0.0
0.00638265 -0.01560546 2.45284 -4.420621 1.92505 1.84785 0.2472793 19.71708 nan 0 0.0
-0.02512819 0.02647702 -3.323903 -2.361496 1.547472 1.408374 0.6817576 19.79149 2.377565 0 0.0
0.04487505 -0.01211607 -4.04472 -5.729144 1.45809 1.193691 0.07198265 20.01946 1.646093 0 0.0
-0.01077714 0.04145819 -2.470562 -2.864411 1.246789 0.9826477 0.06855164 20.04452 nan 0 0.0
0.000691001 -0.003310473 -5.282952 -2.849395 0.2636889 0.2008141 0.02004306 15.67844 4.142712 1 0.9870755
-0.01067316 0.04184539 -10.65569 -3.157576 1.62597 1.415329 0.6264349 19.67517 2.366676 0 0.0
0.005577747 -0.002639251 -5.082579 -3.623783 0.6118453 0.4342698 0.2117152 18.77389 2.967577 0 0.0
0.02637028 -0.01008911 0.3822231 -4.240534 1.905631 1.383321 -0.07705148 20.31721 2.749968 0 0.0
0.04753589 0.007080081 -5.531506 -6.21473 2.134048 1.630769 0.2074479 20.36047 nan 0 0.0
0.01418071 -0.00803796 0.1023101 1.426282 1.501013 1.309143 0.5985105 19.67189 nan 0 0.0
0.03919431 0.01454742 -0.2307374 -2.662105 1.71893 1.500084 0.6118166 19.8784 2.460064 0 0.0
-0.01017562 0.01041044 -5.064774 -2.308498 0.6095754 0.4106808 -0.06863713 18.65768 3.419722 0 0.0
-0.02884538 0.02318004 -3.620195 0.3886827 3.070682 2.080219 0.2187839 20.52757 nan 0 0.0
0.006098125 0.005182753 -6.603556 -3.849113 0.7226005 0.5559069 0.09478041 17.24042 4.374099 0 0.0
-0.01649909 0.04555624 0.5134552 -2.560305 1.179662 1.053207 0.6482241 19.39584 2.638647 0 0.0
0.01399866 -0.008751281 -1.56804 -4.321142 0.6726984 0.5397505 0.1600182 19.16524 2.441162 0 0.0
0.02117112 -0.01410656 2.018117 -0.6497137 1.858487 1.549277 -0.005196487 20.22166 2.682779 0 0.0
-0.009473885 0.01220724 -0.2017655 -1.778413 0.6551355 0.4988652 -0.237685 19.0962 nan 0 0.0
0.004199919 -0.00668848 -7.596494 -4.012972 1.188273 0.9833642 0.5739472 19.192 2.77018 0 0.0
0.007344308 -0.01510962 1.612857 2.262288 0.617458 0.4981253 -0.03945315 18.79897 nan 0 0.0
0.01194756 0.008708874 -1.599145 0.4353854 0.4732368 0.3468268 0.2055117 17.97503 4.833063 0 0.0
-0.01454894 0.04779007 -5.336526 -4.377489 1.635383 1.421609 0.6006339 19.71529 2.84874 0 0.0
0.01786894 -0.02157505 -2.801328 -4.817777 0.9661558 0.9298573 0.6519372 19.27114 2.591393 0 0.0
0.04436091 -0.0002120552 -3.147436 -0.6850911 2.69085 1.737924 0.4192832 20.44901 2.055573 0 0.0
0.004930594 0.04804285 -4.418915 -2.649903 0.4964207 0.3621347 0.01266413 18.03992 3.695713 0 0.0
0.04770919 -0.009859173 -1.021642 -2.56426 0.5808895 0.3805591 0.432491 18.55191 2.796545 1 0.0
0.02012905 -0.02549702 -3.025162 0.4222547 1.456186 1.25908 0.5633594 19.38385 3.247715 0 0.0
0.01187417 0.04484741 1.750331 -8.756795 0.5634455 0.4063153 -0.01071118 18.55168 4.032803 0 0.0
0.04340953 0.0221101 -6.565433 -7.679507 0.705674 0.539733 0.2354699 18.76356 3.691673 0 0.0
0.01511415 -0.02196366 -6.864146 -3.644848 1.146548 1.081056 0.6379386 19.42045 3.08005 0 0.0
0.04220639 0.006373114 1.852175 2.944785 1.788258 1.506982 0.5054714 19.78015 1.894869 0 0.0
0.01560953 -0.01238694 -3.071371 -7.755625 1.475634 1.264433 0.4228945 19.7992 2.691668 0 0.0
0.01386594 -0.0272926 1.367492 -5.39937 1.172963 1.128815 0.6119477 19.49074 3.006092 0 0.0
0.01794611 -0.02572927 -5.616996 -2.814364 1.28928 1.197545 0.6340581 19.47974 3.310333 0 0.0
-0.02570099 0.02924442 1.513685 -4.740047 1.555949 1.377327 0.5880292 19.49534 1.944246 0 0.0
0.0003271028 -0.001771241 -7.687019 -6.808813 0.6603539 0.487785 -0.2514849 17.76904 3.582033 0 0.0
0.02533938 0.02207671 -2.634181 -5.170311 0.7393886 0.5122973 0.2606547 18.3523 3.857073 0 0.0
0.0140743 -0.02415313 0.2176975 0.1592052 0.9140708 0.8605437 0.645884 19.11439 3.275105 0 0.0
0.03887792 0.003950322 -1.889306 -1.656765 0.7565062 0.6020018 0.2787336 18.76132 nan 0 0.0
-0.002480109 -0.005208315 -0.02503385 1.428531 1.444214 1.272914 0.6447316 19.57022 2.846334 0 0.0
0.01184144 -0.008054799 -1.506946 -5.394963 1.639818 1.444038 0.5870753 19.65767 3.021137 0 0.0
0.02455249 -0.004046128 -0.3311982 -1.828004 1.642128 1.463526 0.1074497 20.12876 1.474995 0 0.0
0.01807586 -0.02665817 -4.468332 -6.752431 0.3289266 0.2471853 0.09703384 17.27777 4.995248 1 0.0
-0.01769013 0.01776596 0.8742691 3.462223 0.2912247 0.2193749 0.05854809 17.88299 2.363396 1 0.0
-0.003129904 -0.005763373 -4.049386 -3.109542 1.810253 1.605819 0.6467363 19.79499 nan 0 0.0
0.005786 0.002300769 -0.3656439 -6.979503 0.6761922 0.487242 0.09525474 18.34665 3.994246 0 0.0
0.008592508 -0.007640548 -1.976861 -7.418588 0.6909258 0.5297988 0.0687484 18.05236 4.593033 0 0.0
-0.01454761 0.03926041 -4.252524 -5.181234 1.504786 1.342305 0.6568413 19.64961 2.269112 0 0.0
0.01064403 -0.02375213 0.1158421 -0.06323067 0.6290285 0.4581213 0.1137531 18.92033 3.283007 0 0.0
0.007891185 -0.00223506 -1.880632 -5.739872 1.919951 1.547622 0.2432462 20.04383 nan 0 0.0
-0.006226528 0.04701471 1.78897 -2.11038 1.5213 1.395402 0.6557619 19.69964 1.862167 0 0.0
0.02215643 -0.02382092 -0.4635604 0.09532675 0.1448239 0.1116285 0.2104317 16.39233 3.058595 1 0.0
-0.003311834 -0.006265012 -8.133642 -3.665936 1.792752 1.546973 0.6045973 19.69875 2.412174 0 0.0
0.001783067 0.01522703 -3.765182 -6.22393 0.4948449 0.3685947 0.1214896 18.06904 5.216461 0 0.0
0.005267663 0.02984101 -4.428952 -3.944827 1.834393 1.644506 0.6343088 19.85156 2.936724 0 0.0
0.02366985 0.0003848712 -3.602407 -6.527049 1.984276 1.46057 0.01870158 20.37459 2.964109 0 0.0
0.01293544 0.008836535 -2.819328 -6.892604 2.036135 1.765953 0.08112563 20.20901 2.021563 0 0.0
0.01618664 0.01822018 -5.758507 -3.256407 0.4127093 0.3088984 0.1798639 18.03579 3.694014 1 0.9039681
0.01360922 -0.005749056 2.432553 0.0844692 2.498487 1.774949 0.5892608 20.0033 2.840263 0 0.0
0.03497264 -0.01204125 -3.67633 -2.365081 1.378099 1.316303 0.6725428 19.7697 1.960974 0 0.0
0.04265234 0.01515244 -1.321619 -2.242413 0.6343573 0.4487149 0.2051599 18.81549 3.269939 0 0.0
-0.01197427 0.04825965 1.51045 -2.642174 0.4612897 0.336569 0.07467547 18.64244 2.429661 1 0.0
0.0007951401 0.01622078 -4.368208 -1.950721 0.4032632 0.3080127 0.05701548 17.59647 nan 0 0.0
-0.005445897 0.03988128 -11.53903 -3.820932 2.191717 1.783293 0.1006317 20.32312 nan 0 0.0
0.04129776 0.009133455 -4.008967 0.7439408 0.3870596 0.2890213 0.05477378 17.71606 4.091112 0 0.0
0.01566134 -0.01339975 -2.756145 -0.2669697 2.146008 1.919359 0.1936788 19.84036 nan 0 0.0
-0.0009987724 0.01729652 -6.608767 -3.876044 0.5239091 0.3866335 0.1013297 18.37284 2.887053 0 0.0
-0.01252033 0.04757102 -7.406477 -1.384294 1.549388 1.338025 0.5820982 19.43506 2.55397 0 0.0
0.02512148 -0.01459964 -0.8604736 0.6851739 0.4456302 0.326804 0.1711168 18.46551 4.112682 1 0.0
0.003656084 0.0443293 -0.005992373 -0.3772838 0.2204665 0.1614724 0.2554795 17.19232 2.302199 1 0.0
0.02571937 -0.014184 -3.735825 -8.305192 0.7611329 0.5421134 0.2830822 18.83996 3.818758 0 0.0
0.01828495 -0.02058521 1.749166 6.871791 1.118984 1.060645 0.7039234 19.45856 2.252306 0 0.0
0.006906025 0.03272672 -4.530879 -4.30225 0.3362553 0.2576182 0.07202653 17.54235 4.242318 1 0.0006518543
0.01351271 0.04569024 0.2894392 -2.391115 0.5166134 0.4049388 0.07101666 18.88583 2.40584 0 0.0
0.03105806 0.01799516 -2.798887 -4.511804 0.9610946 0.7350523 0.01051079 19.03572 3.908258 0 0.0
0.004252309 0.002199763 -5.797849 -3.70103 1.34682 1.116261 0.5834908 19.26698 2.733541 0 0.0
0.0095324 0.03326436 -1.793736 -1.038374 0.6755765 0.4931987 0.2288657 18.7616 3.256035 0 0.0
0.03134426 0.01861495 -11.70043 -11.06207 1.999554 1.67727 0.5074956 19.80045 nan 0 0.0
0.00909024 0.03219819 -1.229379 -3.028833 0.5462642 0.4054398 0.1075355 18.73144 3.526478 0 0.0
-0.009762889 0.04117601 -5.124367 -1.786076 2.784055 2.122424 -0.1429119 20.69536 nan 0 0.0
0.02293942 -0.01015305 2.123843 -3.354194 0.6159743 0.4639927 0.1745053 18.44204 2.685953 0 0.0
-0.00102455 -0.002812658 -5.549837 -3.785031 0.2540405 0.186256 -0.0608779 15.86756 4.165051 1 0.9939518
0.03878251 0.02457071 -5.879692 -4.165695 3.255449 2.245321 0.5867743 20.16711 2.221123 0 0.0
