scripts/get_globular_clusters/output/Terzan_8.csv
# %ECSV 0.9
# ---
# datatype:
# - {name: x, unit: deg, datatype: float64}
# - {name: y, unit: deg, datatype: float64}
# - {name: pmx, unit: mas / yr, datatype: float64}
# - {name: pmy, unit: mas / yr, datatype: float64}
# - {name: pmx_e, unit: mas / yr, datatype: float64}
# - {name: pmy_e, unit: mas / yr, datatype: float64}
# - {name: pm_corr, datatype: float64}
# - {name: g_mag, unit: mag, datatype: float64}
# - {name: bp_rp, unit: mag, datatype: float64}
# - {name: filter, datatype: int64}
# - {name: memberprob, datatype: float64}
# meta: !!omap
# - comments: [deg deg mas/yr mas/yr mas/yr mas/yr dimless mag   mag   zeroone float]
# - __serialized_columns__:
#     bp_rp:
#       __class__: astropy.units.quantity.Quantity
#       unit: &id001 !astropy.units.Unit {unit: mag}
#       value: !astropy.table.SerializedColumn {name: bp_rp}
#     g_mag:
#       __class__: astropy.units.quantity.Quantity
#       unit: *id001
#       value: !astropy.table.SerializedColumn {name: g_mag}
#     pm_corr:
#       __class__: astropy.units.quantity.Quantity
#       unit: !astropy.units.Unit {unit: ''}
#       value: !astropy.table.SerializedColumn {name: pm_corr}
#     pmx:
#       __class__: astropy.units.quantity.Quantity
#       unit: !astropy.units.Unit {unit: mas / yr}
#       value: !astropy.table.SerializedColumn {name: pmx}
#     pmx_e:
#       __class__: astropy.units.quantity.Quantity
#       unit: !astropy.units.Unit {unit: mas / yr}
#       value: !astropy.table.SerializedColumn {name: pmx_e}
#     pmy:
#       __class__: astropy.units.quantity.Quantity
#       unit: !astropy.units.Unit {unit: mas / yr}
#       value: !astropy.table.SerializedColumn {name: pmy}
#     pmy_e:
#       __class__: astropy.units.quantity.Quantity
#       unit: !astropy.units.Unit {unit: mas / yr}
#       value: !astropy.table.SerializedColumn {name: pmy_e}
#     x:
#       __class__: astropy.units.quantity.Quantity
#       unit: &id002 !astropy.units.Unit {unit: deg}
#       value: !astropy.table.SerializedColumn {name: x}
#     y:
#       __class__: astropy.units.quantity.Quantity
#       unit: *id002
#       value: !astropy.table.SerializedColumn {name: y}
# schema: astropy-2.0
x y pmx pmy pmx_e pmy_e pm_corr g_mag bp_rp filter memberprob
[from data line 805]
-0.008401425 -0.003750812 -2.042727 -1.268266 2.192574 1.101642 -0.3164937 20.36413 0.6082001 0 0.0
-0.07429495 -0.01679101 4.245424 -5.729944 3.87653 2.249183 -0.06533547 20.82508 0.6194592 1 0.1119805
-0.003545886 0.04291853 0.4687427 -1.583867 0.9711493 0.6741871 0.06806613 19.88815 1.026308 1 0.5688453
-0.01707968 -0.000952126 -0.7899385 -0.9036238 2.271632 1.302817 -0.2018887 20.50466 0.5550957 0 0.0
0.03071335 0.001523592 -1.764216 -1.712807 0.7791211 0.516543 -0.0312471 19.71421 0.8248482 0 0.0
-0.005289574 -0.004151105 -4.669534 -1.083548 2.107334 1.055675 -0.3709897 20.39057 0.6773682 0 0.0
-0.05090669 0.0423159 -2.436392 -6.413932 1.924464 1.512635 -0.253003 20.51526 1.400555 0 0.0
-0.01693426 0.03109899 -2.865494 -1.880777 1.752184 0.9298125 -0.2896891 20.19319 0.2842827 0 0.0
0.008071733 0.03045942 -1.896578 -10.24065 0.7793658 0.5136206 -0.02849712 19.6814 0.8940792 1 0.0
0.008496808 -0.02140143 -5.265248 -1.11695 1.070173 0.6255262 -0.1501016 19.96426 0.9588394 1 0.9399794
0.001338775 -0.008171641 -2.301226 -1.613381 0.1538621 0.09721213 -0.1818055 17.05109 1.116863 1 0.9998406
-0.001925564 0.03094807 -2.252577 -1.395239 0.152658 0.09709037 -0.1602625 17.04044 1.261442 1 0.9979552
-0.005594334 0.01361011 -2.527584 -1.570694 0.4884869 0.303332 -0.1386957 18.86827 1.078993 0 0.0
-0.006202999 0.03218764 -1.209562 -3.175449 2.020191 1.188352 -0.214077 20.46034 0.9828968 1 0.9073368
-0.03002393 -0.0277387 -2.569029 -3.230426 2.35683 1.222576 -0.3166667 20.30314 1.20993 0 0.0
0.03033453 0.003469224 -2.861417 -1.24226 0.4338045 0.2829567 -0.09470906 18.83863 1.129568 1 0.9966404
-0.003113712 -0.007523189 3.943037 -0.1925755 2.928818 1.62575 -0.1262612 20.60747 nan 0 0.0
0.05309891 0.03274348 -1.489758 -2.405583 0.6578458 0.4764114 0.0913176 19.57401 0.9457035 1 0.8037043
-0.02955293 -0.07286639 -3.864725 -12.82674 0.7776594 0.5315118 0.03426208 19.66296 2.125557 0 0.0
-0.02085756 0.03223108 -2.36621 -2.498812 0.3729208 0.2527287 -0.06645459 18.50489 0.9795399 1 0.6174961
0.01256965 -0.01815562 -2.776524 -1.722166 0.4303927 0.2863315 -0.06027507 18.85969 0.9914474 1 0.9982354
0.01267067 -0.01918561 -2.656034 -1.590551 0.3145363 0.2085873 -0.08813017 18.25413 0.2633305 1 0.9992094
0.0105054 0.06243394 -1.587025 -4.40638 0.2754331 0.190944 -0.01675385 18.2499 1.348591 1 0.0
0.06173183 0.03566734 -2.249518 -2.090618 1.281465 0.8767341 0.02187021 20.41471 0.9062691 0 0.0
-0.06203555 0.03009003 -1.527909 -1.437948 0.3681946 0.2757618 0.1026453 18.46844 1.113428 1 0.9027801
0.008378858 0.06509683 0.1181523 0.3702662 2.427806 1.342346 0.2304171 20.68972 1.238409 0 0.0
-0.01260085 -0.005586201 0.5844566 12.19227 2.366808 1.129497 -0.4575537 20.19175 0.8023453 0 0.0
-0.02765719 -0.07235077 3.952827 -16.909 1.327544 0.8787111 -0.002214747 20.34914 1.74675 0 0.0
-0.03382831 -0.001258506 -2.762289 -2.193247 2.294359 1.102088 -0.4078356 20.21572 0.8654099 0 0.0
0.01619659 0.03296833 4.227222 -8.265291 0.3951698 0.2182349 -0.1402682 18.25865 1.115469 1 0.0
-0.03652577 0.03514403 -1.676512 -2.013338 0.3967702 0.2749064 -0.03819599 18.44964 0.1870003 1 0.9463463
0.07786252 0.0162182 -4.924489 -4.866731 1.537203 1.295839 0.2661303 20.53063 nan 0 0.0
-0.02693168 0.03126044 1.259369 -7.584529 0.999549 0.6898445 0.0263889 19.96623 2.367964 0 0.0
-0.00764353 0.008330406 -2.125589 -1.930562 0.3961938 0.2414513 -0.1894762 18.50735 1.085964 0 0.0
0.01300749 0.0329994 -1.202649 -1.761343 0.6733405 0.4416615 -0.05581128 19.49019 1.169342 1 0.9751807
-0.01252963 0.02611394 12.45672 0.2248917 1.056827 0.6921307 -0.1284464 19.03625 2.05146 0 0.0
0.02325712 0.02913674 -3.507884 -1.751997 1.33341 0.7327199 -0.1841109 20.08157 0.9756908 1 0.9789768
-0.052712 -0.02624677 1.021478 -8.105919 0.368823 0.2550204 -0.0001761058 18.60606 1.046169 0 0.0
-0.03564989 -0.06152765 -7.306418 -4.395115 0.7544993 0.5089473 0.03651453 19.62628 1.211493 1 0.0
-0.03567422 -0.003651076 -14.98231 -14.46832 4.498104 4.114114 0.3700035 20.93487 0.7367382 0 0.0
0.01487115 -0.02013582 -1.875356 -1.543417 0.5103092 0.3346277 -0.0580045 19.10383 1.113651 1 0.9966245
-0.003847205 -0.01097552 -3.997921 -0.3052791 2.246849 0.960524 -0.4037941 20.31154 0.6304359 0 0.0
-0.02899566 -0.07620787 8.988959 -10.88425 1.217789 0.7736561 -0.0445914 20.16491 1.923607 0 0.0
0.00511028 0.02661062 -2.231047 -1.689412 0.2698272 0.1757509 -0.1094571 18.06312 1.181675 1 0.9990815
-0.007364319 -0.001793776 0.001386544 -0.8978757 2.247083 1.293041 -0.2419972 20.45974 0.754324 0 0.0
0.001110488 -0.05429132 -4.282608 -2.223166 0.1825946 0.1142689 -0.1500278 17.39156 0.9402885 1 0.0
-0.04999169 0.03596497 -2.780567 -3.495828 0.2989144 0.207672 -0.006355582 18.05745 1.345869 1 0.0
-0.02692299 0.00383277 -0.3142419 -2.307865 3.590437 1.729764 -0.7596403 20.39701 nan 0 0.0
-0.04444699 -0.01535489 5.979528 -7.616973 0.8704655 0.6089574 0.06191616 19.87894 1.566303 0 0.0
0.01728396 0.02817305 -4.021915 -1.813181 1.353545 0.7887462 -0.1425319 19.97743 0.8201027 0 0.0
0.06273109 0.01779093 -2.243265 -1.674751 0.2565359 0.1724596 0.08692633 17.80254 1.251041 1 0.9952619
0.01489279 -0.040945 -2.530525 -8.183998 0.2207525 0.1342704 -0.1740396 17.63418 1.090069 1 0.0
-0.05601212 0.0304299 -3.063623 -0.7976819 0.8730054 0.6565368 0.217636 19.83294 1.671646 1 0.9387155
0.03321777 0.0005575312 -4.145479 -1.68242 0.648593 0.4130655 -0.08131859 19.4115 0.9141445 0 0.0
0.03750541 0.02735018 -4.308625 -6.621579 1.331899 0.8392139 -0.01933006 20.31034 1.081911 0 0.0
0.03115617 0.0361914 -3.667075 -0.1304501 0.4931472 0.3414456 0.01110653 19.10528 1.363089 1 0.01790376
0.04191469 -0.01264517 -2.810558 -1.359095 0.274719 0.1832425 0.002380113 17.88853 1.091412 1 0.9961695
0.02997951 0.00120342 -0.4597417 -12.82031 2.09005 1.118826 -0.3401959 20.4544 0.9817886 0 0.0
0.06909377 0.03123662 -3.213375 -5.310719 0.4306818 0.3287478 0.1398026 18.9921 1.574955 1 0.0
0.002655642 0.0355829 -2.870585 -1.600184 0.2133181 0.136964 -0.1442979 17.59112 1.21863 1 0.9973403
0.01938736 0.04031096 -5.361516 -5.064046 1.216631 0.8140468 -0.003081572 20.26966 1.102736 1 0.00177388
-0.04683231 -0.001764405 -0.07198557 -3.721952 3.753638 2.744503 0.06774787 20.89328 0.7576675 0 0.0
-0.02713283 0.02710617 1.906546 -1.287602 0.281772 0.1735453 -0.1746156 17.86107 0.9822273 1 0.0
-0.05679458 -0.01062821 1.249996 -1.460188 0.5537039 0.3901214 0.1149037 19.12677 0.7552624 1 0.0
0.000326832 -0.01316507 -2.347539 -2.157454 0.424828 0.2811659 -0.05152562 18.8279 1.06624 1 0.9935672
-0.06001347 -0.03773004 0.8110655 -6.408074 0.6378292 0.4008162 0.01056821 19.28997 1.095184 0 0.0
0.02487721 0.03017769 -2.74432 -1.806899 0.4874888 0.3252508 -0.0646078 19.01995 1.008869 1 0.9952192
0.02796657 0.03504047 -3.193286 -0.6526632 1.319798 0.9239251 0.09375308 20.34291 1.044357 0 0.0
0.03303513 -0.01368266 -2.598674 -1.311068 0.2225657 0.1439007 -0.1234666 17.73432 1.173426 1 0.9980256
-0.01300623 -0.001718159 -1.781688 -2.429814 0.7053397 0.469196 -0.003226685 19.56046 0.9717369 0 0.0
0.04122709 0.03004926 5.835872 -3.617653 0.7067486 0.4748801 -0.03838657 19.6043 1.035637 1 0.0
0.06322791 0.03932453 -2.46661 -1.918603 0.5222854 0.3624978 0.02152556 19.24586 0.9256592 0 0.0
-0.008653374 -0.01400093 -3.401171 -0.7705243 2.104017 1.112985 -0.2246292 20.3256 0.7520103 0 0.0
-0.0646621 -0.01056517 -0.2183775 -1.151479 0.1573506 0.1066474 -0.05111055 16.93155 1.296455 1 0.0
0.02123187 -0.07405409 1.439601 -2.928088 2.649952 1.564617 -0.1711343 20.62157 0.8492985 0 0.0
0.0553588 0.04392292 -2.528315 -3.469249 0.6779814 0.5045175 0.152479 19.66069 0.7759037 1 0.06441624
0.01321798 -0.07803119 9.072656 -4.129603 2.138076 1.101459 -0.3994838 20.40961 1.928812 0 0.0
0.00358795 -0.06380142 -1.335469 4.489749 0.3807354 0.2648472 0.03366247 18.60224 1.886276 1 0.0
-0.04080975 -0.004179817 -2.81342 -0.03343427 1.894024 0.8963182 -0.3682974 20.14613 0.9839573 0 0.0
-0.04532896 0.02570223 0.03322276 -1.792013 2.08318 1.183252 -0.2453873 20.38246 0.5881538 1 0.8586411
0.02895543 -0.03410506 2.125798 -12.59217 0.2548248 0.1780007 0.09195487 17.84041 0.8989677 1 0.0
0.007203306 -0.06260384 -2.256725 -6.185069 0.1873691 0.1223741 -0.02967175 17.286 1.146152 1 0.0
-0.07798216 0.00429334 -2.0443 -5.061393 3.854617 2.600831 0.1453847 20.83253 0.4513912 0 0.0
0.0489995 -0.009669682 -0.07894539 -6.254873 0.9102217 0.5817993 -0.05116743 19.82147 1.117771 0 0.0
0.02569864 0.06832441 3.000537 -3.364807 1.341648 0.9833802 0.09361427 20.45694 1.165716 1 0.001133308
0.0007567586 -0.02612741 16.44048 -12.16866 2.743478 1.413123 -0.3463243 20.60875 1.563213 0 0.0
-0.001444568 0.02439061 -7.052371 -0.9689739 2.329099 1.185843 -0.3124156 20.48844 0.5192242 0 0.0
0.03053503 -0.001875239 1.305214 1.450695 1.157962 0.7080141 -0.1194162 20.1255 1.621473 0 0.0
0.03075947 -0.01085893 -2.856224 -2.089561 3.330705 1.627623 -0.2836979 20.70848 0.6358719 0 0.0
-0.008354195 0.03053569 -1.3831 -1.679701 0.503098 0.3365076 -0.04186629 19.00431 0.9964752 1 0.9820747
0.05050786 -0.02563126 7.338796 -8.611704 3.528264 1.676553 -0.7719613 20.45316 0.5692329 0 0.0
0.05732234 -0.009781702 -5.314295 -5.601757 0.17973 0.1193517 -0.08446512 17.31605 0.9660568 1 0.0
0.02478105 -0.03915822 -6.470413 1.393232 0.271018 0.1805051 0.001072402 18.02091 1.3097 1 0.0
0.06859457 0.008543383 7.315783 -5.110652 0.8534482 0.5837879 0.01141413 19.93604 1.709887 0 0.0
0.01044337 -0.03027081 -1.980883 -2.44 1.676656 0.8547524 -0.255598 20.14949 0.713871 0 0.0
0.0005291666 -0.01929147 -2.420547 -2.221981 2.10892 1.036386 -0.3615488 20.41227 0.8699379 0 0.0
0.03522735 0.0266874 -4.088317 -6.636838 0.1723131 0.1096052 -0.1926722 17.2105 1.07106 1 0.0
0.02397085 -0.04253017 1.685387 -2.217154 0.1768463 0.1135276 -0.02573557 17.18716 0.9890938 1 0.0
0.01504755 -0.02388952 -5.222621 -2.044334 1.921786 0.9299457 -0.3761097 20.32056 0.891901 0 0.0
-0.01214872 0.01711131 -2.028561 -1.70621 0.2062448 0.12521 -0.2334524 17.36585 1.161854 1 0.998256
-0.04715002 0.02367182 -2.109795 -1.89817 0.3003506 0.2151764 0.05452325 18.24485 1.135395 1 0.9870798
-0.04930003 0.02171748 -2.688461 -2.639394 0.6748156 0.4805201 0.1338948 19.44989 1.022745 1 0.8960947
-0.01754002 0.02293541 3.595221 -2.631835 0.2024952 0.1228455 -0.2478823 17.22679 0.9671688 1 0.0
-0.02293995 -0.03567107 -3.677026 -2.38625 3.945478 1.787865 -0.3883092 20.75487 0.9491272 0 0.0
-0.00746252 -0.03589718 -2.360332 -1.610481 0.3725022 0.2440905 -0.07762362 18.47417 0.2070293 1 0.9982811
-0.00913155 -0.03681287 0.1187976 0.9532111 0.8253193 0.5498183 -0.01088727 19.57039 1.019279 0 0.0
0.004044083 -0.0414664 -5.374907 -7.783114 0.9273066 0.6325984 0.04760048 19.85009 1.320131 0 0.0
0.001794281 -0.001484486 -2.373805 -1.601649 0.08590723 0.05209516 -0.5302778 15.11001 1.463986 1 0.9999643
0.0112062 0.0007425775 1.696619 -3.049277 3.069015 1.536414 -0.3112896 20.6512 0.5903358 0 0.0
-0.03194254 -0.03728378 -4.733156 -8.045612 0.3618826 0.2469041 -0.01351479 18.48953 0.8888874 1 0.0
-0.03013906 0.01161749 -11.38856 -3.122809 4.026537 2.473822 0.2318702 20.79456 0.281105 0 0.0
0.01654483 0.001645789 -2.359322 -2.293332 1.91089 0.991136 -0.3707259 20.24192 0.8024731 0 0.0
0.0003774986 0.003356383 -5.344078 -1.912356 1.889266 0.9675672 -0.3572637 20.23239 0.6975327 0 0.0
0.02730471 0.02326472 -3.860894 -0.9057951 1.758088 0.9408582 -0.3102889 20.33225 0.6980171 0 0.0
-0.01839039 -0.02356592 -3.62521 -0.8594516 2.662709 1.866092 0.1976023 20.54481 0.3932533 0 0.0
-0.01750411 -0.02848288 3.746444 -7.923475 0.1895272 0.1286626 -0.1225495 17.3819 1.051664 1 0.0
0.02239381 0.01850541 -1.864642 -1.618136 0.280096 0.1830729 -0.1204403 18.09503 0.3814831 1 0.9956666
-0.004178434 0.03712398 -2.550398 -1.618661 0.1181756 0.07340042 -0.2234775 16.49785 1.321338 1 0.9996949
0.0469423 0.0214823 10.03352 -13.09055 1.58179 1.166684 0.1051401 20.64995 1.273716 0 0.0
-0.01861737 -0.02659103 -2.185405 -4.727569 2.450221 1.55932 -0.07561697 20.56347 0.9532986 1 0.7110349
-0.01800975 -0.02940614 -2.515652 -1.414615 0.1371942 0.09226442 -0.136192 16.78948 1.262899 1 0.9993916
-0.02327928 0.00284584 7.275248 -10.30927 1.814522 1.015554 -0.2720746 20.35298 1.840731 0 0.0
0.05972989 -0.003710362 -3.152853 -0.3136172 2.221459 1.171311 -0.2527046 20.39117 1.093187 0 0.0
-0.06463665 0.02249684 -0.9015763 -0.2613271 3.333704 1.985521 -0.115897 20.76758 0.5067234 0 0.0
