scripts/get_globular_clusters/output/Terzan_5_11.csv
# %ECSV 0.9
# ---
# datatype:
# - {name: x, unit: deg, datatype: float64}
# - {name: y, unit: deg, datatype: float64}
# - {name: pmx, unit: mas / yr, datatype: float64}
# - {name: pmy, unit: mas / yr, datatype: float64}
# - {name: pmx_e, unit: mas / yr, datatype: float64}
# - {name: pmy_e, unit: mas / yr, datatype: float64}
# - {name: pm_corr, datatype: float64}
# - {name: g_mag, unit: mag, datatype: float64}
# - {name: bp_rp, unit: mag, datatype: float64}
# - {name: filter, datatype: int64}
# - {name: memberprob, datatype: float64}
# meta: !!omap
# - comments: [deg deg mas/yr mas/yr mas/yr mas/yr dimless mag   mag   zeroone float]
# - __serialized_columns__:
#     bp_rp:
#       __class__: astropy.units.quantity.Quantity
#       unit: &id001 !astropy.units.Unit {unit: mag}
#       value: !astropy.table.SerializedColumn {name: bp_rp}
#     g_mag:
#       __class__: astropy.units.quantity.Quantity
#       unit: *id001
#       value: !astropy.table.SerializedColumn {name: g_mag}
#     pm_corr:
#       __class__: astropy.units.quantity.Quantity
#       unit: !astropy.units.Unit {unit: ''}
#       value: !astropy.table.SerializedColumn {name: pm_corr}
#     pmx:
#       __class__: astropy.units.quantity.Quantity
#       unit: !astropy.units.Unit {unit: mas / yr}
#       value: !astropy.table.SerializedColumn {name: pmx}
#     pmx_e:
#       __class__: astropy.units.quantity.Quantity
#       unit: !astropy.units.Unit {unit: mas / yr}
#       value: !astropy.table.SerializedColumn {name: pmx_e}
#     pmy:
#       __class__: astropy.units.quantity.Quantity
#       unit: !astropy.units.Unit {unit: mas / yr}
#       value: !astropy.table.SerializedColumn {name: pmy}
#     pmy_e:
#       __class__: astropy.units.quantity.Quantity
#       unit: !astropy.units.Unit {unit: mas / yr}
#       value: !astropy.table.SerializedColumn {name: pmy_e}
#     x:
#       __class__: astropy.units.quantity.Quantity
#       unit: &id002 !astropy.units.Unit {unit: deg}
#       value: !astropy.table.SerializedColumn {name: x}
#     y:
#       __class__: astropy.units.quantity.Quantity
#       unit: *id002
#       value: !astropy.table.SerializedColumn {name: y}
# schema: astropy-2.0
x y pmx pmy pmx_e pmy_e pm_corr g_mag bp_rp filter memberprob
[from data line 2367]
-0.008375556 -0.03246841 -1.306991 -4.237286 1.858889 1.521613 0.6412528 20.19644 2.742823 0 0.0
0.05333415 0.01512593 -4.041771 -4.355154 1.100292 0.9179551 0.5340851 19.59094 2.697006 0 0.0
0.00336982 -0.0207704 -4.562704 -5.012539 1.222405 1.031861 0.6211451 19.56103 3.549456 0 0.0
0.00442258 -0.01970423 -2.595397 -4.793842 0.6306034 0.5031937 0.2891819 18.89543 3.583626 0 0.0
0.0389801 0.01631573 -2.350158 -6.164843 0.2886109 0.2484799 0.3357619 16.88296 2.188597 0 0.0
-0.007018305 -0.03107786 -5.575994 -5.442996 1.203519 1.015052 0.5712969 19.6378 3.088776 0 0.0
0.02723236 0.02511365 7.673342 -5.330834 0.5262595 0.4098875 0.2614225 18.44852 3.913744 0 0.0
-0.03604217 -0.05407217 -1.27682 -9.221641 0.3948528 0.3097975 0.2431399 17.72112 4.210367 0 0.0
0.002788528 0.0003782951 0.4725996 -2.449518 1.129268 0.8688107 0.3960791 17.40236 nan 0 0.0
-0.004082288 -0.02255189 1.473104 -2.079772 3.644328 3.245032 0.5248533 20.62901 2.012096 0 0.0
0.0009874992 -0.001118946 -1.191265 -4.84257 0.5202766 0.4491727 0.4444212 16.36372 4.646023 0 0.0
0.05028295 0.007820153 -5.417353 -2.987915 2.272122 1.909363 0.5210867 20.60616 2.649933 0 0.0
-0.01671247 -0.03966186 0.1576265 -3.305144 1.844536 1.485426 0.6073751 20.35062 nan 0 0.0
-0.01518982 -0.03315951 0.3073158 -9.442897 1.70987 1.390927 0.6090428 20.23852 2.263147 0 0.0
0.04530746 -0.03455159 1.986578 -7.441834 1.596247 1.251994 0.3975963 20.13143 3.105942 0 0.0
0.02392269 -0.03588267 -6.77804 -5.20363 1.081222 0.9188869 0.5848484 19.26889 3.92366 0 0.0
0.01051785 -0.01369454 -0.7224102 -3.070048 1.499361 1.265367 0.6275028 19.76265 nan 0 0.0
0.02981773 -0.05675415 0.4253167 -2.741307 0.5073402 0.4002599 0.3176572 18.95197 2.085192 0 0.0
0.03523496 0.00188776 0.8102693 -2.085837 1.398521 1.165666 0.5541071 19.8992 2.991415 0 0.0
-0.01626952 -0.03783837 -1.956145 -2.903331 1.80398 1.474273 0.5617992 20.28371 1.380873 0 0.0
0.04551762 0.009778932 -2.037055 -3.47777 1.502524 1.245826 0.5190543 20.02739 2.128593 0 0.0
0.002898321 -0.04401906 -3.809087 -7.880226 0.8942467 0.7418517 0.5525433 19.06784 nan 0 0.0
-0.02632192 -0.04954359 -2.863512 -4.134686 0.4658175 0.3696923 0.356364 18.47234 4.102354 0 0.0
0.004312362 -0.002578139 -5.752433 -9.539068 1.632 1.357303 0.5347141 18.56743 nan 0 0.0
0.0555617 -0.02295908 -4.069307 -1.209942 2.173879 1.772683 0.4651878 20.20828 2.372011 0 0.0
0.06337508 -0.02059008 -1.976368 -1.753461 0.3021548 0.2302118 0.3609233 17.80652 nan 0 0.0
0.06309802 -0.02063953 -3.407063 -3.972845 1.426638 1.265379 -0.08310475 19.51599 nan 0 0.0
0.01520263 0.008096435 3.420951 -2.392256 1.194845 1.018897 0.4439794 19.49185 2.857637 0 0.0
0.02622844 -0.004404261 -3.571314 0.05339351 1.583912 1.31153 0.4879662 20.03445 2.276445 0 0.0
0.03784396 0.01641717 -1.903274 -6.126264 0.3190213 0.2462242 0.2506487 17.44314 3.914675 1 0.002995795
0.02594273 -0.04569448 1.768124 -5.748671 0.4264176 0.3393982 0.3378339 18.60823 3.676662 0 0.0
-0.003611665 -0.01137672 -1.554142 -5.621798 2.059325 1.689617 0.609108 19.61429 nan 0 0.0
-0.003556269 -0.01088271 -7.300204 -7.614845 2.238629 1.880154 0.6723315 19.88533 nan 0 0.0
0.004921913 -0.002808951 -1.386498 -7.295894 0.473926 0.3776433 0.2777405 17.19751 4.324606 0 0.0
-0.03056171 -0.04071926 -1.34332 0.4875237 0.5697067 0.4567121 0.3735051 18.98034 3.150482 0 0.0
0.006805258 -0.01641988 -4.666887 -6.304175 1.280975 1.0914 0.5088114 19.53819 nan 0 0.0
-0.01568969 -0.02315362 -0.3346143 -4.535398 1.128414 0.9365737 0.5284286 19.63031 2.823029 0 0.0
-0.004359528 -0.01653612 2.265304 -1.097796 1.922139 1.517003 0.4871635 20.0402 nan 0 0.0
0.007276226 -0.01648285 -2.638441 -4.755276 0.6105911 0.4818542 0.2574128 18.57122 nan 0 0.0
-0.0001485043 -0.008254334 -21.24961 0.02164684 1.372556 1.201058 0.1641026 19.03648 nan 0 0.0
0.03468671 0.02306521 -5.829687 -5.245193 2.311099 1.890596 0.3249364 20.22555 3.1099 0 0.0
0.05957778 -0.0246642 3.629636 -3.782192 0.8668897 0.7216052 0.565274 19.10415 2.703804 0 0.0
0.02101911 -0.006968653 -3.456401 -5.208081 1.258626 1.049489 0.5374139 19.46157 2.334705 0 0.0
-0.03161104 -0.05331374 -4.62976 -7.74302 0.8276013 0.6971342 0.5902739 19.0752 3.543684 0 0.0
-0.02499689 -0.02767175 -3.015967 -6.008779 2.806311 2.516434 0.0009595785 20.42918 1.781853 0 0.0
0.04271379 -0.005103114 -0.6715528 -0.1224655 1.360526 1.159676 0.4069357 19.95948 2.924109 0 0.0
0.02971009 -0.04369833 0.5961437 -6.913971 1.023535 0.8669178 0.5536078 19.37809 2.925175 0 0.0
-0.02986585 -0.05474764 -0.539924 -4.446439 0.8300328 0.7002596 0.5702109 19.10134 3.758287 0 0.0
0.001181441 -0.002341558 -1.339844 -2.007275 0.9815393 0.79335 0.3513152 17.95712 nan 0 0.0
0.03321561 0.01442913 -1.339816 -2.780524 0.3394733 0.2624912 0.3210109 17.78693 3.793455 1 5.409237e-05
0.0161676 -0.02929535 0.4838025 -7.492835 1.241547 1.011053 0.5030315 19.9441 2.966263 0 0.0
0.01359423 -0.003200604 -0.5207892 -7.970509 1.868443 1.545634 0.5468187 20.05608 nan 0 0.0
-0.0001762172 -0.003405853 -1.172477 -5.642225 0.6472057 0.5352835 0.3622503 17.74947 nan 0 0.0
-0.01684777 -0.06315087 -1.994248 -2.84284 0.6252626 0.4793362 0.5840591 18.80208 2.389507 0 0.0
0.05622525 -0.02586236 -0.02749353 -10.52004 1.881872 1.523379 0.6426083 20.32065 2.656015 0 0.0
0.03679992 -0.04664518 -7.74038 -4.177947 0.8324689 0.7037056 0.5761921 19.17302 3.462948 0 0.0
0.04177657 0.009208042 -0.9708817 -1.471014 1.001765 0.8378257 0.5804659 19.44403 2.17828 0 0.0
0.05242069 0.01752004 -4.317651 -8.372243 1.241761 1.032533 0.6117431 19.66957 2.984749 0 0.0
0.04715396 0.01359683 -0.9595821 -1.52997 1.221381 1.01798 0.5396071 19.71686 3.59486 0 0.0
0.003730369 -0.007224421 0.3585976 -1.483772 0.8111532 0.6378162 0.3837226 18.65849 2.913197 0 0.0
0.06456857 -0.01627818 -3.658508 -3.070021 0.3615479 0.2820347 0.2471421 17.93622 3.903322 1 0.0
0.007858416 -0.01012951 2.579643 1.005863 1.096858 0.9627518 0.3728369 19.10088 nan 0 0.0
0.0189152 0.004607384 -4.156778 -2.233672 0.1800421 0.1516623 0.4051961 16.75986 2.755293 1 0.0
0.004172703 -0.03593003 -4.217822 -3.566918 2.096455 1.737913 0.3931902 20.20123 2.430573 0 0.0
0.0333267 0.01535226 -1.944829 -3.074336 0.2343901 0.181605 0.2739912 17.51682 2.321646 1 2.172483e-05
0.02750644 0.01131202 -1.266223 -4.760063 0.3350975 0.2810822 0.3770609 16.42888 5.947623 1 0.8905671
0.0149483 -0.03294395 -2.754459 -5.764878 1.504979 1.228931 0.5912126 20.09438 2.779015 0 0.0
0.00627982 0.002178705 0.8976814 -5.165726 1.172101 0.993498 0.2082859 18.99455 nan 0 0.0
0.0115164 -0.001012665 -0.5121437 -4.909693 0.4302629 0.3344426 0.0913762 17.20676 nan 0 0.0
-0.00175488 -0.04873591 -2.316805 -2.812299 0.9411249 0.7921708 0.6036423 19.16426 2.41366 0 0.0
0.01040707 -0.01322532 -1.613782 -4.780786 0.4166032 0.3269421 0.2346627 18.34623 3.799595 0 0.0
-0.02482781 -0.04198637 -3.086562 -5.824802 1.414887 1.191958 0.5957347 19.88626 1.996887 0 0.0
0.003785861 -0.004617077 -2.698277 -6.764974 0.7712813 0.5961762 0.447618 18.56317 nan 0 0.0
-0.005772646 -0.01210922 -3.746764 -6.651271 1.165238 0.9743596 0.5394599 19.37288 nan 0 0.0
0.01680184 -0.05055664 1.512747 -1.902632 0.5118121 0.3984576 0.3006679 18.88062 1.82449 0 0.0
0.02783977 0.01494353 -9.172786 -10.40977 1.744993 1.454233 0.5747594 19.87941 3.982822 0 0.0
-0.002475772 -0.01012928 9.31778 -12.07464 1.804715 1.508369 0.2541438 19.72517 nan 0 0.0
0.0285055 0.01780822 -0.3499336 -0.8425932 1.881953 1.542014 0.2829201 20.31271 2.80415 0 0.0
-0.001450505 -0.02385645 -2.364796 -8.53311 1.134533 0.9459517 0.5253441 19.45066 3.28298 0 0.0
-0.009177642 -0.04908146 -3.266955 -1.481763 1.703471 1.372721 0.5017478 20.35941 2.295322 0 0.0
0.03257004 -0.01685693 -0.7980125 -5.653558 2.271741 1.943853 0.4135685 20.51772 nan 0 0.0
-0.002835924 -0.0110658 1.441709 -1.037112 1.481089 1.197719 0.5565389 19.97515 nan 0 0.0
0.04264091 0.02473357 -6.1647 0.09786742 2.684832 2.369505 0.4841579 20.53741 2.416218 0 0.0
-0.0209781 -0.03974452 -4.76815 -9.7492 0.9772313 0.8226204 0.6013451 19.31075 2.947475 0 0.0
0.02483261 -0.05673398 -0.03444265 -1.577618 2.504867 2.210321 0.7844238 20.44652 nan 0 0.0
0.02994248 0.001088063 2.001484 -1.459731 1.182407 0.983359 0.5700402 19.72901 2.086035 0 0.0
-0.02091889 -0.06230844 -1.63118 -0.4352422 0.3342629 0.2658326 0.3517872 18.2209 3.455961 1 0.0
0.05069882 0.008363578 -0.2042349 -9.593091 1.514924 1.237239 0.6074593 20.00458 2.52544 0 0.0
0.04393889 0.01186614 2.264663 -0.2734557 1.398954 1.178845 0.3964443 20.03904 2.426414 0 0.0
0.01251447 0.004905741 -0.2794688 -4.096308 0.4252469 0.3224043 0.1094846 17.87796 4.180204 0 0.0
0.004062623 -0.01397454 -3.503925 -3.761387 1.358714 1.157793 0.4828575 19.42387 3.630199 0 0.0
0.002206585 -0.003897969 -1.747341 -4.78102 0.3162663 0.2438153 0.1581755 16.19991 4.391652 0 0.0
0.0506132 0.002248653 -0.865894 -1.964618 0.2313012 0.1794626 0.2089804 17.44287 1.953732 1 0.0
0.005614561 -0.003526143 -0.01893925 -1.40044 0.5242158 0.4146389 0.2730208 17.61415 4.429996 0 0.0
0.02976655 -0.0392485 -5.089581 -2.477335 1.542465 1.260817 0.6046617 19.9658 nan 0 0.0
0.01256354 -0.05778499 2.366869 -1.639379 0.1783394 0.1522755 0.4421191 16.47203 3.189645 1 0.0
0.0492687 -0.03423648 1.413216 -1.827006 1.507523 1.24443 0.7511209 19.58883 2.365067 0 0.0
-0.01211656 -0.01790992 0.6835816 -4.136921 1.563033 1.253023 0.5615909 19.99096 3.020782 0 0.0
0.005725447 -0.002284464 2.752749 -1.417126 2.351914 1.874211 0.4809429 19.72072 nan 0 0.0
0.06034943 0.02407009 -1.635168 -10.0003 1.103996 0.9205474 0.5468743 19.46637 3.066893 0 0.0
0.007886788 0.0003532803 1.266571 -3.504903 0.4846607 0.357628 0.1907564 17.34953 4.630096 0 0.0
0.009161598 0.003679609 -2.851357 -7.451635 0.405612 0.3436979 0.3392241 16.57568 5.569615 0 0.0
0.0316556 -0.01766541 -3.40611 -7.182435 1.135745 0.948593 0.4620216 19.61023 2.908119 0 0.0
-0.0348507 -0.05605165 -1.519911 -5.60119 0.5550299 0.4430336 0.3538422 18.89203 2.987936 0 0.0
-0.001311795 -0.04241114 0.3744436 1.979903 1.737217 1.417696 0.5669047 20.4181 2.359274 0 0.0
0.04475951 -0.0177858 -1.160848 -5.446884 0.3323573 0.2581696 0.2929376 17.92027 3.774662 1 0.168182
-0.02391152 -0.05357905 -6.5486 -8.809224 0.9299402 0.7853314 0.5965339 19.15077 2.900393 0 0.0
-0.0005640408 -0.0200551 -0.1715054 -3.945983 2.031748 1.702182 0.7424746 19.91593 2.278698 0 0.0
0.001846393 -0.003978072 -2.723428 -4.443188 0.6516133 0.5092307 0.1896126 17.44029 nan 0 0.0
-0.02360987 -0.03780904 -0.2171267 -3.521651 0.4771837 0.380009 0.3408536 18.48076 4.011719 0 0.0
-0.01308192 -0.05836488 -2.188862 -1.784772 1.332185 1.116509 0.5505205 19.96765 2.663052 0 0.0
0.007164299 -0.03568603 -3.254737 -3.097784 0.6598343 0.5137653 0.4598318 17.97894 4.508705 0 0.0
0.05968491 0.02531401 -4.937101 -4.22318 1.404116 1.171304 0.5514474 19.87801 nan 0 0.0
-0.0007025375 -0.02362756 -2.354404 -2.859704 1.165586 0.9747079 0.4761138 19.44276 3.457069 0 0.0
-0.004609021 -0.0123495 2.309631 -3.979257 0.614914 0.4902978 0.3212523 18.64124 3.46294 0 0.0
-0.01685171 -0.03418207 -0.64273 -2.898729 1.102392 0.9274182 0.5981028 19.56461 2.752253 0 0.0
-0.03119586 -0.05230084 -0.8231219 -4.815312 1.295085 1.088782 0.5917635 19.68953 1.399183 0 0.0
0.05220315 -0.03845292 -3.554822 -5.811595 2.32005 1.976159 0.9027968 19.90402 2.333582 0 0.0
-0.009068476 -0.02692951 -1.348248 -5.883644 1.384584 1.166736 0.6266719 19.62847 3.378851 0 0.0
0.06037767 0.0251401 1.189021 -0.1709248 0.6414194 0.5011559 0.3594777 18.88358 2.579199 0 0.0
0.007332756 0.002502896 -0.4154142 -5.714418 0.4035505 0.3435764 0.2738799 16.96357 5.399668 0 0.0
0.01475732 -0.008369652 -1.179234 -5.514013 0.9515035 0.8225192 0.3272063 19.04523 2.566853 0 0.0
0.0420755 -0.00814321 -3.318691 -5.827088 1.299045 1.117392 0.407474 19.718 2.955973 0 0.0
0.0005718608 -0.006379411 -2.290812 -4.230702 0.3558788 0.2773996 0.2061537 17.58694 nan 0 0.0
0.001098147 -0.02175264 -2.588405 -3.516795 1.286983 1.084058 0.5687832 19.6718 3.071133 0 0.0
-0.01828791 -0.06269903 0.5738631 -4.673924 0.5459473 0.423538 0.5021333 18.84448 3.033371 0 0.0
0.01248657 0.003028913 -4.290827 -4.860944 1.822257 1.559826 0.0297735 20.06545 3.126141 0 0.0
-0.007988164 -0.02599865 -3.425823 -1.322238 0.4974317 0.3937122 0.3165337 18.53921 3.749638 0 0.0
-0.01585615 -0.0212978 -2.100613 -1.204644 1.153495 0.9589914 0.5532253 19.80757 nan 0 0.0
-0.004276591 -0.01144159 5.49979 0.2401055 1.248956 1.061305 0.6088691 19.1045 nan 0 0.0
-0.02848244 -0.04878303 -2.490625 -4.437349 2.805137 2.20228 0.8651012 20.10405 nan 0 0.0
0.008940007 0.004761092 1.000472 -2.783466 0.4972201 0.3800249 0.2465476 16.1696 5.761623 0 0.0
0.03254813 0.005228261 -1.765492 -4.070906 1.635083 1.359112 0.505437 20.08873 nan 0 0.0
-0.02551634 -0.06105999 -2.535011 -0.2427287 2.409107 2.038451 0.5178843 20.74516 1.975323 0 0.0
-0.01253044 -0.03453823 -1.888527 -4.678833 2.215829 1.791398 0.6848514 20.14815 2.587561 0 0.0
-0.01712985 -0.02596334 -5.037373 -8.045871 0.4311693 0.3363942 0.254373 17.19912 5.04812 0 0.0
0.01027011 0.005657443 3.715718 -3.985017 2.008943 1.820809 -0.2136962 19.83844 nan 0 0.0
0.03191512 0.02196922 -3.03179 -5.1702 0.5612679 0.4354551 0.2628828 18.40339 nan 0 0.0
-0.02103495 -0.03116909 -2.351132 -6.040335 0.4668213 0.4067652 0.3900763 17.03311 4.831645 0 0.0
-0.02925948 -0.04235545 -2.327037 -4.583882 1.247929 1.04399 0.6137675 19.67201 nan 0 0.0
-0.02136308 -0.05602571 -1.257694 -7.059982 2.369139 1.950637 0.5838214 20.58146 2.665182 0 0.0
0.04850697 0.001236692 -4.051406 -1.676675 0.4127234 0.3150395 0.1529524 18.50777 2.080778 0 0.0
0.02745168 0.01431229 -4.734311 -8.377104 2.523496 2.111868 0.2050077 20.27763 nan 0 0.0
-0.01718488 -0.02863173 -3.751909 -3.295062 1.872195 1.55841 0.5728666 20.25364 2.444611 0 0.0
-0.01646449 -0.02975315 -0.3926352 -2.185235 0.4533188 0.355401 0.2514063 18.4175 3.459576 0 0.0
0.009544875 -0.0566384 -6.19953 -6.215195 1.278344 1.044495 0.6177556 20.00493 3.06358 0 0.0
0.03329373 -0.004274348 0.8381661 -5.539179 2.264152 1.871866 0.5616601 20.59275 2.029047 0 0.0
-0.03562744 -0.05163827 -3.382772 -7.813386 0.833143 0.6956275 0.5619111 19.00181 nan 0 0.0
-0.01599394 -0.02689588 -1.436875 -1.86335 0.4668097 0.3991988 0.4733835 18.10249 4.407972 0 0.0
0.04130303 0.001765726 -2.451254 -5.23975 1.546588 1.260611 0.5791136 20.1058 2.782867 0 0.0
0.01425483 -0.04124274 -3.054097 0.6663743 1.329131 1.167313 0.4754823 19.00035 3.265678 0 0.0
0.02225918 -0.04436053 -4.48991 -7.03624 0.4387094 0.3442448 0.3055059 17.79743 4.550259 0 0.0
0.05970348 0.006286285 -0.03766531 -5.47296 2.080427 1.747988 0.6045638 20.42667 2.40527 0 0.0
-0.03510435 -0.04055262 -1.490955 -3.728971 2.103173 1.727595 0.8223238 20.02364 2.324699 0 0.0
-0.0203431 -0.0270739 1.02249 -4.514078 0.8762805 0.7424359 0.5559649 19.30333 3.197802 0 0.0
0.009134023 0.005493499 -0.9999582 -4.161454 0.3472353 0.2915585 0.3691327 16.74539 5.373936 0 0.0
-0.00821051 -0.01498373 -6.513921 -8.799296 1.415741 1.18057 0.7653188 19.18211 3.572195 0 0.0
0.01040715 -0.01227165 -0.4399829 -1.339447 1.508596 1.27303 0.5843965 19.85752 nan 0 0.0
-0.01690343 -0.0611081 -6.650132 -5.949704 1.465016 1.233541 0.5867952 19.88672 2.436087 0 0.0
0.03678858 0.008482921 -2.906397 -3.79099 1.052301 0.8772401 0.5511729 19.66455 3.49444 0 0.0
-0.01757338 -0.02383862 -1.448165 -4.2851 1.257758 1.064094 0.6240821 19.35237 2.968306 0 0.0
0.0130117 -0.00974847 1.736999 -3.64683 0.8895564 0.7457694 0.6153157 19.05191 nan 0 0.0
-0.002779696 -0.04746373 2.682131 -3.905846 1.27639 1.040488 0.6047505 19.91184 2.13204 0 0.0
0.03889546 0.01148635 -2.832897 -4.141635 0.9503985 0.7920069 0.5744596 19.4003 3.230862 0 0.0
0.02820184 0.02296385 0.4122238 1.490555 0.292347 0.2329954 0.3495197 18.04323 2.47385 1 0.0
0.05007373 -0.02997197 -3.769193 -7.774234 1.593402 1.298696 0.6153511 19.93563 nan 0 0.0
-0.02363917 -0.02943388 -3.460333 -1.659099 1.831053 1.500344 0.5364753 20.40048 2.14916 0 0.0
-0.03612902 -0.0411995 2.99695 -12.09868 1.569197 1.274632 0.8014899 19.52541 2.244497 0 0.0
