scripts/get_globular_clusters/output/Terzan_4_HP_4.csv
# %ECSV 0.9
# ---
# datatype:
# - {name: x, unit: deg, datatype: float64}
# - {name: y, unit: deg, datatype: float64}
# - {name: pmx, unit: mas / yr, datatype: float64}
# - {name: pmy, unit: mas / yr, datatype: float64}
# - {name: pmx_e, unit: mas / yr, datatype: float64}
# - {name: pmy_e, unit: mas / yr, datatype: float64}
# - {name: pm_corr, datatype: float64}
# - {name: g_mag, unit: mag, datatype: float64}
# - {name: bp_rp, unit: mag, datatype: float64}
# - {name: filter, datatype: int64}
# - {name: memberprob, datatype: float64}
# meta: !!omap
# - comments: [deg deg mas/yr mas/yr mas/yr mas/yr dimless mag   mag   zeroone float]
# - __serialized_columns__:
#     bp_rp:
#       __class__: astropy.units.quantity.Quantity
#       unit: &id001 !astropy.units.Unit {unit: mag}
#       value: !astropy.table.SerializedColumn {name: bp_rp}
#     g_mag:
#       __class__: astropy.units.quantity.Quantity
#       unit: *id001
#       value: !astropy.table.SerializedColumn {name: g_mag}
#     pm_corr:
#       __class__: astropy.units.quantity.Quantity
#       unit: !astropy.units.Unit {unit: ''}
#       value: !astropy.table.SerializedColumn {name: pm_corr}
#     pmx:
#       __class__: astropy.units.quantity.Quantity
#       unit: !astropy.units.Unit {unit: mas / yr}
#       value: !astropy.table.SerializedColumn {name: pmx}
#     pmx_e:
#       __class__: astropy.units.quantity.Quantity
#       unit: !astropy.units.Unit {unit: mas / yr}
#       value: !astropy.table.SerializedColumn {name: pmx_e}
#     pmy:
#       __class__: astropy.units.quantity.Quantity
#       unit: !astropy.units.Unit {unit: mas / yr}
#       value: !astropy.table.SerializedColumn {name: pmy}
#     pmy_e:
#       __class__: astropy.units.quantity.Quantity
#       unit: !astropy.units.Unit {unit: mas / yr}
#       value: !astropy.table.SerializedColumn {name: pmy_e}
#     x:
#       __class__: astropy.units.quantity.Quantity
#       unit: &id002 !astropy.units.Unit {unit: deg}
#       value: !astropy.table.SerializedColumn {name: x}
#     y:
#       __class__: astropy.units.quantity.Quantity
#       unit: *id002
#       value: !astropy.table.SerializedColumn {name: y}
# schema: astropy-2.0
x y pmx pmy pmx_e pmy_e pm_corr g_mag bp_rp filter memberprob
[from data line 503]
-0.01630483 -0.02424696 -1.887094 -1.828184 1.856669 1.525995 0.5967037 19.68214 nan 0 0.0
-0.03582992 -0.001751428 0.593581 -1.481756 1.663528 1.471836 0.663366 19.86108 3.101822 0 0.0
-0.03144041 0.008320958 -4.756447 -1.369539 0.58405 0.4498129 0.1434304 18.96036 2.246063 0 0.0
-0.008091091 -0.04448285 0.7215796 -4.15679 0.5462727 0.4228432 0.1199993 19.07185 2.860561 0 0.0
0.03962336 -0.01582157 -3.130299 -2.14506 0.1861224 0.1430057 0.20254 16.46338 3.114374 1 0.0
-0.04430766 0.006324455 -4.672715 -5.766297 0.5470107 0.4062309 0.1708164 18.52334 4.031233 0 0.0
-0.008351345 -0.03961532 -3.321509 -0.7351683 0.5245489 0.3876136 0.09936306 18.72554 4.068083 1 0.0
0.005160479 -0.02744811 -1.769714 -2.74282 1.732939 1.56736 0.5724358 19.73341 2.206858 0 0.0
-0.006975574 -0.02191882 -0.1022744 -1.799153 1.345934 0.9801813 0.5251293 19.23762 2.595285 0 0.0
0.004692038 -0.04104366 -0.7340136 -0.4501737 0.570446 0.4008482 0.009632056 18.33492 3.909794 0 0.0
-0.03131521 0.02252884 -7.699444 -5.589341 1.90949 1.659787 0.6329279 19.85719 nan 0 0.0
0.02961333 -0.0284712 -1.886006 0.8406237 0.4245762 0.3355197 0.2240289 17.85665 4.607733 0 0.0
-0.01084625 -0.0349769 -2.307287 -4.928862 0.650801 0.4774711 0.1543072 18.86679 2.15563 0 0.0
-0.01989368 -0.01204825 -8.808153 -2.710118 1.700573 1.465061 0.6189175 19.70283 2.698608 0 0.0
0.01053847 -0.03794852 13.35616 1.479269 3.796543 2.490291 -0.03952945 20.53084 nan 0 0.0
-0.01092438 -0.03345485 -0.6730422 -0.6447784 0.240829 0.1803366 0.05160823 17.54418 1.834909 1 0.0
-0.02295986 -0.0149672 -0.9898697 -3.945412 1.700524 1.487889 0.8120923 19.32995 1.080511 0 0.0
0.003029817 -0.02064832 -4.047318 -2.188263 1.280257 1.088039 0.3200169 19.87411 2.96501 0 0.0
0.03990625 -0.02282166 8.139268 -2.356372 1.256219 1.175268 0.6167319 19.38347 1.857264 0 0.0
-0.0009202853 -0.03232125 0.1060942 -5.613328 0.4977514 0.3735072 0.1050933 18.36583 3.992731 0 0.0
-0.0424126 0.0121027 -3.166432 -7.687284 1.73389 1.46546 0.5514973 19.33541 2.012693 0 0.0
-0.001206145 -0.03046349 -4.390763 -7.93174 1.561393 1.35796 0.5912481 19.62511 3.14385 0 0.0
-0.0185389 -0.02841874 -2.855968 -4.879345 0.3666904 0.293823 0.13178 17.37779 4.751498 1 0.0
-0.007546597 -0.03068504 -0.8566996 -1.599874 0.2909743 0.2329864 0.02215359 17.79231 2.594009 0 0.0
-0.001362138 -0.02500657 -2.412627 0.1931949 1.354786 1.208368 0.6194733 19.57836 2.386641 0 0.0
-0.01131406 -0.03420448 -2.076441 -0.6883998 0.6307834 0.4938038 0.1487629 19.07467 nan 0 0.0
-0.02841621 -0.01995833 -4.308035 -1.511332 1.964693 1.497564 0.3897445 20.08899 2.161873 0 0.0
-0.01970538 -0.04208514 -2.081315 -3.249884 1.027147 0.8996203 0.6392758 19.26492 2.547499 0 0.0
0.03146121 -0.01999936 -10.54211 -3.643108 1.60585 1.203706 0.2771694 20.04035 2.475006 0 0.0
0.03161211 -0.03479662 -4.991234 -5.828021 0.5672701 0.4029556 0.2884534 18.61669 3.86828 0 0.0
0.001054558 -0.03393105 0.9871031 -5.019632 0.5486243 0.3980258 0.191509 18.70239 3.610762 0 0.0
-0.007025964 -0.04290729 -3.154571 -3.342747 1.654171 1.464527 0.6205238 19.71883 3.000507 0 0.0
0.02974077 -0.03626848 0.8732613 -0.123345 0.9370651 0.8956412 0.6599583 19.25854 2.477261 0 0.0
0.02758482 -0.03385311 -5.168391 -4.997941 0.5351539 0.3999147 0.372837 18.49932 4.051945 1 0.0001399972
-0.02566993 0.01088239 -3.570585 -3.433729 2.383755 1.896641 0.7081574 19.99401 2.399279 0 0.0
-0.006949396 -0.0244556 1.899911 -0.4812706 1.506076 1.397967 0.4795599 19.62439 3.645565 0 0.0
-0.03612321 0.01721513 -2.077508 -5.342215 1.528166 1.312007 0.6479843 19.66178 1.981722 0 0.0
0.03808464 -0.02885193 -2.386593 -3.443342 1.412138 1.41257 0.4548277 19.43507 nan 0 0.0
-0.008145674 -0.01456418 -6.204391 -5.346173 1.14347 0.9604666 0.6074466 19.14982 3.675364 0 0.0
0.0126954 -0.0356943 -1.049422 -1.973121 0.7016148 0.5420921 0.1226145 19.11122 3.591135 0 0.0
-0.04078433 -0.02539505 -3.810162 -10.61295 0.324995 0.243152 0.1630847 18.11048 1.976774 0 0.0
-0.01477575 0.002063266 -1.357115 -0.06696762 1.502699 1.331916 0.6728617 19.73821 2.868238 0 0.0
0.003574962 -0.03649077 -3.252775 -0.4925076 0.4945423 0.3620859 0.1919065 18.54068 3.438931 1 0.0
-0.04849264 0.005650983 -2.058042 -2.95531 1.464783 1.281204 0.6758495 19.75611 2.107811 0 0.0
0.03538105 -0.03160699 -0.5237049 -2.221987 1.884726 1.693784 0.01009741 20.2712 nan 0 0.0
-0.04185098 -0.02276529 -4.836994 0.4335749 1.763377 1.570604 0.1984897 20.20404 2.876945 0 0.0
0.01043433 -0.03973569 -1.356182 -1.849487 0.2265289 0.1669763 0.1857285 17.09354 3.165733 1 0.0
0.03244376 -0.03436585 -1.53291 -5.232189 0.7188001 0.5789394 0.3158612 19.20592 2.253824 0 0.0
-0.03185971 0.01812268 -3.419957 -2.344849 1.738711 1.723637 0.5335 19.84519 nan 0 0.0
-0.008481177 -0.04052323 -1.380166 -5.611329 1.691078 1.415604 0.5863175 19.72878 2.759298 0 0.0
0.01895664 -0.04023867 -0.47499 -1.014253 0.6317261 0.4560052 0.127958 18.31418 3.825594 0 0.0
0.00721219 -0.04307706 -2.714332 -10.8944 1.20379 1.120035 0.570326 19.29374 nan 0 0.0
-0.0382718 -0.005456471 -4.230282 -3.289072 2.964571 1.791383 0.3981957 20.56491 1.554379 0 0.0
-0.03943457 -0.02172283 0.08920716 -2.208607 0.3762271 0.2775744 0.1980725 18.14962 2.470123 1 0.0
-0.02978036 0.01994679 -4.508569 -9.00309 1.244992 1.050172 0.6092256 19.29336 3.497753 0 0.0
0.002639912 -0.02351314 4.601141 1.475422 1.743952 1.554252 0.6298631 19.79076 2.824545 0 0.0
-0.03219756 0.01773347 -2.114453 -4.574605 1.517154 1.288771 0.5891036 19.55873 2.75485 0 0.0
-0.02571243 -0.02348042 0.9167868 -4.338264 0.5061265 0.3840374 0.2332925 16.96904 5.31884 0 0.0
-0.02166054 -0.01420776 -4.756776 -1.486284 1.460996 1.085198 0.08831966 20.03751 2.338629 0 0.0
-0.0287026 -0.0182666 -2.243285 -5.27371 1.152974 0.8626512 0.1454513 18.08614 2.277456 0 0.0
-0.02883236 -0.01886173 1.773524 1.195581 1.245165 1.068727 0.6149895 19.45681 nan 0 0.0
0.003341591 -0.02302107 -0.9922275 -1.07763 1.529304 1.389637 0.635617 19.74086 2.218664 0 0.0
0.01464276 -0.044888 -4.053192 -8.610909 0.397433 0.3008979 0.1396616 17.92329 4.434059 0 0.0
0.02334694 -0.04337534 0.9818617 -0.8116608 1.263131 1.213269 0.614788 19.57604 2.46701 0 0.0
-0.03934945 0.02286721 0.1679288 1.046999 1.378269 1.191819 0.583491 19.65011 2.845448 0 0.0
0.01576081 -0.03992336 -6.768423 -0.5966083 1.751013 1.555134 -0.001887941 20.24294 2.928366 0 0.0
0.01568363 -0.03536478 0.8022832 -4.51427 1.960319 1.880554 0.2355554 19.70692 3.231077 0 0.0
-0.04862098 0.00251142 1.507662 -0.2427636 1.58646 1.209508 -0.09254514 19.90141 nan 0 0.0
-0.03091068 -0.02121607 -0.2090628 -6.357896 1.398891 1.342426 0.6793582 19.53847 1.949099 0 0.0
-0.0274273 -0.02452613 -3.372778 -2.463784 1.854579 1.438939 0.1326442 20.37242 2.303635 0 0.0
0.02451735 -0.03875986 3.215089 -4.080189 1.95045 1.624545 0.1751868 20.24657 1.856089 0 0.0
0.0005349706 -0.01578835 -3.303555 0.3435189 3.987121 3.075892 0.2544483 20.80707 nan 0 0.0
0.006563543 -0.03028252 3.437911 -4.141829 1.715919 1.47333 0.03100275 20.05979 2.541903 0 0.0
-0.02199344 -0.03523445 -5.723784 -5.165058 1.449729 1.033639 0.5033645 19.34496 nan 0 0.0
-0.03753583 -0.02572938 -1.649878 -4.022758 2.001123 1.656848 0.2162697 20.13702 2.543835 0 0.0
0.03714961 -0.02768617 -1.031479 -4.572995 1.76365 1.637896 0.6189799 19.82236 2.034346 0 0.0
0.007991789 -0.04146923 -2.650447 -3.520508 0.519987 0.3807586 0.18771 18.43937 4.312952 0 0.0
0.007784067 -0.03982698 -5.200997 -7.537381 1.032338 0.9735398 0.6278676 19.22939 2.548704 0 0.0
-0.03417571 0.02380576 0.3427207 -4.162397 0.5115816 0.3789585 0.1230335 18.77617 2.604536 0 0.0
0.007862715 -0.03155291 -0.1992382 -7.363899 1.333857 1.260883 0.6494896 19.61486 2.387648 0 0.0
0.03400569 -0.02654056 -4.689261 -5.455996 1.295588 1.135503 0.6086521 19.4066 3.409834 0 0.0
0.00609546 -0.03550671 -4.34083 -3.517425 1.473003 1.409756 0.6349534 19.74403 2.976595 0 0.0
-0.005752512 -0.04825541 -1.401718 -4.386395 0.181374 0.1348992 0.1581374 17.21335 1.906883 1 0.0
-0.02524303 -0.02946555 -5.075732 -7.770875 1.275985 1.17635 0.5829155 19.19299 3.626377 0 0.0
0.01134515 -0.02817345 -20.4269 -17.90265 2.000798 1.514221 0.1087154 20.1686 nan 0 0.0
-0.03076853 0.02049007 1.111909 1.835901 1.530799 1.309265 0.6438647 19.59148 2.697687 0 0.0
-0.0252399 -0.04099737 -0.08608553 -5.189543 1.744185 1.453966 -0.008586148 20.19412 1.724554 0 0.0
0.04081468 -0.02541986 1.009509 -3.066216 1.493222 1.324482 0.5596614 19.98584 2.291006 0 0.0
0.04364841 -0.0229435 -3.732627 -2.634115 2.021972 1.763747 0.5913466 19.4686 2.626818 0 0.0
-0.02846314 -0.03643974 -2.794587 -2.534043 2.730232 2.092876 0.5932544 19.90009 2.673248 0 0.0
-0.04781208 -0.003442904 -0.4974177 -1.94084 0.3673889 0.2703113 0.1521038 18.26374 nan 0 0.0
-0.02241137 -0.02617846 -6.67528 -2.705065 1.442789 1.253845 0.6582629 19.66703 3.149666 0 0.0
-0.03591452 0.01542231 -2.862252 -0.9693703 1.623113 1.428609 0.6341918 19.6635 nan 0 0.0
-0.0386693 0.01290541 -0.9087679 -8.304293 1.748218 1.41425 0.4098688 20.07086 2.961403 0 0.0
-0.04849411 0.008477674 1.184536 -3.569046 0.6038979 0.4704941 0.08387263 15.60005 3.326328 0 0.0
-0.03090979 -0.02389398 -5.459726 -1.475522 1.218527 1.16349 0.6099916 19.46214 2.902424 0 0.0
0.02579273 -0.03079512 -2.760969 -3.378011 1.784804 1.60715 0.01683201 20.29841 2.450754 0 0.0
-0.03207742 -0.02913959 -7.353387 -3.174692 0.6597463 0.5219227 0.155657 19.06139 3.438198 0 0.0
-0.009079428 -0.03387617 -3.684801 -2.618505 1.615298 1.413913 0.6781066 19.87503 2.832214 0 0.0
-0.02592124 -0.02021509 3.9891 -0.7892379 0.4246111 0.318323 0.2743378 18.20295 2.504389 1 0.0
-0.03399783 -0.03609255 -6.059294 -6.298567 1.417542 1.229708 0.634676 19.63523 3.082779 0 0.0
-0.04165756 0.009608225 -1.951603 -2.041613 1.657441 1.524827 0.6048014 19.7974 2.261885 0 0.0
-0.01689945 -0.04122246 -3.237785 -2.366553 0.5288108 0.4078774 0.1305698 18.43838 3.985008 0 0.0
0.005626893 -0.04959436 1.367426 -7.407172 0.9898808 0.9511306 0.6552351 19.33704 2.548313 1 0.0
-0.01913994 -0.01209768 -0.7732784 -5.621273 2.15454 1.712571 0.3633988 20.08185 1.926056 0 0.0
-0.0355407 -0.0103897 -4.62676 -5.724398 1.400568 1.185846 0.6161904 19.41024 2.836819 0 0.0
-0.03641905 -0.02404856 -6.028162 -8.528663 1.93414 1.612985 0.6182331 19.7255 2.827202 0 0.0
-0.01105729 -0.008369415 -11.09855 -7.588165 1.471944 1.288103 0.4037794 19.99089 3.143745 0 0.0
-0.0108217 -0.02263826 -3.53075 -4.951603 2.414178 1.820074 0.3147837 19.79634 3.142275 0 0.0
-0.006196433 -0.01444959 -5.338038 -3.242966 0.3055418 0.2272091 0.1973375 17.41097 3.82548 1 0.9858443
0.03275887 -0.02499516 2.992949 1.42228 1.167668 1.052646 0.5570872 19.30309 2.331177 0 0.0
-0.01362917 -0.01724656 0.1781359 -1.334036 2.225327 1.602111 -0.01212763 20.3011 nan 0 0.0
-0.01357716 -0.01746399 -5.725324 -0.20306 2.624032 2.336783 0.3358656 20.44989 nan 0 0.0
-0.01950516 -0.00565283 1.068657 -1.034004 1.370277 1.224751 0.6614832 19.67856 2.44195 0 0.0
0.03928418 -0.01894566 -1.13816 -6.981904 1.538021 1.410175 0.6120748 19.73167 2.696705 0 0.0
-0.03704095 -0.02857113 -2.897819 1.55468 1.923663 1.627588 0.308392 20.1968 nan 0 0.0
-0.01261192 -0.04430787 -3.899072 -6.71006 1.361613 1.421995 0.6731326 19.68745 2.674507 0 0.0
0.0390243 -0.01893602 1.863743 -1.346497 3.134147 2.158557 0.5794125 20.24206 nan 0 0.0
-0.03714479 -0.02884011 -4.620653 -7.483247 1.938968 1.666254 0.6858134 20.00448 2.750275 0 0.0
-0.0125609 -0.03726212 -6.705701 -8.479222 1.497684 1.26653 0.6253206 19.56635 3.757494 0 0.0
-0.01623152 0.002450216 2.235377 -2.688321 3.105264 2.394302 0.1738499 20.44693 2.495134 0 0.0
-0.01224944 -0.03469479 -0.2430557 -9.208204 0.5930325 0.4499093 0.2408782 18.8406 3.143858 0 0.0
-0.0218656 -0.02638623 -6.492901 -5.968358 1.772708 1.472528 0.6093391 19.68991 nan 0 0.0
-0.01323944 -0.01645114 -1.756506 -9.025628 1.216396 1.059062 0.6183717 19.37634 3.243698 0 0.0
-0.0002966827 -0.02047279 1.976354 -3.925135 1.373612 1.219019 0.6128086 19.52481 2.132078 0 0.0
-0.026935 -0.01949059 -0.1712981 -2.477794 0.5969707 0.4673565 0.3253678 18.58467 nan 0 0.0
-0.01430529 -0.0146107 -0.9315205 -1.484047 1.877847 1.667366 0.6825522 19.88704 4.181002 0 0.0
-0.01533957 -0.04687557 -1.30618 -4.540252 1.209052 1.07801 0.5816533 19.27942 2.665703 0 0.0
-0.02680497 -0.01977665 -6.131738 -5.652172 0.5811814 0.4351161 0.2541498 18.48673 2.702457 0 0.0
0.005159628 -0.04277747 -0.5304938 0.4872644 0.8223972 0.5295409 -0.313995 18.43501 3.108215 0 0.0
0.02360695 -0.04262201 -0.5946834 -2.965822 0.9624638 0.8905788 0.5610103 19.13199 2.525248 0 0.0
-0.01495402 -0.02095846 3.165758 -7.627933 1.471415 1.233711 0.5527524 19.33507 3.651308 0 0.0
-0.01420231 -0.008213439 -1.262629 -1.209189 0.7231211 0.5728314 0.1875833 18.68895 nan 0 0.0
0.03788112 -0.01813637 -4.350726 -4.623777 0.7580611 0.5400068 0.2570885 18.71666 2.152239 0 0.0
-0.01576028 -0.01725452 -4.437254 -4.908393 0.9680759 0.771187 0.1558168 19.24946 3.777306 0 0.0
-0.04864017 -0.01051388 -2.700253 -1.855766 0.5294732 0.3923786 0.1091596 18.85521 2.66164 0 0.0
-0.01711135 -0.01928418 -5.22866 -3.546449 0.5950165 0.4459556 0.09216312 18.66989 3.33658 0 0.0
0.0121749 -0.04194652 1.525091 -3.094118 1.743783 1.521048 0.1060494 20.0911 2.357243 0 0.0
0.0307579 -0.02488766 -2.389162 -5.951647 0.9151649 0.7473149 0.6447374 18.7252 1.671923 0 0.0
-0.009468878 -0.03700999 1.525229 1.43476 1.221305 1.020655 0.5602535 19.23429 3.249615 0 0.0
-0.01781319 -0.01852137 -5.99894 -5.882675 1.275347 1.093816 0.5706722 19.31279 3.663464 0 0.0
-0.007235031 -0.02734716 0.04764256 0.950823 1.945539 1.724712 0.5358318 19.82753 3.096468 0 0.0
-0.02173578 -0.02590937 12.12862 -7.851619 2.55635 1.911816 -0.2904068 19.92056 nan 0 0.0
-0.01636121 0.0008442052 -4.827482 -3.487417 0.682905 0.5324359 0.0723378 18.94354 3.363169 0 0.0
-0.01217598 -0.000322451 -5.798713 -3.170297 1.079465 0.9517859 0.5858702 19.25589 2.389341 0 0.0
-0.01305524 -0.03269218 16.29424 12.85575 3.505725 2.510885 0.1835482 20.21947 nan 0 0.0
-0.03416556 -0.00386796 -3.068908 -1.287753 0.9047757 0.720412 0.008716427 18.99714 3.468002 0 0.0
-0.03732902 -0.02303231 0.7562229 -2.040536 0.6900883 0.5659146 0.316109 19.0487 2.074528 0 0.0
-0.02090464 -0.02394651 -4.476305 -3.17331 0.5455108 0.4349033 0.05508204 18.98602 3.657282 1 0.2927648
-0.02059329 -0.02173201 0.6392967 -2.1925 1.199208 0.982107 0.3434547 19.61997 4.052464 0 0.0
-0.03237159 -0.005177668 -3.434329 -6.695868 0.3975732 0.3071519 0.05359055 17.22488 5.507494 0 0.0
-0.03572491 -0.004452194 -1.803601 -2.806439 0.2716344 0.2108291 0.08009283 17.83242 4.063976 1 0.0
-0.03136122 0.00472754 -8.370559 -5.473194 1.435267 1.192516 0.6947923 19.49885 2.585365 0 0.0
-0.02823875 -0.005241173 -7.065067 -3.86336 0.561282 0.4077435 0.003868276 18.42603 3.858181 0 0.0
-0.03418551 -0.02032266 -0.2014843 -6.69987 1.247955 1.107077 0.6042666 19.39064 2.762049 0 0.0
-0.02288297 -0.0105593 -0.3163751 -2.023983 0.5985842 0.4333731 0.1437663 18.64864 3.848862 0 0.0
-0.006248525 -0.01278257 -3.976694 -2.040045 1.333145 1.078445 0.27655 19.96124 1.891495 0 0.0
-0.03556821 -0.006422425 -5.390926 -9.103313 3.208138 2.069294 0.3548333 20.48367 2.332197 0 0.0
0.02488322 -0.03087689 -2.221863 -4.043167 0.5653824 0.4337624 0.1422223 18.9211 2.57671 0 0.0
-0.01823216 -0.002410079 -5.516116 -3.522415 0.5272117 0.4169555 0.03369232 18.91411 3.559134 0 0.0
0.03642489 -0.02027964 -0.297922 -8.422655 2.221863 1.658337 -0.2712472 19.9811 nan 0 0.0
-0.005208286 -0.02386039 -4.324237 0.4306732 1.052811 0.946721 0.575784 19.32549 2.395655 0 0.0
-0.005832916 -0.008979293 -6.603232 -0.2439751 1.549629 1.32543 0.5617283 19.34425 nan 0 0.0
-0.02896618 -0.006391528 -5.365456 -6.797861 2.33898 1.902631 0.1135093 20.23163 3.534439 0 0.0
-0.01378396 -0.02496753 -1.625594 -3.962826 2.372129 1.508904 0.02360798 19.64109 nan 0 0.0
0.0319523 -0.02783301 4.339071 -8.813051 2.743316 1.940616 0.248199 20.47239 1.921568 0 0.0
0.00134021 -0.04624871 -9.049542 -8.579 2.803703 1.95516 0.2850188 20.36716 2.460732 0 0.0
