scripts/get_globular_clusters/output/Terzan_5_11.csv
# %ECSV 0.9
# ---
# datatype:
# - {name: x, unit: deg, datatype: float64}
# - {name: y, unit: deg, datatype: float64}
# - {name: pmx, unit: mas / yr, datatype: float64}
# - {name: pmy, unit: mas / yr, datatype: float64}
# - {name: pmx_e, unit: mas / yr, datatype: float64}
# - {name: pmy_e, unit: mas / yr, datatype: float64}
# - {name: pm_corr, datatype: float64}
# - {name: g_mag, unit: mag, datatype: float64}
# - {name: bp_rp, unit: mag, datatype: float64}
# - {name: filter, datatype: int64}
# - {name: memberprob, datatype: float64}
# meta: !!omap
# - comments: [deg deg mas/yr mas/yr mas/yr mas/yr dimless mag   mag   zeroone float]
# - __serialized_columns__:
#     bp_rp:
#       __class__: astropy.units.quantity.Quantity
#       unit: &id001 !astropy.units.Unit {unit: mag}
#       value: !astropy.table.SerializedColumn {name: bp_rp}
#     g_mag:
#       __class__: astropy.units.quantity.Quantity
#       unit: *id001
#       value: !astropy.table.SerializedColumn {name: g_mag}
#     pm_corr:
#       __class__: astropy.units.quantity.Quantity
#       unit: !astropy.units.Unit {unit: ''}
#       value: !astropy.table.SerializedColumn {name: pm_corr}
#     pmx:
#       __class__: astropy.units.quantity.Quantity
#       unit: !astropy.units.Unit {unit: mas / yr}
#       value: !astropy.table.SerializedColumn {name: pmx}
#     pmx_e:
#       __class__: astropy.units.quantity.Quantity
#       unit: !astropy.units.Unit {unit: mas / yr}
#       value: !astropy.table.SerializedColumn {name: pmx_e}
#     pmy:
#       __class__: astropy.units.quantity.Quantity
#       unit: !astropy.units.Unit {unit: mas / yr}
#       value: !astropy.table.SerializedColumn {name: pmy}
#     pmy_e:
#       __class__: astropy.units.quantity.Quantity
#       unit: !astropy.units.Unit {unit: mas / yr}
#       value: !astropy.table.SerializedColumn {name: pmy_e}
#     x:
#       __class__: astropy.units.quantity.Quantity
#       unit: &id002 !astropy.units.Unit {unit: deg}
#       value: !astropy.table.SerializedColumn {name: x}
#     y:
#       __class__: astropy.units.quantity.Quantity
#       unit: *id002
#       value: !astropy.table.SerializedColumn {name: y}
# schema: astropy-2.0
x y pmx pmy pmx_e pmy_e pm_corr g_mag bp_rp filter memberprob
[from data line 334]
-0.01679966 -0.00946473 -0.7729002 -2.905889 1.327949 1.098105 0.5709716 19.42787 nan 0 0.0
-0.05654531 0.02483864 -3.667905 -8.704191 0.3452042 0.2744997 0.3050972 17.77939 3.829683 1 0.0
-0.0581518 0.02293627 -1.541213 -6.950063 0.6603327 0.5703516 0.6151894 17.06964 4.744486 0 0.0
-0.04060198 -2.12283e-05 -6.981974 -9.130588 1.12995 0.9117028 0.5800059 18.69327 nan 0 0.0
-0.03425016 -0.02435899 1.88799 -2.930252 2.130989 1.690141 0.3522936 20.14538 nan 0 0.0
-0.03433276 -0.02618816 -5.111935 -8.590097 0.5410442 0.4228948 0.2566719 18.87324 nan 0 0.0
-0.02516517 -0.01745603 -0.03826491 -3.079009 0.3882236 0.3081971 0.2983614 17.88006 3.978971 0 0.0
-0.04792937 -0.03931141 1.709342 -2.721654 1.638814 1.373719 0.5562374 19.86369 nan 0 0.0
-0.0457695 -0.03754248 -3.601945 -0.1612769 0.5973233 0.4756393 0.3551435 18.99328 2.903688 0 0.0
-0.01882176 -0.01218108 0.3262893 -4.108627 1.221871 1.036858 0.5541107 19.6397 3.522879 0 0.0
-0.01264411 -0.006385776 -3.777921 -6.001189 1.444756 1.219559 0.4712598 19.67314 3.861479 0 0.0
-0.01713198 -0.0105367 -2.613302 -3.668982 1.196934 0.9926247 0.5536034 19.46975 3.27972 0 0.0
-0.03973365 -0.02932545 0.2229544 -2.824437 2.379891 1.966025 0.5323169 20.49142 nan 0 0.0
-0.02264442 -0.01578089 0.4218221 1.709506 1.397681 1.20523 0.3316246 19.73069 2.815271 0 0.0
-0.0510857 -0.04263145 0.2783739 -2.969779 1.181137 1.039517 0.3398456 19.89849 2.193449 0 0.0
-0.02685453 -0.02013048 -2.985763 -3.00737 1.466843 1.291366 0.3610304 19.83616 3.069513 0 0.0
-0.05826411 0.0260471 1.329718 -1.963753 1.303101 1.07691 0.5730634 19.53813 3.289694 0 0.0
-0.05244438 -0.039174 -1.04857 -4.141584 2.794355 2.304858 0.3290116 20.56735 1.788862 0 0.0
-0.05014204 0.02118882 0.5295714 4.581155 0.2458526 0.1948661 0.2632095 17.69113 1.820787 1 0.0
-0.02452786 -0.01805862 -4.339649 -6.717989 1.260973 1.065312 0.5925096 19.70185 3.007603 0 0.0
-0.04668427 -0.03570986 -4.462097 0.2301811 1.30947 1.111823 0.7517811 19.10942 2.608454 0 0.0
-0.03153601 -0.02167654 -0.7802279 -1.931897 1.611735 1.328166 0.4518565 20.40582 2.198727 0 0.0
-0.02081664 -0.01154244 -4.574608 -4.072589 1.062922 0.8978238 0.6089975 19.41256 3.24548 0 0.0
-0.03884742 -0.02865378 -1.42879 -6.087586 1.181305 0.9830968 0.4717122 19.57425 3.403545 0 0.0
-0.04851166 -0.03776096 -1.214687 -5.020973 1.515497 1.354832 0.3160749 19.731 nan 0 0.0
-0.029208 -0.02574816 -4.769389 -3.869331 2.051805 1.695698 0.4958386 20.38379 1.852299 0 0.0
-0.04400021 -0.02775333 -0.6923501 2.014886 0.2370409 0.185807 0.3274153 17.70312 1.814211 1 0.0
-0.03253301 -0.022846 -0.496185 -2.255201 2.080528 1.753999 0.535541 19.85182 2.040876 0 0.0
-0.03211595 -0.02869954 -1.573471 -6.348123 1.746983 1.409404 0.293229 20.39649 3.043646 0 0.0
-0.04333346 -0.0332062 -3.79265 -7.325627 1.520899 1.324496 0.7167851 19.55524 1.680079 0 0.0
-0.06283099 0.01442912 -0.5672301 -2.521385 0.17727 0.1489797 0.5491847 16.68548 1.603019 1 0.0
-0.01538697 -0.006990715 0.2934873 -2.507674 1.064584 0.8951386 0.6389753 19.57277 3.621521 0 0.0
-0.04522886 -0.0009288188 -1.130831 -3.4951 1.152565 0.9654254 0.5137107 19.26875 2.774162 0 0.0
-0.05671348 0.02896988 -0.7081888 -2.005594 1.87501 1.461426 0.5536034 20.25143 1.691055 0 0.0
-0.03494238 -0.02557798 -1.885138 -3.008378 0.4714447 0.4019816 0.4387882 16.89619 5.752042 0 0.0
-0.04701043 0.02094018 -0.6472926 -6.444945 2.729439 2.235141 0.5673352 20.66061 nan 0 0.0
-0.05615317 0.0156473 -1.250673 -4.857921 0.4853633 0.3897504 0.1755775 18.75855 2.065304 0 0.0
-0.01560816 -0.01061471 -6.906737 -9.006269 2.134114 1.857605 0.1668255 20.00022 nan 0 0.0
-0.01483218 -0.01258109 -2.122137 -4.951849 0.3010309 0.2299701 0.3149 16.09676 5.145053 1 0.8949756
-0.05739954 0.01425628 0.2538911 -1.512492 0.2071011 0.164649 0.3712169 17.45895 2.083664 0 0.0
-0.05147166 0.01977111 -5.182387 -8.86833 1.56772 1.267815 0.6177218 19.95777 2.757584 0 0.0
-0.04850463 0.01510884 3.605008 -5.416823 1.815325 1.461567 0.5875035 20.31068 2.607365 0 0.0
-0.0506129 0.02055348 -3.588725 -0.09119215 1.087899 0.8978308 0.5618091 19.70455 2.552069 0 0.0
-0.06426878 0.008271463 0.8737242 -0.8782628 0.2646996 0.2164169 0.3893384 17.13591 3.299205 1 0.0
-0.05171798 0.01233426 8.627535 -2.309713 3.627247 2.882528 0.05021463 20.82463 nan 0 0.0
-0.008931278 -0.008716233 -0.1187852 -3.277812 0.5137603 0.4053671 0.3463237 18.46851 3.881163 0 0.0
-0.03694156 -0.01005655 -2.763585 -3.702 0.3895725 0.3150496 0.2721069 18.52679 1.850454 0 0.0
-0.02801648 -0.0271803 -1.712823 -4.692583 0.3037145 0.239191 0.2860147 17.27209 4.528267 1 0.8789588
-0.02881929 -0.02950364 0.691018 -0.3545717 0.2836192 0.2404508 0.4958151 16.53684 4.140754 1 0.0
-0.04701132 0.02329385 -4.581631 -0.1787215 1.136026 0.922772 0.5347207 19.15502 3.118574 0 0.0
-0.05626318 0.01380666 -6.124752 -9.808055 2.163221 1.77576 0.5897094 20.36895 nan 0 0.0
-0.05692822 0.01374532 6.091306 0.9702976 1.591608 1.283701 0.6251858 20.14194 2.379889 0 0.0
-0.05507417 0.01958837 -6.386817 -6.028968 0.9410421 0.7811096 0.6060356 19.12726 nan 0 0.0
-0.04460372 -0.04420442 -4.656023 -11.24489 1.589945 1.284732 0.4121317 20.05851 2.468683 0 0.0
-0.0104271 -0.01229835 -3.412756 -4.778339 1.673113 1.323487 0.2266618 19.68769 nan 0 0.0
-0.04274164 0.01785754 -0.6396711 -4.119232 0.2465315 0.1942346 0.2750741 17.66537 1.713655 1 0.08530595
-0.05282478 0.008532446 -2.779369 -1.442752 1.562865 1.315449 0.6702922 19.65944 2.872967 0 0.0
-0.05720255 0.00771416 -4.865526 -5.122344 1.788878 1.445784 0.63455 20.38068 1.284056 0 0.0
-0.0110371 -0.006782351 -2.817774 -5.467864 2.129179 1.711667 0.7218454 19.56028 nan 0 0.0
-0.03900134 0.02041843 2.062326 -1.591975 0.1038696 0.08125707 0.2734329 15.41934 2.591651 1 0.0
-0.04687374 0.02590697 3.370055 2.745554 0.3752771 0.2986537 0.3641025 18.29906 2.094313 0 0.0
-0.03830811 0.01905299 1.653481 -9.818789 0.3242948 0.2608031 0.3495745 17.16898 4.159116 1 0.0
-0.0455993 0.02696793 -1.259599 -8.30426 1.311418 1.065131 0.5223327 20.1565 2.21401 0 0.0
-0.03686723 0.01953217 -4.794199 -2.67672 1.098858 0.911925 0.5825663 19.5993 3.907448 0 0.0
-0.03386563 -0.01226629 -5.427503 -0.8456092 2.212837 1.81969 0.4744025 20.36205 1.936892 0 0.0
-0.04559359 0.01141159 -8.212754 -4.409179 0.5947128 0.4795738 0.2677052 18.86586 3.532167 0 0.0
-0.06190673 -0.005212293 -7.488287 0.06000075 1.241749 1.04612 0.4532418 19.80557 nan 0 0.0
-0.06495309 -0.007836454 -8.064203 -4.097299 0.477978 0.3716717 0.5510152 18.19724 3.142294 0 0.0
-0.06118601 -0.005902396 -0.5602869 -3.237428 1.161406 0.9665814 0.5425365 19.57518 2.933029 0 0.0
-0.05817563 0.01463738 -3.853439 -5.076507 0.8947664 0.7449022 0.6093685 19.12642 3.014721 0 0.0
-0.0646753 -0.009232489 -1.857767 -3.791422 0.3744355 0.2960188 0.3413697 17.61138 4.01306 0 0.0
-0.04600841 0.009147418 -2.31021 -2.851941 0.5165506 0.4372368 0.5445491 16.78141 5.474297 0 0.0
-0.05848044 0.01461245 -3.733255 -4.093042 1.586662 1.273731 0.6432422 20.14166 nan 0 0.0
-0.03545274 0.01547374 -2.875781 -4.458989 0.1960042 0.1642061 0.5388554 17.02624 2.087764 1 0.001869277
-0.04138102 0.009641143 -3.240083 -6.624981 1.340335 1.106856 0.5822397 19.5064 2.768417 0 0.0
-0.05797868 0.008272653 -4.654613 -0.8491697 3.211994 2.678153 0.5062266 20.71059 nan 0 0.0
-0.04817436 0.02094355 -1.800255 -4.88134 0.2783582 0.2181078 0.2641566 15.7047 4.803324 1 0.7615411
-0.05532001 0.01155451 0.3640965 -3.69304 1.595441 1.295391 0.6799893 20.08917 2.929852 0 0.0
-0.05964103 0.007798843 -1.123241 1.891832 2.270215 1.828427 0.6578773 20.49338 nan 0 0.0
-0.05961357 0.008311933 1.04937 -5.074128 1.686878 1.402096 0.5924235 19.83113 2.64748 0 0.0
-0.03409264 0.007287783 3.463934 1.550765 2.297421 1.809621 0.6005237 20.36799 2.740458 0 0.0
-0.06218235 -0.008088713 0.7969086 1.392531 2.064765 1.688291 0.4839768 20.38785 1.9158 0 0.0
-0.04454457 0.02248223 -1.26601 1.02422 1.593574 1.290383 0.5237205 20.01654 2.014444 0 0.0
-0.02394485 -0.02440616 -7.418618 -7.244781 2.56706 2.296764 0.0905756 20.56724 2.267147 0 0.0
-0.02466609 -0.01952159 -2.995127 -2.871652 2.197991 1.90624 -0.1050487 20.37005 nan 0 0.0
-0.06334218 -0.01557755 -0.5748657 1.624202 2.529594 2.120463 0.6259782 20.65184 1.863792 0 0.0
-0.05619699 -0.009977948 -2.028728 -2.967601 1.960062 1.569195 0.6314401 20.30972 2.519438 0 0.0
-0.05757388 0.03167982 0.2182087 -3.878175 1.558647 1.251027 0.4905082 19.78091 2.968353 0 0.0
-0.04376986 0.02603017 -2.572801 -6.159011 0.6637886 0.5763999 0.355085 19.04576 3.308817 0 0.0
-0.05901268 0.0266819 1.356011 1.384349 0.8446057 0.6990618 0.5768205 19.17155 2.108 0 0.0
-0.06352534 0.01751486 -4.733014 -7.838046 2.38124 2.148783 0.2252773 20.59055 nan 0 0.0
-0.05858973 0.01132794 -1.960638 -2.469996 0.4227204 0.3359996 0.3721981 18.59362 2.325558 0 0.0
-0.03123858 0.007361014 -0.7687729 -2.969268 0.3822898 0.302482 0.2850019 18.47387 1.949577 0 0.0
-0.06122744 0.02191627 -2.454075 -1.728927 3.307279 2.91209 0.2848238 20.66493 nan 0 0.0
-0.04260586 0.02595619 2.489644 -3.98748 1.172029 0.947809 0.6130443 19.77184 2.559578 0 0.0
-0.05388314 0.02094502 -0.6511729 -7.036995 0.5048225 0.4032302 0.3531548 18.75998 3.417631 0 0.0
-0.03226294 0.003898914 -3.674013 -3.661192 0.4630185 0.3653335 0.404997 17.83618 3.261871 0 0.0
-0.05886641 0.01043326 -8.139051 -7.361189 1.168899 0.9657153 0.5694693 19.56017 3.445114 0 0.0
-0.04519777 -0.0102195 2.012502 -1.635061 0.1878071 0.1462387 0.3708061 16.24667 3.220015 1 0.0
-0.04306898 0.002867574 4.594663 -1.466451 2.118809 1.838896 0.4677592 20.57023 2.306433 0 0.0
-0.04005362 0.01793855 -5.279796 -5.322315 2.325051 1.93259 -0.03311429 20.54374 nan 0 0.0
-0.05209576 -0.01187016 -2.07702 -5.41741 1.138935 0.9343693 0.5217252 19.50055 2.876606 0 0.0
-0.05655815 -0.007805642 5.451363 -4.219492 2.097984 1.676173 0.6118242 20.43631 1.564289 0 0.0
-0.04749609 -0.01345141 1.244547 -1.941346 0.4551641 0.3520274 0.3987617 17.33631 4.913257 0 0.0
-0.05002624 0.008894094 -4.081385 -8.002525 0.603511 0.5057408 0.4675791 19.02298 3.105364 0 0.0
-0.02971586 0.01276872 -4.576006 -4.016037 1.957741 1.588986 0.6068543 20.40897 2.057533 0 0.0
-0.0361674 -0.004574606 -1.615474 -4.615622 0.4309578 0.370113 0.6721622 16.65911 4.579411 0 0.0
-0.0299348 0.001402778 9.955978 7.957985 1.106376 0.8777904 0.2904736 18.70171 nan 0 0.0
-0.01796482 0.001042691 -3.245338 -9.059857 2.711027 2.414547 0.5068379 20.52916 nan 0 0.0
-0.02782917 0.002246316 2.82627 -0.9849311 1.428071 1.112379 0.5735277 19.9208 nan 0 0.0
-0.0467984 -0.02688269 -2.256855 0.3026863 0.6166662 0.4787769 0.06787672 18.78945 3.137743 0 0.0
-0.04395914 0.01270537 -3.596374 -5.794952 1.771023 1.523219 0.4942032 19.88005 2.706144 0 0.0
-0.03858287 0.0114464 -2.65065 -4.73533 1.005922 0.8151431 0.5091191 19.15319 2.980995 0 0.0
-0.05963199 -0.0110038 -8.007569 -5.180974 1.950247 1.57512 0.5932 20.45537 2.577244 0 0.0
-0.04947848 -0.04443134 -4.322567 -5.980993 1.961034 1.665941 0.5457353 19.89907 3.364017 0 0.0
-0.04377396 -0.04086055 4.442921 -2.192456 2.639479 2.203225 0.3608219 20.56186 2.122292 0 0.0
-0.05247526 0.03387935 -0.4888582 -2.221291 1.17798 0.9776404 0.6038685 19.44306 nan 0 0.0
-0.05298607 -0.003111988 -1.453336 -2.062071 0.3914355 0.3117412 0.3405764 18.34754 3.407295 1 0.0
-0.05126904 -0.001133346 -4.138765 -3.324737 1.294276 1.06669 0.5417683 19.90961 nan 0 0.0
-0.06102105 -0.00330832 -5.386086 -9.538406 0.5719787 0.4580818 0.3567903 18.94132 3.055868 0 0.0
-0.03416447 -0.03374693 -10.29644 -13.59905 2.485513 1.872618 0.7650981 19.93056 3.311012 0 0.0
-0.04621076 -0.04271156 -1.043691 -1.28809 1.062999 0.8686337 0.4708042 19.55589 2.953266 0 0.0
-0.05794314 -0.008479575 0.8952993 -2.678875 0.208542 0.177493 0.5630379 16.88008 2.08264 1 0.0
-0.04123524 -0.01211403 0.3341176 -5.606843 2.094889 1.640219 0.6895243 20.35613 nan 0 0.0
-0.03181783 -0.003009388 -1.509417 0.3924262 1.654618 1.335116 0.6080575 19.92703 1.939949 0 0.0
-0.04328478 -0.01394769 0.03097062 0.9932476 1.820852 1.456696 0.8326959 19.67562 2.521681 0 0.0
-0.0610311 0.01713273 -6.104533 -12.28824 1.295657 1.068869 0.5756022 19.89994 1.828154 0 0.0
-0.0245876 0.003826285 -2.727642 1.196814 1.691076 1.382374 0.6409619 19.97439 2.913368 0 0.0
-0.03805004 -0.00922147 -2.312551 -1.873057 0.5466571 0.4390948 0.2751758 18.61925 3.495417 0 0.0
-0.05200825 -0.02235672 0.2675397 -1.732622 0.773086 0.6416641 0.5445993 19.12763 2.115799 0 0.0
-0.02214632 -0.01249253 -1.760831 -0.04345346 1.113594 0.9419757 0.6277449 19.23675 nan 0 0.0
-0.04480782 -0.0159643 -3.460654 0.5732325 0.5223286 0.4135953 0.5095695 18.78749 2.503185 0 0.0
-0.03336887 -0.005069732 -1.784351 -3.930041 1.155865 0.955392 0.5909271 19.40341 3.614098 0 0.0
-0.04673679 0.03021381 -8.69478 -7.581552 1.754219 1.424233 0.617514 20.00513 1.992168 0 0.0
-0.02971327 0.001982665 1.257791 -1.473253 0.2598071 0.2229479 0.647498 17.00506 1.700762 1 0.0
-0.03909663 -0.02897811 -5.390871 -2.029068 1.534743 1.317108 0.07856702 19.62995 nan 0 0.0
-0.03071059 0.001259537 -4.712222 -3.719431 2.36463 1.872276 0.7580016 20.12164 nan 0 0.0
-0.03035037 0.001164258 -0.283107 -1.105755 1.292429 0.9924767 0.2952693 19.36432 nan 0 0.0
-0.05197388 0.02788858 -0.8254052 -3.09321 1.33807 1.069799 0.4569867 19.96924 2.41078 0 0.0
-0.04404526 0.02114535 2.839601 -2.963839 0.4120025 0.3283216 0.3225775 18.30583 nan 0 0.0
-0.04570736 0.01934994 -5.727093 -7.12067 1.203134 0.9726003 0.5072199 19.61215 2.614189 0 0.0
-0.04887099 0.03065931 -1.932828 -5.465038 0.5548202 0.44612 0.3907626 18.98748 2.983646 0 0.0
-0.04471011 0.02045275 -1.652614 -2.037768 1.271587 1.050183 0.512835 19.60613 nan 0 0.0
-0.05510413 0.02463901 -4.41406 -10.51643 1.139025 0.9413829 0.5791978 19.1916 nan 0 0.0
-0.05535337 0.02423645 -3.515645 -2.861544 0.5573223 0.4414255 0.2934028 17.65288 3.441204 0 0.0
-0.05646111 0.02250599 -3.132775 -2.56574 0.8633616 0.715623 0.5504168 19.39498 2.855968 0 0.0
-0.02824492 0.002786001 -9.411626 -3.321519 1.207988 0.9762491 0.5348739 19.36435 2.951399 0 0.0
-0.05069688 0.02260957 -3.484872 -4.425618 0.8248553 0.6846477 0.496345 19.25891 2.636345 0 0.0
-0.05557476 0.02352682 -2.124202 -3.143259 0.2723914 0.2155872 0.3377953 17.63137 1.982731 0 0.0
-0.05599117 0.02510783 -0.626201 -0.7757172 0.6109859 0.5114754 0.4584528 19.02615 2.883221 0 0.0
-0.046415 -0.01506843 2.218336 -1.385897 1.274798 1.043662 0.6519148 19.45699 3.114052 0 0.0
-0.04884724 -0.02966631 -6.096305 -4.375167 2.022485 1.695652 0.5296704 20.39092 2.165583 0 0.0
-0.04954899 -0.006601016 -4.077083 -2.884052 1.578154 1.304272 0.6253092 19.86924 2.565775 0 0.0
-0.06252571 0.01352328 1.764059 -9.595096 0.3848224 0.3077946 0.3974774 18.23155 3.211094 0 0.0
-0.05230621 0.0273334 1.276189 -8.048554 0.3265819 0.2590952 0.2537074 17.361 4.084042 1 0.0
-0.05024931 0.01233295 -4.949585 -4.963268 1.776379 1.286161 0.2391108 19.62637 2.678864 0 0.0
-0.04848146 0.02674177 -3.151883 -5.103181 2.060024 1.616996 0.4743725 20.39576 2.416044 0 0.0
-0.0484813 0.02634313 -5.749375 -4.614216 1.936211 1.623743 0.2685407 20.29194 2.271151 0 0.0
-0.03093191 -0.0001424194 -0.8474498 -4.367139 0.2734423 0.2165418 0.3694627 17.89565 1.834663 0 0.0
-0.03207024 0.008797035 2.673792 -1.981896 1.362816 1.100794 0.4911225 19.8489 2.274073 0 0.0
-0.03270739 0.008112131 0.7343976 -1.004438 0.9836222 0.7969669 0.457714 19.51558 3.131001 0 0.0
-0.04292895 -0.001444893 -7.95155 -9.65092 1.245029 1.032542 0.5698035 19.63157 2.192924 0 0.0
-0.05636103 -0.01480934 -1.023637 -6.644761 1.599394 1.346959 0.4918385 20.12749 2.202635 0 0.0
-0.06062546 -0.01905138 2.647017 -5.395832 0.5080586 0.4053657 0.3680014 18.87576 2.02857 0 0.0
-0.04747104 -0.006522003 -0.5423927 -1.789589 0.4731564 0.3795423 0.3922779 18.6876 2.165121 0 0.0
-0.03436929 0.005664553 2.732423 -2.245135 1.724175 1.399729 0.6102518 20.33564 2.17968 0 0.0
-0.06064734 0.02575795 2.301697 -7.666288 0.4299931 0.3532179 0.4016575 17.70204 3.892973 0 0.0
-0.03755618 0.006811854 -1.613591 -0.3012469 0.9786965 0.8188576 0.494461 19.5368 2.370148 0 0.0
