scripts/get_globular_clusters/output/Terzan_5_11.csv
# %ECSV 0.9
# ---
# datatype:
# - {name: x, unit: deg, datatype: float64}
# - {name: y, unit: deg, datatype: float64}
# - {name: pmx, unit: mas / yr, datatype: float64}
# - {name: pmy, unit: mas / yr, datatype: float64}
# - {name: pmx_e, unit: mas / yr, datatype: float64}
# - {name: pmy_e, unit: mas / yr, datatype: float64}
# - {name: pm_corr, datatype: float64}
# - {name: g_mag, unit: mag, datatype: float64}
# - {name: bp_rp, unit: mag, datatype: float64}
# - {name: filter, datatype: int64}
# - {name: memberprob, datatype: float64}
# meta: !!omap
# - comments: [deg deg mas/yr mas/yr mas/yr mas/yr dimless mag   mag   zeroone float]
# - __serialized_columns__:
#     bp_rp:
#       __class__: astropy.units.quantity.Quantity
#       unit: &id001 !astropy.units.Unit {unit: mag}
#       value: !astropy.table.SerializedColumn {name: bp_rp}
#     g_mag:
#       __class__: astropy.units.quantity.Quantity
#       unit: *id001
#       value: !astropy.table.SerializedColumn {name: g_mag}
#     pm_corr:
#       __class__: astropy.units.quantity.Quantity
#       unit: !astropy.units.Unit {unit: ''}
#       value: !astropy.table.SerializedColumn {name: pm_corr}
#     pmx:
#       __class__: astropy.units.quantity.Quantity
#       unit: !astropy.units.Unit {unit: mas / yr}
#       value: !astropy.table.SerializedColumn {name: pmx}
#     pmx_e:
#       __class__: astropy.units.quantity.Quantity
#       unit: !astropy.units.Unit {unit: mas / yr}
#       value: !astropy.table.SerializedColumn {name: pmx_e}
#     pmy:
#       __class__: astropy.units.quantity.Quantity
#       unit: !astropy.units.Unit {unit: mas / yr}
#       value: !astropy.table.SerializedColumn {name: pmy}
#     pmy_e:
#       __class__: astropy.units.quantity.Quantity
#       unit: !astropy.units.Unit {unit: mas / yr}
#       value: !astropy.table.SerializedColumn {name: pmy_e}
#     x:
#       __class__: astropy.units.quantity.Quantity
#       unit: &id002 !astropy.units.Unit {unit: deg}
#       value: !astropy.table.SerializedColumn {name: x}
#     y:
#       __class__: astropy.units.quantity.Quantity
#       unit: *id002
#       value: !astropy.table.SerializedColumn {name: y}
# schema: astropy-2.0
x y pmx pmy pmx_e pmy_e pm_corr g_mag bp_rp filter memberprob
[from data line 2198]
-0.01389886 0.06479633 -5.813812 -5.378896 1.010733 0.8336864 0.5494347 19.5485 3.314795 0 0.0
-0.02888453 0.01275747 -2.285184 -2.604816 0.8190176 0.6589859 0.2631367 19.08522 3.438486 0 0.0
-0.02950005 0.03755477 -2.126124 -0.3581924 0.4773443 0.3799754 0.2692607 18.52869 3.484499 0 0.0
-0.02977156 0.01394554 -4.454402 -5.961143 1.258952 1.051968 0.5626666 19.57073 2.983181 0 0.0
0.00312225 0.04921785 -6.546511 -10.44487 2.752244 2.318822 0.4763247 20.75602 3.107813 0 0.0
-0.01248506 0.0652447 1.67408 1.186282 0.9973496 0.8253735 0.5986422 19.29029 2.323557 0 0.0
-0.01941189 0.04106437 -1.602504 -5.959765 0.4217246 0.3302308 0.2671402 18.36297 3.348623 0 0.0
-0.03046773 0.02778319 2.166723 -4.116192 0.6097866 0.488744 0.3673775 18.88505 3.674875 0 0.0
-0.02656069 0.03078816 1.166603 1.212716 0.6352879 0.4940831 0.4260538 18.96891 3.287512 0 0.0
-0.0283352 0.03415996 0.3754093 -10.35919 0.4721466 0.3727611 0.3169114 18.57785 3.510794 0 0.0
-0.0003148306 0.02733298 -1.801511 -5.756389 0.8560822 0.7081168 0.5098627 19.17033 3.285767 0 0.0
-0.04563449 0.04732886 -0.7179106 -0.6364183 0.7091097 0.5939657 0.4043468 19.00764 2.804506 0 0.0
0.02590364 0.0324515 -0.8984353 0.7164148 1.307186 1.068696 0.4117354 20.01215 2.673244 0 0.0
0.02942408 0.03509049 0.2408201 -0.1641537 0.3549463 0.2715037 0.123762 17.86315 1.76001 0 0.0
-0.03510286 0.05218839 -4.255003 0.1293154 0.5427668 0.4286628 0.3432726 18.99519 3.344612 0 0.0
0.00633659 0.02871946 -1.728574 -1.249212 0.6430566 0.5019854 0.2847681 18.83898 3.674509 0 0.0
-0.01530756 0.02308627 -0.03263851 -0.8570662 0.1677834 0.1409091 0.48591 16.65141 1.707427 1 0.0
-0.03094103 0.03648821 -0.8282921 -7.505525 0.3839373 0.3049487 0.3366871 17.73898 4.423744 1 0.0
0.005754729 0.03171784 -0.2235772 -3.167751 0.4460585 0.3507146 0.2626101 18.45198 4.105272 1 0.008338182
-0.000703026 0.06272382 -5.740282 -1.05673 1.328848 1.096182 0.5467869 19.73535 2.774935 0 0.0
0.01348721 0.03185075 -1.710225 -6.093407 0.9948425 0.8281601 0.5565846 19.41379 3.833597 0 0.0
-0.0279211 0.04145757 -2.349338 -5.011547 0.9336837 0.7781945 0.5458314 19.36054 3.384295 0 0.0
-0.03244141 0.05074334 -1.502436 -2.794123 1.071348 0.8219599 0.2212632 17.64732 3.931186 0 0.0
-0.02531218 0.02420425 0.2260532 -0.9629519 0.3643138 0.2851337 0.2978242 18.17467 2.685421 1 0.0
-0.03307696 0.04324539 1.508084 -5.701415 0.5178294 0.4120109 0.2615905 18.40683 3.782375 0 0.0
0.0143191 0.03569969 1.256073 -5.050038 0.5389695 0.419654 0.2333859 18.53692 3.259312 0 0.0
-0.0331011 0.02980812 -0.6566106 -0.2417739 0.6545393 0.5136786 0.3239297 18.89498 3.405483 0 0.0
0.01434842 0.04957183 0.005027468 0.6141647 1.151906 0.9051746 0.6815637 19.02207 2.84544 0 0.0
-0.01295525 0.05474852 -3.185927 -2.157305 1.179165 0.9719051 0.5391799 19.66467 3.072979 0 0.0
-0.01752853 0.05098476 2.099564 -7.29654 0.9767885 0.8042481 0.547272 19.47962 nan 0 0.0
-0.003141312 0.01379458 -7.188073 -0.1588993 1.296073 1.184017 -0.4759076 19.18984 nan 0 0.0
0.01007899 0.04069736 -3.227882 -3.685148 0.6451854 0.5306744 0.5306901 18.86865 3.678909 1 0.004151496
0.01068987 0.05367109 -3.682587 -8.649009 0.6201039 0.4762134 0.2505866 17.73495 4.653584 0 0.0
0.01079977 0.04236623 -7.757119 -0.697548 0.5949119 0.4654394 0.3499813 18.85699 3.727432 0 0.0
0.01093783 0.03629703 -3.587564 -3.919858 1.57723 1.296201 0.5659162 19.73638 3.642883 0 0.0
-0.005607743 0.01727349 -1.331519 -6.480982 1.311821 1.128058 0.3755579 19.64602 3.560743 0 0.0
0.01113312 0.05064409 2.608539 3.65083 0.5206566 0.4092553 0.33363 18.6573 3.376549 0 0.0
-0.006607819 0.06348467 1.566131 -6.107787 1.451192 1.19881 0.5073866 19.95805 nan 0 0.0
-0.01730735 0.05509322 -7.382051 -5.408405 0.9948539 0.8201292 0.582733 19.4339 nan 0 0.0
0.002262491 0.02313107 -1.675034 -4.568342 0.5821559 0.4555275 0.2708918 18.7822 4.62508 0 0.0
0.003121065 0.002060569 -3.58112 -4.760717 0.4745021 0.3590387 0.06518324 18.12927 nan 0 0.0
-0.001950032 0.03232449 -3.100614 -3.07617 0.5531307 0.4246576 0.4127781 18.47771 3.842245 0 0.0
-0.004195965 0.0623232 -5.615854 -4.300792 0.967361 0.8001024 0.5642956 19.50275 3.538296 0 0.0
-0.01204042 0.0540448 -1.588865 -6.52316 1.78257 1.24066 0.04209675 19.46791 nan 0 0.0
0.02230327 0.04689274 -7.433165 -7.00364 2.111679 1.843713 0.2786559 20.42282 2.76009 0 0.0
-0.02609347 0.0495413 -1.261418 -4.283895 1.375017 1.156318 0.4458877 19.75422 3.052147 0 0.0
-0.02653524 0.04142926 -0.4197341 -4.250852 0.4349107 0.3407754 0.1724243 18.48518 2.532879 0 0.0
-0.03169159 0.04520841 1.13582 1.759105 0.6599827 0.5451186 0.436851 19.04949 2.291201 0 0.0
-0.01650318 0.05292849 -11.26713 -5.797498 4.160593 3.278156 0.1013413 20.83596 nan 0 0.0
-0.0356838 0.04810459 2.897782 -0.08820675 2.181145 1.55022 0.1088025 19.90964 2.264656 0 0.0
-0.00203286 0.01294011 -2.674123 -5.444983 1.194611 1.026834 0.3568059 19.47219 nan 0 0.0
0.0009602829 0.06248349 -4.816965 -0.3882296 0.6459028 0.5273944 0.3505438 19.03601 3.570862 0 0.0
0.002096121 0.01770085 -5.56922 -8.001149 0.4780528 0.3670769 0.1740035 18.32443 4.037615 0 0.0
0.0412769 0.006516941 -3.407666 -7.32708 1.724452 1.407319 0.5634167 20.22121 2.236752 0 0.0
0.04449665 0.02177271 0.03311135 -5.348184 0.8873189 0.7406299 0.6902465 18.93442 3.465597 0 0.0
-0.02457594 -0.05500969 -0.3876546 -7.605662 1.164732 0.9956111 0.4471675 19.85596 nan 0 0.0
0.04344794 -0.04483153 0.1444019 -0.9944949 0.3575934 0.2923884 0.3026169 18.29132 2.270319 1 0.0
0.06177928 0.001473028 -0.7363674 1.724025 0.5654857 0.4122512 0.02194132 18.83477 2.086643 0 0.0
0.03589819 -0.004219761 -5.117764 -5.118782 1.435098 1.195515 0.5294049 19.96931 2.156078 0 0.0
0.03394584 -0.05118385 -1.164406 -0.9644313 1.887884 1.642543 0.2289234 20.02548 1.80813 0 0.0
0.02793672 -0.04676875 0.07876923 -1.331719 2.497687 2.158322 0.8360619 20.21016 2.422283 0 0.0
-0.000702645 -0.004641817 7.574654 -6.658991 1.767814 1.23373 -0.3295071 18.53916 nan 0 0.0
0.02642263 -0.003265615 2.131179 0.6491966 0.3642069 0.2872708 0.3212344 18.44752 2.362036 0 0.0
-0.04241383 -0.04931535 -4.846473 -2.966736 1.344042 1.122496 0.5336211 20.00768 2.545591 0 0.0
0.02866564 -0.008757369 -0.37946 -0.3273662 0.7379492 0.6015129 0.5021744 19.03535 1.943817 0 0.0
-0.01164389 -0.03607928 -5.020096 -4.634954 1.354168 1.133913 0.5702493 19.96018 2.629091 0 0.0
-0.01660008 -0.05151792 -1.32516 -3.592499 2.005117 1.629621 0.6696927 20.45988 3.188225 0 0.0
0.02428007 -0.04978731 3.691265 1.329511 0.5136577 0.4023187 0.267044 18.37007 2.342884 0 0.0
0.02839035 -0.001024914 -1.466915 -5.220407 2.041675 1.713047 0.6153141 20.34849 nan 0 0.0
-0.01053744 -0.01791359 -2.812468 -5.904322 1.043049 0.8720286 0.5517803 19.15416 nan 0 0.0
0.001597016 -0.005034739 -2.123083 -4.65948 0.9024314 0.6998176 0.2176166 18.27722 nan 0 0.0
-0.01009418 -0.01791356 -0.4726982 -1.564469 0.4861311 0.3843687 0.2716941 18.5239 3.135212 0 0.0
-0.009983333 -0.01828357 0.3108116 3.242331 0.9694444 0.8005241 0.5348413 19.42881 nan 0 0.0
0.01636089 -0.03392832 -2.860805 -4.840449 1.373396 1.146212 0.5456017 20.01787 2.821941 0 0.0
0.0468399 -0.01089341 -5.482726 -7.709702 0.6208071 0.5138625 0.3621882 19.0635 2.398073 0 0.0
0.008301182 -0.01795157 -2.184257 -5.355221 0.4346499 0.3663139 0.5110519 17.11925 4.443001 0 0.0
-0.001145907 -0.00971346 -3.597752 -7.800596 1.548102 1.306413 0.650483 18.89099 nan 0 0.0
-0.02842638 -0.05172034 -6.067555 -0.3732769 1.08728 0.9121489 0.6242041 19.65041 3.80995 0 0.0
-0.0121124 -0.06044951 -5.274837 -7.809711 2.292786 1.878291 0.595067 20.19182 nan 0 0.0
-0.0381221 -0.04515022 -14.06831 -8.000859 1.680014 1.382555 0.7864606 19.46402 2.1733 0 0.0
-0.001561546 -0.005507761 -2.136979 -5.51409 0.6163782 0.480132 0.1712387 17.40001 4.118375 0 0.0
-0.02446491 -0.05623418 3.282695 -0.8644858 0.460037 0.3665162 0.3954178 18.78227 2.085279 0 0.0
-0.02494047 -0.03269951 -2.356833 -4.54837 1.227824 1.038104 0.6346245 19.45226 2.921724 0 0.0
0.0005162726 -0.04848031 3.336804 -4.101224 1.191623 0.9971943 0.5703083 19.66331 nan 0 0.0
0.001153705 -0.005458166 -1.524723 -4.857767 0.4095885 0.3218672 0.3790803 17.77979 nan 0 0.0
0.06309827 -0.02015697 -3.74516 -8.366337 0.4059272 0.3446559 0.3593213 17.02569 3.846789 0 0.0
0.008385415 -0.001359551 -1.363002 -4.500184 0.32437 0.2568869 0.1354313 17.24851 4.882856 1 0.9515616
0.001070587 -0.005135823 -4.727037 -5.733824 1.341425 1.07362 0.08044026 18.31147 nan 0 0.0
0.02814123 7.377513e-05 -1.303971 -3.454964 1.468398 1.219612 0.5475871 19.91556 nan 0 0.0
0.01455755 -0.05799502 1.244079 2.783665 1.19024 1.001997 0.5742009 19.85876 nan 0 0.0
0.03988929 -0.000162141 -2.814312 -2.722188 1.032165 0.8618501 0.5446919 19.58976 2.408394 0 0.0
0.04623636 0.005162882 -1.254546 -0.917131 1.353942 1.123964 0.4502748 19.77049 nan 0 0.0
0.01772056 -0.01747763 0.1984854 -2.857832 0.9377691 0.7509187 0.2642963 17.52343 3.97187 0 0.0
-0.001062832 -0.004859257 -4.732041 -4.842934 0.5820434 0.4980836 0.4121565 18.32039 nan 0 0.0
0.01542495 0.01324434 2.544174 -1.762226 3.069683 2.744033 0.1452033 20.68666 1.49334 0 0.0
0.008937914 -0.02428783 -2.703668 -5.32541 0.8856689 0.7331413 0.5641132 19.32734 3.370821 0 0.0
0.004643913 -0.02757205 -4.561453 -7.159928 2.239067 1.836085 0.6773796 20.38492 2.769861 0 0.0
0.01675526 0.01468612 -3.324072 -12.35237 2.879528 2.571512 0.1074075 20.54714 2.33437 0 0.0
0.01350867 -0.02563292 -4.537344 -7.30102 1.962778 1.608193 0.5506933 20.15627 nan 0 0.0
-0.007571504 -0.04448274 -5.440524 -6.490065 2.402025 2.097747 0.4536885 20.70526 nan 0 0.0
-0.02490793 -0.05677787 -5.338895 -4.911044 1.169723 0.9996798 0.468346 19.85452 2.015902 0 0.0
-0.02568482 -0.04988106 -5.450449 -2.183137 1.065996 0.897498 0.5914389 19.49437 3.381859 0 0.0
-0.0005640872 -0.009867952 -1.785648 -2.824905 0.9863011 0.8340324 0.5775837 18.99217 nan 0 0.0
0.06362696 -0.01561394 -6.45807 -8.911903 0.8931429 0.7416713 0.6002679 19.22469 3.467123 0 0.0
-0.01189092 -0.0596999 3.557761 -1.977884 0.317313 0.2536907 0.4003148 18.12501 3.879154 0 0.0
-0.007461436 -0.032455 -1.854734 -5.879953 0.6206327 0.494109 0.3351958 18.91905 3.679892 0 0.0
0.01478729 0.01060656 1.041544 -4.612987 1.303497 1.149621 0.1620264 19.94629 1.745251 0 0.0
0.04160732 0.0002836146 -1.2493 -0.9470038 2.532933 2.162902 0.4716512 20.61144 nan 0 0.0
0.04651372 0.005881849 -1.266065 -4.231431 1.233683 1.039952 0.5236476 19.64833 2.546329 0 0.0
0.0335056 -0.04045299 -1.771758 -12.19668 1.383214 1.125224 0.4425797 19.80757 3.261135 0 0.0
0.01456498 0.005267914 15.72805 10.58616 1.794011 1.518101 0.4315623 19.39408 nan 0 0.0
0.0001285579 -0.006375595 -1.057493 -4.669991 0.209018 0.1624457 0.2108699 17.15114 2.592587 0 0.0
0.047193 -0.02947302 -4.014841 -2.518158 0.8778879 0.7292608 0.6100186 19.18458 3.106947 0 0.0
0.006390418 -0.002379864 -0.5582587 0.9462968 0.4582892 0.3628706 0.273954 18.26069 nan 0 0.0
-0.0001207997 -0.006776138 -3.294291 -10.1653 0.6764339 0.5265425 0.177157 18.15107 nan 0 0.0
0.0236521 -0.002288493 -1.659902 -4.896532 2.326855 2.072987 0.4425313 20.56038 2.980892 0 0.0
0.01256335 -0.05964084 -7.166463 -11.54032 2.49453 2.087833 0.8181587 20.15404 nan 0 0.0
-0.0315275 -0.05509328 -7.913657 -9.011498 1.444883 1.136488 0.3225999 18.38411 4.299229 0 0.0
0.05844365 -0.02112935 -1.008348 -2.250544 0.9240384 0.7712697 0.5221365 19.33347 3.254084 0 0.0
-0.0314997 -0.05552242 -0.5751186 -2.806654 1.679201 1.384913 0.5426687 20.08294 nan 0 0.0
0.02431618 -0.006845278 -1.009268 -5.828617 1.937179 1.585588 0.4987003 20.21968 2.412317 0 0.0
-0.01017554 -0.03918241 -5.603482 -9.810286 2.588063 2.106322 0.474889 20.75693 2.259342 0 0.0
0.0161162 0.001544577 0.7022099 -3.998986 2.607357 2.35484 0.2828171 20.50398 nan 0 0.0
0.03326645 -0.002674075 -4.779012 -7.168515 2.233033 1.853246 0.5798165 19.74902 2.699474 0 0.0
0.04970573 0.01951816 -0.481998 -5.259086 0.6451784 0.5386995 0.3939168 17.73077 2.001179 0 0.0
-0.01474492 -0.04735204 -1.794348 -2.073446 0.3688771 0.293642 0.3561998 18.41039 2.135717 0 0.0
0.01558235 -0.05723411 1.69588 -2.580264 2.476619 2.033098 0.5890681 20.40381 2.108704 0 0.0
0.01686328 -0.006115434 0.2957424 -4.474491 0.4500702 0.3786579 0.2773814 16.19968 6.004253 0 0.0
-0.002836061 -0.005067186 -1.318972 -5.443904 0.3258279 0.2738922 0.2927403 16.87343 4.160215 0 0.0
-0.01632467 -0.03977243 -2.532276 -5.573648 1.584595 1.279276 0.6129652 20.1867 2.503654 0 0.0
0.008994198 -0.01216282 -1.793323 -3.884218 0.4808033 0.3756866 0.3169672 18.53849 3.636728 0 0.0
0.03931147 0.01262682 -2.700067 -1.500268 0.3049709 0.2590183 0.2683829 16.66967 4.636588 1 0.0
-0.03451814 -0.05681641 -3.005503 -3.743137 0.4210082 0.3290129 0.2318234 17.76105 nan 0 0.0
0.05134804 -0.02984088 -3.922972 -4.615844 1.197087 0.996275 0.5610139 19.62911 2.288126 0 0.0
-0.02854103 -0.0349357 -1.898787 -3.210471 1.16899 0.9292324 0.2849459 18.37483 2.88591 0 0.0
0.04371882 0.0164553 -5.882478 -5.83366 0.3930395 0.3070228 0.2701619 18.26478 3.944735 1 0.0
0.04089661 0.0297295 25.57031 -21.75411 2.517287 2.09466 0.353167 19.81616 nan 0 0.0
0.003979944 -0.0003923062 -1.667133 -5.398264 0.3737846 0.3056442 0.3420373 17.12807 4.701428 0 0.0
0.02494434 -0.05199234 0.1622845 0.9876745 0.4876641 0.3733837 0.1529929 18.56134 2.420156 0 0.0
0.05025227 0.0004806872 2.363242 -0.03648797 1.619063 1.292656 0.5211054 20.20136 nan 0 0.0
0.02013197 -0.01030637 4.799555 -3.859552 2.408862 2.050268 0.821643 20.25748 nan 0 0.0
-0.008348942 -0.0163227 0.5040101 -5.06015 0.9064837 0.7528693 0.531617 19.2196 3.302797 0 0.0
0.03958548 0.002895436 -1.372425 0.177459 1.463445 1.220748 0.5252782 19.89973 2.188807 0 0.0
-0.03338559 -0.04586411 -1.446426 -4.020142 1.730243 1.41911 0.6079178 20.38515 2.453514 0 0.0
0.04936996 0.01138726 -1.896064 -7.033029 1.332911 1.111848 0.5811682 19.72272 3.574249 0 0.0
0.04232412 -0.01029288 -1.748277 -3.740289 1.94547 1.592583 0.6183759 20.35028 2.610603 0 0.0
-0.01740151 -0.06410652 -6.145638 -7.53943 1.267697 1.065814 0.6119115 19.70317 2.689243 0 0.0
-0.03178031 -0.0412727 -5.509243 -9.349606 1.171748 0.9855847 0.6152447 19.53697 3.260782 0 0.0
0.02965258 -0.05252552 -2.468976 -4.330759 0.9503632 0.7996075 0.5779334 19.54278 2.884565 0 0.0
0.03090729 -0.01887258 -1.453573 -3.118248 2.084822 1.700425 0.7778847 20.06322 nan 0 0.0
0.03952888 -0.0008028949 -7.839698 -9.161223 1.552176 1.26174 0.5703024 20.22957 nan 0 0.0
0.0217131 0.0006186605 -1.153565 -3.801337 0.3802662 0.3108061 0.3410864 17.95334 4.179886 0 0.0
-0.0001208024 -0.003962799 -4.863004 -4.247806 0.6524404 0.5178525 0.2943364 17.77999 nan 0 0.0
0.03678639 0.001111019 1.470689 1.532217 0.7685066 0.6383346 0.5607887 19.12722 2.09247 0 0.0
0.001513683 -0.02250605 -3.391807 -5.871593 1.819851 1.487397 0.5824849 20.12661 nan 0 0.0
0.05830428 -0.0229508 -3.398615 -6.040832 1.409058 1.118366 0.1918255 19.31583 nan 0 0.0
0.05636102 -0.03189155 1.762569 -1.060423 1.503357 1.22134 0.5822737 20.18868 2.145657 0 0.0
0.0482452 -0.03061593 -6.228761 -4.993513 0.9574931 0.7848477 0.4811605 19.24465 3.463247 0 0.0
0.01322812 -0.05864146 -0.853237 -0.2823751 1.726022 1.436624 0.7914446 19.59979 2.028357 0 0.0
-0.006961606 -0.05414533 -5.65989 -4.909795 1.395083 1.14207 0.5963826 20.04753 2.103201 0 0.0
0.02606082 -0.01097695 -0.9435487 -0.6118496 1.518242 1.248368 0.4905711 20.11614 2.508619 0 0.0
0.0002671 -0.001773163 -3.810386 -7.825282 1.022609 0.7964213 0.4962571 17.055 nan 0 0.0
0.03109416 -0.04699457 -1.343843 -0.5210264 1.370993 1.162495 0.693957 19.37725 2.538368 0 0.0
-0.01363809 -0.03772743 -2.990897 -4.274874 2.731482 2.386123 0.2554748 20.53568 nan 0 0.0
0.03114921 -0.04838504 0.1508185 -0.4347833 0.436316 0.3456227 0.1551206 18.68309 2.389433 0 0.0
0.0406148 0.01544355 -7.420039 -10.22655 0.5541415 0.489716 0.2591345 17.1231 5.358803 0 0.0
0.04618244 0.009185501 -2.209721 -5.040168 1.176768 0.9658114 0.4913478 19.66259 2.598465 0 0.0
-0.03698502 -0.05009753 2.651746 -3.164388 0.5189302 0.4200675 0.3527109 18.69328 3.939178 0 0.0
