scripts/get_globular_clusters/output/Terzan_8.csv
# %ECSV 0.9
# ---
# datatype:
# - {name: x, unit: deg, datatype: float64}
# - {name: y, unit: deg, datatype: float64}
# - {name: pmx, unit: mas / yr, datatype: float64}
# - {name: pmy, unit: mas / yr, datatype: float64}
# - {name: pmx_e, unit: mas / yr, datatype: float64}
# - {name: pmy_e, unit: mas / yr, datatype: float64}
# - {name: pm_corr, datatype: float64}
# - {name: g_mag, unit: mag, datatype: float64}
# - {name: bp_rp, unit: mag, datatype: float64}
# - {name: filter, datatype: int64}
# - {name: memberprob, datatype: float64}
# meta: !!omap
# - comments: [deg deg mas/yr mas/yr mas/yr mas/yr dimless mag   mag   zeroone float]
# - __serialized_columns__:
#     bp_rp:
#       __class__: astropy.units.quantity.Quantity
#       unit: &id001 !astropy.units.Unit {unit: mag}
#       value: !astropy.table.SerializedColumn {name: bp_rp}
#     g_mag:
#       __class__: astropy.units.quantity.Quantity
#       unit: *id001
#       value: !astropy.table.SerializedColumn {name: g_mag}
#     pm_corr:
#       __class__: astropy.units.quantity.Quantity
#       unit: !astropy.units.Unit {unit: ''}
#       value: !astropy.table.SerializedColumn {name: pm_corr}
#     pmx:
#       __class__: astropy.units.quantity.Quantity
#       unit: !astropy.units.Unit {unit: mas / yr}
#       value: !astropy.table.SerializedColumn {name: pmx}
#     pmx_e:
#       __class__: astropy.units.quantity.Quantity
#       unit: !astropy.units.Unit {unit: mas / yr}
#       value: !astropy.table.SerializedColumn {name: pmx_e}
#     pmy:
#       __class__: astropy.units.quantity.Quantity
#       unit: !astropy.units.Unit {unit: mas / yr}
#       value: !astropy.table.SerializedColumn {name: pmy}
#     pmy_e:
#       __class__: astropy.units.quantity.Quantity
#       unit: !astropy.units.Unit {unit: mas / yr}
#       value: !astropy.table.SerializedColumn {name: pmy_e}
#     x:
#       __class__: astropy.units.quantity.Quantity
#       unit: &id002 !astropy.units.Unit {unit: deg}
#       value: !astropy.table.SerializedColumn {name: x}
#     y:
#       __class__: astropy.units.quantity.Quantity
#       unit: *id002
#       value: !astropy.table.SerializedColumn {name: y}
# schema: astropy-2.0
x y pmx pmy pmx_e pmy_e pm_corr g_mag bp_rp filter memberprob
[from data line 322]
0.04015033 -0.0525346 -7.755132 -0.5633229 0.1921397 0.1142307 -0.1513763 17.32444 0.9685059 1 0.0
0.004325208 0.01657801 -1.241591 -0.7039818 2.466268 1.140016 -0.3861071 20.47885 0.336132 0 0.0
0.04255678 -0.04380394 -3.570023 -1.533757 1.127547 0.684268 -0.0957199 20.08005 1.037729 1 0.9519025
0.005260158 -0.00525355 -3.518134 -0.8869956 0.9707866 0.5906716 -0.4645243 19.32508 1.117987 0 0.0
-0.06666 -0.04351426 -1.869482 -0.3327085 1.186912 0.7293128 -0.03410347 20.00118 0.7725563 0 0.0
0.0565029 -0.02468136 -7.281735 -12.9536 0.2444466 0.1552425 -0.14304 17.89154 0.9378738 1 0.0
-0.06675079 0.03987878 10.99348 -13.82908 1.046324 0.8053505 0.1686823 19.88938 2.188309 0 0.0
0.03918701 0.05172533 4.931073 -3.598772 1.425842 1.101272 0.1049346 20.47378 0.9854126 0 0.0
-0.001975665 0.008635902 -1.741525 -1.950025 0.5212858 0.3264252 -0.1401684 18.96724 1.082991 1 0.9956475
-0.002228377 -0.0035101 -2.256626 -1.4282 0.1712212 0.1075715 -0.183641 17.19509 1.087023 1 0.9994972
0.04894116 0.02082123 -2.4536 -1.780533 0.3588791 0.2323919 -0.0150235 18.43016 0.23242 1 0.9953138
-0.01739981 -0.04372257 -3.407598 -6.156705 0.6719399 0.4522552 0.01442575 19.4861 1.376446 1 0.0
0.06339137 0.02091468 3.537455 -5.490009 0.752758 0.5614479 0.1434684 19.84955 1.387506 0 0.0
-0.03033626 -0.07374023 -3.397534 -1.050203 0.7472864 0.511317 0.03373605 19.55642 1.26545 0 0.0
-0.02486995 0.07808264 6.707505 -7.452785 0.5987336 0.4370391 0.1466157 19.27321 1.96409 1 0.0
-0.02823808 0.0783181 4.879202 -5.597222 0.900215 0.6757718 0.2161949 19.86654 1.918222 0 0.0
-0.07230159 0.01879803 -0.7469004 -6.456098 0.6136927 0.4685499 0.174135 19.27299 0.9365292 1 0.0
-0.001418095 -0.04533442 -1.959054 -3.920729 1.203467 0.7007999 -0.1359967 20.11994 1.407091 0 0.0
-0.01947043 -0.05659381 2.246865 -3.634347 4.082695 1.936899 -0.7578333 20.58709 0.8111248 0 0.0
-0.01274666 -0.04542692 -2.314842 -2.167114 0.7571914 0.5054445 -0.0005092495 19.71345 1.223988 1 0.9777476
-0.06884784 0.03508585 3.780505 6.227301 1.223492 0.9334549 0.1318776 20.03906 2.276344 0 0.0
-0.0003560111 -0.05246789 -1.955045 -1.843813 0.6749185 0.4364097 -0.03504775 19.53288 1.046209 1 0.9829074
0.002678374 -0.04613935 6.065094 -2.112204 0.4770335 0.3126864 -0.02786217 19.03271 1.567781 0 0.0
-0.07015108 0.01941019 -3.859504 -5.963646 0.9624441 0.7379556 0.2508228 19.8931 1.152668 1 5.363866e-06
-0.05519814 -0.05365694 -0.7510819 -5.567281 3.490551 2.993262 0.1783996 20.92865 1.909599 0 0.0
-0.06220657 -0.0473561 1.843745 2.414941 0.3505098 0.2425548 -0.001206659 18.54397 1.269381 1 0.0
-0.0121737 0.0148759 -2.910048 -1.111953 0.4646353 0.2737474 -0.2592891 18.53882 1.213772 1 0.9967063
-0.01895413 0.009057242 -3.401654 -1.20935 0.6975924 0.4630431 -0.1139921 19.50054 0.9396706 0 0.0
0.01557175 0.07626906 1.339748 -2.782444 0.4348616 0.3185254 0.06398128 19.05305 1.542152 1 0.0
-0.003213441 -0.0461737 1.618277 2.330515 2.73941 1.296452 -0.365469 20.64775 0.7437153 0 0.0
0.03376365 0.03723182 -3.432923 -1.479621 2.263702 1.933046 0.1772525 20.74211 0.9675713 1 0.893126
-0.03616203 -0.04630341 -0.8279622 -5.376518 1.700325 0.8435427 -0.3389436 20.18031 0.9425735 1 0.001843981
0.01887261 0.002022959 -3.782928 -0.2566072 2.846276 1.598545 -0.1638948 20.61172 0.5704365 0 0.0
-0.02532525 0.07632775 0.7266771 -7.124884 0.309517 0.2212718 0.06458636 18.21264 0.9879017 1 0.0
-0.02297594 0.003872076 -4.686226 -2.4399 2.832094 1.40001 -0.7731158 20.12782 0.9111996 0 0.0
0.01685189 0.01900642 -2.322451 -1.734951 0.4077508 0.2627829 -0.1050328 18.67138 0.1922092 1 0.9984694
0.01201819 0.01742414 -2.179197 -1.810077 0.1739293 0.1099717 -0.1996381 17.23329 0.9384899 1 0.9973952
-0.05889353 -0.04812049 1.816284 -4.263531 0.3477948 0.2379236 -0.01278016 18.47067 1.601622 1 0.0
0.02771144 -0.0486806 -7.627889 -11.33329 0.5391791 0.3520259 -0.2886562 18.84185 2.133226 1 0.0
0.01533386 0.02091024 -2.633462 -1.265835 0.3904007 0.2544195 -0.1101878 18.62721 0.1991863 1 0.9981
-0.03929057 -0.06144152 -8.840155 3.516599 3.527004 2.175058 -0.1263092 20.71402 0.1359978 0 0.0
-0.04073138 -0.06200295 -6.19658 -6.871841 2.447961 1.383573 -0.236113 20.59799 0.827755 0 0.0
-0.03691068 -0.01102923 -2.512195 -1.359291 0.08560482 0.05282014 -0.2130663 15.81478 1.377069 1 0.957338
0.01001141 -0.04721183 -5.017979 -0.2959267 1.958075 0.9881134 -0.3561222 20.3723 0.7514687 0 0.0
-0.02416885 -0.07181946 -3.10875 -0.3247479 2.581796 1.39152 -0.2335895 20.63068 0.4935989 0 0.0
-0.03848027 -0.06423732 0.6645111 -6.017663 1.960016 1.014544 -0.3240809 20.36349 0.8223572 0 0.0
0.02711594 -0.01311981 -2.708856 -1.627784 0.3382093 0.2064568 -0.2159375 18.24414 0.2299099 1 0.998733
0.05240537 0.01624916 9.039788 1.604039 0.7132156 0.4777686 -0.01090778 19.54079 1.410784 0 0.0
-0.04461557 0.01663508 -2.292899 -1.20923 0.548613 0.3960949 0.1741917 19.12525 1.133839 1 0.9918069
0.0006554111 -0.048966 0.01089699 -2.98316 0.3753091 0.2451973 -0.07068853 18.5075 1.115215 1 0.0
-0.01303007 -0.01122439 -2.805658 -2.346294 0.9440412 0.7081034 0.100548 19.95592 0.8842182 0 0.0
0.002881989 -0.007248523 -2.600933 -2.309818 0.6311645 0.4183527 -0.01291317 19.43431 0.9431705 0 0.0
-0.02030553 0.05233466 -8.571155 -9.237364 0.8432223 0.5849311 0.01113082 19.73946 1.816471 0 0.0
-0.0274778 0.07655596 8.925582 5.94675 1.378819 0.9521363 0.005104502 20.12519 2.339388 0 0.0
0.006779634 0.01403345 -2.926387 -1.097384 1.203377 0.7144705 -0.153697 20.06583 0.8768444 0 0.0
0.03460052 0.0411301 -1.076999 -7.088612 2.105581 1.702891 -0.02002417 20.72684 0.7055931 1 0.05655428
-0.05843331 0.01801906 -2.124571 -1.703267 0.6307244 0.4843906 0.3822846 18.91578 0.1078949 1 0.98054
0.008070177 0.01407149 -1.804913 -0.8615052 0.5990512 0.3930703 -0.05628125 19.24735 1.00206 0 0.0
0.002148758 0.009414096 -1.254529 -2.094387 0.7088855 0.469833 -0.0454327 19.45521 0.9519386 0 0.0
-0.05232752 0.04767087 -6.787003 -0.2819775 1.433791 0.9044608 -0.2231537 19.96553 nan 0 0.0
-0.03814957 -0.06875758 0.2230269 -1.901557 3.021931 1.945137 -0.02476341 20.6443 0.8525333 0 0.0
0.05187549 0.01876718 0.04547455 -8.066218 0.3851157 0.2626085 -0.01189752 18.79733 0.8645191 1 0.0
-0.00230443 0.002185241 -2.089558 -1.575983 0.669081 0.4404265 -0.3144227 19.14725 1.068417 1 0.9978781
0.06569243 0.0185173 -2.421341 -1.92866 0.6729018 0.4783284 0.1228747 19.36226 1.223732 0 0.0
0.0153697 0.07926363 -3.532488 -6.59358 0.7185727 0.5268335 0.09348399 19.7624 0.9437637 1 0.0
0.06121312 0.01832228 -2.402263 -1.586541 0.1763947 0.1206388 0.004717156 17.42372 1.191982 1 0.9986501
0.008541271 -0.08217334 -2.504865 -6.381847 0.9053888 0.5732411 0.03020641 19.90672 1.026451 1 0.0
0.03049124 0.01710671 1.536121 -3.943163 0.5895067 0.3873494 -0.09048979 19.13531 1.691721 0 0.0
0.03160503 0.01803328 -2.597104 -2.027432 0.3196189 0.1969184 -0.1614692 18.25715 0.2778282 1 0.9844142
-0.01862648 0.01493576 3.14238 -3.013931 0.6303668 0.4003493 -0.1065754 19.23414 2.169117 1 0.0
0.006804081 0.00332178 -2.707395 -1.469896 0.2369393 0.1402113 -0.245962 17.51691 1.185982 1 0.9996403
-0.06866321 0.02585824 1.302842 -6.474475 2.203104 1.395073 -0.09588073 20.4585 1.118429 0 0.0
-0.008906947 -0.008191171 -1.857477 -1.562508 0.5310085 0.3631554 0.003259673 19.16014 0.9296379 0 0.0
-0.01380748 -0.05297637 -4.046382 -10.02687 0.8646102 0.5848428 -0.08764161 19.19886 1.671709 0 0.0
-0.005112591 -0.002289522 -4.332866 0.7277543 0.6188824 0.4123036 -0.02996804 19.26659 1.353424 0 0.0
-0.008079675 0.07147885 -3.143847 -4.860549 0.5363468 0.3847836 0.04352139 19.25395 0.8177452 0 0.0
0.009899019 0.07342415 3.093427 -6.143173 0.7505639 0.5559942 0.1119895 19.819 0.9426785 1 0.0
-0.03041218 0.06781168 2.982346 -10.47561 1.080988 0.8050929 0.05579534 19.91636 0.8278027 0 0.0
-0.02061583 0.07921674 -1.797233 -1.463542 0.433793 0.3150971 0.1106994 18.81259 0.1630783 1 0.9569949
9.919553e-05 0.01499503 -3.529996 -9.563443 0.9658908 0.6377814 -0.02084197 19.93483 1.10614 0 0.0
-0.02276508 -0.02763727 -4.221284 -2.544953 1.243361 0.7517927 -0.09817668 20.11806 0.9515743 0 0.0
-0.03917994 -0.0272656 -1.146374 -2.10011 0.7418025 0.5095227 0.0576122 19.65286 1.203501 1 0.9216364
-0.007439795 -0.006634634 -3.085761 -2.002137 0.4930849 0.3273859 -0.02065466 19.04709 0.9811153 0 0.0
-0.04971138 -0.05368789 1.894402 -4.165483 0.5021667 0.3645573 0.1295664 19.06524 1.775761 1 0.0
0.01113949 0.07094063 0.1643471 -3.046657 0.3773406 0.2732725 0.02110885 18.6965 1.176044 1 0.0
0.01338704 0.03230888 -5.357873 -3.275157 1.61565 0.84662 -0.3267084 20.16474 1.266537 0 0.0
-0.04981135 -0.05567159 -2.456706 -1.498461 0.121128 0.07708443 -0.1900012 16.55558 1.284514 1 0.9988378
-0.04298571 -0.05366896 -1.702547 -1.673868 0.3128365 0.2117969 0.03167981 18.22441 0.1828003 1 0.9387651
0.01879919 0.01322293 -3.979812 -0.9064506 1.053826 0.6368424 -0.1366923 19.95015 0.8782272 0 0.0
-0.01070261 -0.01215103 -2.353054 -1.704543 0.4049866 0.2864587 0.05628312 18.62492 0.262022 0 0.0
-0.01325087 -0.05519261 1.628801 -4.56042 0.2246013 0.1475776 -0.08053893 17.76926 1.102949 1 0.0
-0.0401299 -0.05083324 -1.415776 -4.724964 0.2301347 0.1497824 -0.07164892 17.83086 1.225708 1 0.0
0.008473317 -0.003327388 -1.686315 -2.18209 2.174028 1.10724 -0.3223868 20.52159 0.8507767 0 0.0
-0.0166709 -0.02120809 -1.929153 -1.711145 0.4314555 0.3127001 0.02680393 18.80276 1.021309 1 0.9964636
0.02730519 -0.05389135 -0.4012859 -5.132103 0.9767481 0.5744459 -0.06185759 19.85953 0.9361382 0 0.0
-0.006276007 -0.007374591 -1.672044 -2.327689 1.142997 0.7013377 -0.08213423 20.08952 0.7363625 0 0.0
-0.02490662 -0.05590477 -2.350314 -1.716355 0.2288252 0.1423136 -0.105171 17.82296 0.7218437 1 0.9970064
-0.02794078 -0.05561961 -0.06690943 -16.53076 0.6193154 0.4249762 0.02795562 19.23042 1.519499 1 0.0
-0.04574732 0.0506959 4.586909 -0.4225868 1.804807 1.150517 -0.21582 20.20775 1.891861 0 0.0
-0.02182877 -0.02954818 -1.771809 -1.71833 0.3954804 0.2804112 -0.2082811 18.40161 0.8681355 0 0.0
0.04602521 0.05710063 -0.08642251 -7.284882 0.3305464 0.2362666 0.04708598 18.50204 1.290724 1 0.0
-0.05426039 -0.05712771 -1.994802 -7.576076 0.5349747 0.3654897 0.02834717 19.14568 0.8813438 1 0.0
-0.008936382 0.03116506 1.083566 -7.660284 2.565108 1.30559 -0.3936776 20.32809 2.037954 0 0.0
0.03233203 0.0665712 3.466121 -1.907215 0.7571207 0.5574535 0.09841322 19.86781 1.385895 1 0.0
0.02017451 -0.05582722 -0.4232643 -6.994746 0.5676908 0.380586 0.03262021 19.26068 1.112328 1 0.0
-0.01288473 0.03127136 -8.424751 -0.3058661 2.38116 1.487236 -0.1572616 20.63077 0.8367138 1 0.8606059
0.0220704 -0.05735357 2.900635 -6.987915 0.42893 0.2688248 -0.05800591 18.63636 1.747427 1 0.0
0.01652467 0.02804731 -2.17628 -1.415497 0.8051724 0.5329322 -0.02864966 19.74651 1.096077 1 0.9931422
0.05315651 0.04391288 -1.579712 -8.683429 2.05113 1.59651 0.1914058 20.66665 0.259779 1 0.0004773302
-0.05114732 0.06362465 -2.220375 -1.586541 0.1780749 0.1223944 -0.06484767 17.28581 1.41102 1 0.9946038
0.008172451 0.02505017 -3.101638 -0.9072465 1.76048 0.9208703 -0.3230053 20.31005 1.080675 0 0.0
0.009378149 -0.05715667 -0.498931 -1.445816 0.7686074 0.5083395 0.09301915 19.39002 1.083845 1 0.776085
0.003414527 0.02441726 -7.037638 -5.879305 2.882055 1.717817 -0.1940804 20.62527 0.6401863 0 0.0
0.03702446 0.02715584 -0.2170671 -11.90268 4.189491 2.969943 -0.3122471 20.84133 nan 0 0.0
0.049182 0.04343843 5.258628 -3.103552 3.69608 2.417067 -0.586494 20.71632 0.8217907 0 0.0
0.005135875 0.03135611 -5.82548 -2.162282 2.215697 1.164426 -0.2753269 20.43285 1.050121 0 0.0
-0.009902367 0.06737404 -3.571887 -1.106006 0.7551484 0.5502298 0.07918257 19.78129 1.050329 1 0.9260766
-0.04343802 -0.0591509 -1.539318 -1.362049 0.7334578 0.5069184 0.02300692 19.53671 nan 0 0.0
0.003718156 0.02295622 -2.904585 -1.124196 0.4988741 0.3309183 -0.05461136 19.04656 1.094311 1 0.9960232
-0.043032 -0.06210327 -2.146114 -1.766201 0.3132737 0.2094865 -0.01561495 18.32904 1.115721 1 0.9857181
-0.03228525 0.06606768 -0.9182732 -7.679356 0.2665481 0.1754781 -0.005393084 17.87396 1.216608 1 0.0
-0.02683341 0.04068277 -0.08775662 -11.80352 2.766852 1.674605 -0.214484 20.66857 1.271273 0 0.0
0.01231751 -0.01250602 -3.217448 -1.679353 1.89822 0.9562013 -0.4221601 20.28274 0.922102 0 0.0
0.02894715 0.01581025 -4.083785 -0.5153961 1.510856 0.7931818 -0.3342 20.12876 1.039474 1 0.9753734
0.002882723 0.01438081 -1.142528 0.6058723 1.203677 0.7725949 -0.08286792 20.007 0.8527184 0 0.0
0.01080302 0.0135562 -2.31649 -1.751006 0.2919621 0.1876881 -0.141075 18.08839 0.3946228 1 0.9992392
0.0133314 0.000334098 -1.961168 -1.951494 0.621906 0.4185911 -0.01632634 19.37869 1.084202 1 0.9959427
0.01386549 0.01737808 1.756572 -1.850788 1.167983 0.732465 -0.05294421 20.13716 0.8892727 0 0.0
-0.02805476 0.05994278 -1.426253 -6.41416 0.7085261 0.5558231 0.3258552 19.34882 1.615427 1 0.0
-0.0005586011 -0.005219057 -1.644362 -0.9752611 0.5660968 0.3696243 -0.01316393 19.25094 0.9666138 0 0.0
-0.01225054 0.02128839 -3.12297 -3.273289 2.437541 1.433291 -0.1559109 20.56197 1.051069 0 0.0
0.0520328 0.02771255 -0.121111 -6.011825 1.166591 0.7961961 0.01721449 20.3043 1.271345 0 0.0
0.03704148 0.008135754 -4.487453 -9.025888 1.428282 0.9286116 -0.0666264 20.41109 1.069389 0 0.0
-0.02227505 -0.06371653 -0.0249151 -2.588617 1.897647 0.9901763 -0.328623 20.22706 1.128695 0 0.0
-0.01105003 -0.06387073 4.160072 -7.781847 0.5431527 0.3672003 0.05169661 19.10854 0.9512291 1 0.0
0.04407829 0.06198066 2.302601 -1.880765 0.9375429 0.6373234 0.06942178 19.90865 1.606655 1 0.0002933962
0.007538889 0.01532275 -5.787129 -2.012846 1.692969 0.8729229 -0.3326773 20.21812 0.4976044 0 0.0
-0.04659626 -0.06301687 -3.459069 -1.305029 0.8956174 0.6137601 0.06854069 19.85568 0.89641 1 0.919023
-0.05805658 0.0593096 4.943721 -9.48429 1.997189 1.42773 -0.1223418 20.3595 0.5460815 0 0.0
-0.0003815116 -0.004486634 -2.213232 -1.719277 0.258726 0.1654774 -0.09189625 17.9811 0.51371 0 0.0
0.02270039 -0.06521201 -2.432797 -1.414446 0.1767037 0.1163657 -0.06923744 17.30085 1.21854 1 0.9970417
-0.01314243 0.0611175 -3.185274 -6.913845 1.753419 0.9835861 -0.3398392 20.1766 1.384295 0 0.0
0.05070102 0.001349982 0.02207348 -10.8358 3.050239 1.812977 0.03161681 20.70813 1.929415 0 0.0
0.04483962 0.06532193 -4.95851 -9.401429 0.7499935 0.5170339 0.05572961 19.74965 1.799841 1 0.0
0.008246383 0.004515652 2.204485 -0.5723229 1.894424 0.9817075 -0.3663182 20.25175 nan 0 0.0
-0.009974837 0.03758507 -2.255353 -1.519571 0.1685988 0.1086888 -0.1421551 17.25042 1.243645 1 0.9992693
0.008733271 0.06446356 -5.821553 -5.02855 1.709305 1.140964 -0.2439837 20.51364 1.199728 0 0.0
-0.02024356 0.004712005 -2.462659 -1.679941 0.09340043 0.0578036 -0.2184911 15.99509 1.360839 1 0.9997052
0.02128118 0.02182448 -4.64389 -0.1908078 0.9517993 0.6293201 -0.03146405 19.96626 0.9386806 0 0.0
-0.03656238 0.06145779 2.94506 -4.710307 0.2661243 0.1843562 -0.04228763 17.96235 0.9937611 1 0.0
0.01204997 0.06320812 -2.861251 -7.71243 0.4056091 0.2978789 0.09375903 18.90782 0.9959297 1 0.0
-0.004557272 0.02154474 -3.986425 -1.506535 1.796232 0.9438113 -0.3125996 20.29162 1.041401 0 0.0
-0.00893522 0.02010244 -0.8767825 -1.843383 1.213043 0.7974564 -0.07803003 20.09492 0.90905 0 0.0
-0.02731081 -0.04898565 -4.263951 -4.755409 0.7942974 0.5879446 0.1065214 19.75086 1.039537 1 6.502348e-05
-0.0303963 0.02335522 -3.350008 -1.464223 1.754442 0.9239562 -0.3191527 20.24599 0.9851093 1 0.9731502
0.02939961 -0.06595793 -4.40271 -2.831799 0.5835832 0.3829253 -0.02050802 19.37372 1.487518 1 0.005027179
-0.02197047 -0.0683246 2.307376 -3.633551 1.298276 0.7826966 -0.1006343 20.22886 1.171591 0 0.0
-0.008909559 0.0167188 -9.288361 -1.914494 0.6457273 0.4223115 -0.07852893 19.23333 2.418465 0 0.0
-0.02735531 -0.06779593 -4.220351 -2.71473 0.5606482 0.3840877 -0.02208112 19.02966 1.283979 0 0.0
0.06348955 0.05074554 -1.490764 -0.7003981 2.123243 1.628442 0.04741675 20.71475 0.7026081 1 0.7085208
-0.03316119 0.03970779 -0.6373419 -5.361519 2.06173 1.300063 0.02797808 20.50323 1.224203 0 0.0
