scripts/get_globular_clusters/output/Terzan_7.csv
# %ECSV 0.9
# ---
# datatype:
# - {name: x, unit: deg, datatype: float64}
# - {name: y, unit: deg, datatype: float64}
# - {name: pmx, unit: mas / yr, datatype: float64}
# - {name: pmy, unit: mas / yr, datatype: float64}
# - {name: pmx_e, unit: mas / yr, datatype: float64}
# - {name: pmy_e, unit: mas / yr, datatype: float64}
# - {name: pm_corr, datatype: float64}
# - {name: g_mag, unit: mag, datatype: float64}
# - {name: bp_rp, unit: mag, datatype: float64}
# - {name: filter, datatype: int64}
# - {name: memberprob, datatype: float64}
# meta: !!omap
# - comments: [deg deg mas/yr mas/yr mas/yr mas/yr dimless mag   mag   zeroone float]
# - __serialized_columns__:
#     bp_rp:
#       __class__: astropy.units.quantity.Quantity
#       unit: &id001 !astropy.units.Unit {unit: mag}
#       value: !astropy.table.SerializedColumn {name: bp_rp}
#     g_mag:
#       __class__: astropy.units.quantity.Quantity
#       unit: *id001
#       value: !astropy.table.SerializedColumn {name: g_mag}
#     pm_corr:
#       __class__: astropy.units.quantity.Quantity
#       unit: !astropy.units.Unit {unit: ''}
#       value: !astropy.table.SerializedColumn {name: pm_corr}
#     pmx:
#       __class__: astropy.units.quantity.Quantity
#       unit: !astropy.units.Unit {unit: mas / yr}
#       value: !astropy.table.SerializedColumn {name: pmx}
#     pmx_e:
#       __class__: astropy.units.quantity.Quantity
#       unit: !astropy.units.Unit {unit: mas / yr}
#       value: !astropy.table.SerializedColumn {name: pmx_e}
#     pmy:
#       __class__: astropy.units.quantity.Quantity
#       unit: !astropy.units.Unit {unit: mas / yr}
#       value: !astropy.table.SerializedColumn {name: pmy}
#     pmy_e:
#       __class__: astropy.units.quantity.Quantity
#       unit: !astropy.units.Unit {unit: mas / yr}
#       value: !astropy.table.SerializedColumn {name: pmy_e}
#     x:
#       __class__: astropy.units.quantity.Quantity
#       unit: &id002 !astropy.units.Unit {unit: deg}
#       value: !astropy.table.SerializedColumn {name: x}
#     y:
#       __class__: astropy.units.quantity.Quantity
#       unit: *id002
#       value: !astropy.table.SerializedColumn {name: y}
# schema: astropy-2.0
x y pmx pmy pmx_e pmy_e pm_corr g_mag bp_rp filter memberprob
0.01477263 0.003888179 -1.062341 -1.773703 1.234812 1.286329 0.4266739 20.08386 0.8480949 0 0.0
-0.004757115 -0.01714488 -3.212009 0.5636899 1.533372 1.744336 0.5660374 20.40489 0.9325848 1 0.8622953
0.04036417 -0.02605427 -2.863415 -7.756622 0.4121918 0.4183829 0.3424895 18.63965 0.8940754 1 0.0
-0.004482328 0.006651215 -5.050125 -3.252787 0.9315809 1.025459 0.5822471 19.81292 1.055162 0 0.0
-0.005008611 -0.008558013 -3.313823 -1.323975 0.3696347 0.3538149 0.3918377 18.0085 1.163225 0 0.0
-0.02472367 0.02947098 1.856022 1.394637 0.4967435 0.5117304 0.4810452 18.89643 1.216852 1 0.0
-0.01823286 -0.02491729 7.964534 4.589368 1.787081 1.946454 0.6339801 20.38021 nan 0 0.0
-0.01384222 -0.01867559 0.09467375 -0.9959331 1.499486 1.51249 0.4872773 20.05796 0.7052326 0 0.0
0.0005888971 0.01183551 -3.583991 -2.178345 0.7009683 0.7217784 0.4772103 19.54769 1.075399 0 0.0
0.001718371 -0.003453814 -4.372993 -1.586354 1.227437 1.091774 0.1686683 19.42436 0.6669846 0 0.0
0.02912264 -0.02315038 -5.966767 -4.130651 1.820107 1.997935 0.3754474 20.56435 0.5764408 0 0.0
0.02450336 -0.02871453 -0.5368358 -0.6612569 2.270123 2.324613 0.04123947 20.58237 nan 0 0.0
0.04476934 -0.0009901498 -3.462531 -2.619739 1.789125 1.906456 0.240804 20.44542 0.9698257 1 0.4287043
0.005659037 -0.008157511 -3.307197 -1.742684 0.7417681 0.7354735 0.3667549 19.57099 1.048145 0 0.0
-0.02017358 0.009490831 -4.978895 -5.275166 1.862783 1.985394 0.4715831 20.5415 0.4406929 0 0.0
-0.0005910417 0.002748899 -5.572322 -1.718798 1.317749 1.286548 0.3899896 19.40303 nan 0 0.0
-0.01243602 -0.0237184 -2.712426 -1.696493 0.1991683 0.1888131 0.254551 17.45485 1.171169 1 0.986538
-0.03916058 -0.0286782 1.278627 -6.540076 0.9647248 1.24063 0.8970999 18.71639 1.429304 1 0.0
-0.03823336 0.02847022 -9.191202 -14.5469 3.497372 3.522035 0.1417099 20.89262 0.7052784 0 0.0
-0.02298271 -0.0002755255 -2.167874 -3.974667 0.6793457 0.7208365 0.5350032 19.41165 1.016615 1 0.001369184
-0.04014084 0.02641319 -6.358106 -11.19403 2.198187 2.505922 0.5287844 20.58259 0.2846813 0 0.0
0.02858209 0.01035811 -3.736534 -2.599489 0.5051548 0.5815011 0.645341 18.67146 0.8755817 1 0.8917699
0.04251993 0.01816082 9.821187 -3.741417 0.9686477 1.036711 0.4427682 19.98269 1.559359 1 0.0
-0.02725334 0.009324774 -0.6112591 -4.306945 3.563057 3.695957 -0.02418947 20.84644 nan 0 0.0
0.002371424 0.01072158 -0.4352452 -10.19987 0.3665613 0.4023287 0.5522389 18.40082 0.8820152 1 0.0
-0.005185909 0.01695467 1.285149 -1.327063 1.701657 1.87608 0.5513921 20.32948 0.8446808 0 0.0
-3.873708e-05 -0.04650265 1.245584 2.178694 0.6265825 0.6179955 0.3526172 19.45123 1.755688 1 0.0
-0.0106822 -0.001379289 -2.758224 -1.322922 0.2503393 0.2374998 0.3201955 17.84661 1.231619 1 0.9967953
0.008169527 -0.003599158 -3.019844 -1.644012 0.2544177 0.2565298 0.379542 18.00681 1.151241 1 0.9982891
-0.0007922619 0.04364626 -10.77762 -5.40988 0.4918226 0.5089273 0.4784385 18.97708 0.7961063 1 0.0
0.005384553 0.01678681 -1.849912 -1.003057 1.546978 1.610511 0.4573981 20.25131 0.1795483 0 0.0
-0.01165954 -0.01314395 -2.854322 -1.30827 0.2371031 0.226671 0.4687103 17.51088 1.248978 1 0.9960163
0.001518419 0.04368058 -1.751285 -0.1617427 0.5255465 0.5413322 0.4662586 19.05699 1.149635 1 0.3053065
0.03741966 0.01091917 -10.09027 -7.743283 1.215451 1.293689 0.4252611 20.15654 1.637321 0 0.0
0.01492722 0.02589514 -1.02458 -1.313863 0.7657194 0.7856116 0.4628247 19.44839 1.053207 0 0.0
0.01052626 -0.0259154 -2.984358 -1.617237 0.2597462 0.2566503 0.3672898 17.70889 1.271612 1 0.9931138
-0.0202709 -0.003170173 -2.635092 -1.949065 0.5106996 0.5211298 0.4693203 19.00525 1.205246 1 0.9673839
0.03410566 0.01096637 -10.84579 -13.8509 1.733419 1.890983 0.3630827 20.48138 1.133656 0 0.0
0.007441257 -0.007139128 -2.760056 -1.242116 0.2270732 0.2076801 0.2272122 17.62661 1.102158 1 0.9952516
-0.002774918 -0.001611344 -2.589641 -1.705534 0.9829657 0.9660425 0.5104912 19.68542 nan 0 0.0
0.003577142 0.02518306 -1.702403 -4.128273 0.9118068 0.9353449 0.4692002 19.76419 0.8685799 0 0.0
-0.01073086 -0.01333837 -8.616631 -8.723331 2.089044 2.067324 0.4403949 20.33278 nan 0 0.0
0.01276327 -0.002836798 -4.144173 -5.643903 0.860198 0.907714 0.4637764 19.71227 2.249413 0 0.0
-0.02153468 0.03025007 -5.663629 -9.074828 0.7018144 0.7972402 0.6283567 19.24522 1.090925 1 0.0
-0.008447626 -0.005849857 0.7539416 2.542288 0.9826188 0.9722293 0.3691983 19.88223 0.8712425 0 0.0
-0.009751854 -0.0145971 -1.841152 0.3024347 1.937259 1.928264 0.459222 20.45949 1.557774 0 0.0
-0.04584799 -0.006361834 -3.283969 -3.716463 1.785455 2.023936 0.5691556 20.40721 1.059763 0 0.0
-0.01495135 0.008214014 -2.524509 -0.9811889 0.4258062 0.4594844 0.5063004 18.52565 1.246614 1 0.9842571
-0.02323408 0.0009489223 -5.79929 -3.731028 1.415852 1.504012 0.5266752 20.15655 1.175016 0 0.0
0.02578535 -0.02167299 -4.397654 -2.089653 2.187861 2.43256 0.4384822 20.74923 0.4390869 0 0.0
-0.004682953 0.002870839 -1.570168 -1.866323 1.227474 1.326238 0.5397097 19.9679 1.193766 0 0.0
-0.003779121 0.0007384697 -3.075865 -1.620036 0.2298426 0.2157562 0.3138933 17.65998 1.082125 1 0.9988848
0.03548682 0.01169821 -7.634362 -8.86692 0.7225049 0.72618 0.3874124 19.53679 0.6219883 0 0.0
-0.01550408 0.01043025 -0.4999633 -4.703022 1.083305 1.025469 0.3106013 19.80431 1.216345 0 0.0
-0.02703389 0.0292719 -3.873852 -4.490001 0.4991084 0.5057972 0.4567907 19.04092 1.22234 1 1.078435e-05
-0.004205362 -0.009339981 -4.975367 -0.5115414 1.884661 2.119975 0.475499 20.546 0.1021023 0 0.0
-0.007749478 0.04428296 -1.997802 -3.429108 0.9679593 1.00879 0.598546 19.74899 0.9157028 1 0.03332845
0.02551624 0.0008910306 5.444084 1.285672 0.9285944 0.9368814 0.3813593 19.91862 1.256313 0 0.0
0.03677039 0.01880062 -2.152793 -9.021601 2.964418 3.341881 0.3449626 20.62209 1.256588 1 0.04158786
0.04241606 0.01143937 -2.965275 -14.29998 0.8841234 0.934349 0.4555831 19.8728 0.8265572 1 0.0
-0.03321219 0.03129907 -2.553537 2.127391 3.052254 2.438632 0.1896136 20.59052 0.5623169 0 0.0
0.034653 -0.0009929319 -5.388202 -4.189699 1.47035 1.420886 0.1734707 20.2984 0.8506927 0 0.0
0.001768789 0.006616986 0.5187203 -2.410231 1.087454 1.212838 0.6136125 20.04374 1.200279 0 0.0
-0.04153828 0.008918303 0.4739631 -0.3566411 0.8817791 0.8298594 0.1481153 19.32233 nan 0 0.0
0.03415069 -0.001629778 1.78176 -3.80078 2.357989 2.577948 0.3241633 20.81036 0.6318855 1 0.07710969
0.001140572 -0.03662259 2.07357 -1.912085 0.780105 0.7732768 0.3559205 19.69071 1.391922 1 0.0
0.02937902 -0.007880238 -2.44901 -6.544949 1.950238 2.073294 0.2593791 20.5922 1.101398 0 0.0
0.004276949 -0.03845757 -2.437275 -1.733269 0.2729261 0.2638808 0.2915159 18.03211 1.259401 1 0.834066
0.04291763 0.010371 2.271487 -3.419182 1.094925 1.19123 0.4916976 20.05924 0.7510147 0 0.0
0.04369489 0.008421283 1.032699 -6.437497 1.50645 1.517197 0.2814359 20.3733 1.550282 0 0.0
0.0009903918 -0.00562818 -2.39167 -1.680091 0.3221215 0.3255877 0.3658744 18.24602 1.055199 0 0.0
0.04057537 -0.004741653 5.190745 -8.915476 2.310224 1.951007 -0.1239678 20.52003 1.874054 0 0.0
-0.001720769 0.005655683 -2.094014 -0.7190605 0.5465075 0.568797 0.4866513 19.15532 1.065952 0 0.0
0.04790795 0.0003661278 2.160322 -7.367011 0.7539929 0.747869 0.3468564 19.60907 1.494938 0 0.0
-0.007092744 0.0008984697 -2.10429 -2.783882 0.694266 0.8221219 0.6679919 18.91982 nan 0 0.0
-0.009124454 -0.01404008 -2.518143 -1.282152 1.967551 2.105768 0.6033013 20.47902 0.9905453 0 0.0
0.01052765 -0.01494433 -1.85827 -0.2741582 0.9434961 0.977962 0.494341 19.82915 1.015291 1 0.9305378
-0.02293554 0.0106803 -4.355134 -3.225905 1.516544 1.667706 0.5302826 20.21105 0.8267918 0 0.0
0.02534004 -0.0006958294 -2.10356 0.1721345 0.8137082 0.8222508 0.3876579 19.68475 0.5567474 0 0.0
0.04991613 0.0002733899 -5.621465 -6.201249 0.7199291 0.7077593 0.3215964 19.4658 1.410414 0 0.0
0.03630742 -0.00636092 3.611752 0.2666333 2.540851 2.886838 0.6259713 20.71457 1.181246 1 0.06611545
-0.02407852 -0.03023265 -2.864978 -1.909956 0.2473264 0.2312219 0.3924749 17.62364 1.140432 1 0.9450934
-0.0274879 -0.04037318 -0.7732289 -4.946289 2.225853 2.593717 0.6175865 20.63047 0.9656372 0 0.0
-0.03755575 -0.0260415 4.822281 -7.063378 0.5668783 0.5322445 0.3165103 19.04923 2.121172 1 0.0
-0.02402866 -0.02911875 -9.901591 -12.71157 0.3074423 0.2892917 0.4374143 17.80478 0.9421597 0 0.0
-0.04113748 0.01071141 -3.337066 -1.901268 0.2178535 0.2094154 0.3736294 17.64414 1.218439 1 0.9447994
-0.004105547 0.002466512 -3.306562 -1.276026 0.4810223 0.4788426 0.4048311 18.86721 1.13866 0 0.0
-0.03989008 0.02714574 -6.260543 -3.290757 0.7112726 0.71375 0.4190204 19.49244 0.82831 0 0.0
-0.003051059 -0.001229884 5.112613 1.88391 2.116465 2.016099 0.2848474 20.28456 nan 0 0.0
-0.03045548 -0.02166313 -2.964455 -3.453219 1.233578 1.374309 0.5931639 20.11139 1.05409 1 0.455181
-0.01217015 0.04566335 -1.086659 -6.088433 0.1483886 0.1493498 0.4177131 16.8756 0.9880161 1 0.0
-0.01209492 0.04648352 -5.42232 -2.881069 0.6153787 0.6654095 0.5484381 19.2222 1.347937 1 0.01280387
-0.001770877 0.0009140131 -2.678371 -1.526754 0.7766757 0.7752529 0.5156884 19.46447 0.9132519 0 0.0
0.02577992 -0.03911378 0.7916387 -4.211496 1.494656 1.517927 0.3014176 20.38719 1.207956 1 0.004149094
-0.01020312 -0.01870177 -2.933385 -1.603915 0.7334717 0.7072029 0.2740967 19.51773 1.038794 1 0.9693429
0.02169994 -0.001511142 -4.069786 -1.593807 0.571583 0.6005305 0.5326861 19.16598 1.124874 1 0.8914686
-0.003101197 -0.003018979 -12.17634 -12.46793 1.517344 1.090033 -0.006494492 19.42437 nan 0 0.0
-0.003982148 0.04662545 -2.915689 2.328034 0.4962685 0.505374 0.4609117 18.85499 1.063215 1 0.0
-0.00403229 0.04473336 -1.075384 -1.511405 0.327242 0.3619824 0.5541034 18.14008 1.193008 1 0.0
-0.02990029 0.03942182 -3.917029 -2.316593 0.4779852 0.4887503 0.4465034 18.91193 1.213057 1 0.6176548
0.01093722 0.04571311 0.5238944 -6.25052 0.3713354 0.4106474 0.5604005 18.3976 0.8831215 1 0.0
-0.01364995 0.03299451 -1.622841 -6.426109 0.5142735 0.5236788 0.4505448 19.04604 0.8512325 1 0.0
0.02550474 -0.03645104 -4.021343 -4.435039 0.7140169 0.6952218 0.301401 19.58695 0.8408756 1 0.004507724
0.01946371 -0.01050183 -6.052429 0.9540542 3.413407 4.065993 0.3251189 20.85019 0.9947872 1 0.6712219
0.01398592 -0.04635124 7.717049 1.282352 3.317321 3.178774 -0.1799871 20.67587 2.570789 0 0.0
0.007165812 0.0005246231 0.8912226 -9.424231 2.99275 3.662636 0.7132319 20.74773 0.5562401 0 0.0
0.0110603 0.02686468 -0.8758769 -2.877641 0.400297 0.4348862 0.5286137 18.46514 1.076897 0 0.0
-0.04836199 0.0003277171 -3.796315 -1.120688 1.70212 1.953949 0.5968118 20.37473 1.280025 1 0.4616735
0.002196614 0.0459465 -7.111861 -4.179048 0.1511543 0.1488853 0.3913191 16.90931 0.3389072 1 0.0
0.002697 -0.01397096 -2.077599 1.290589 1.906386 1.978584 0.2266533 20.45405 0.6581116 0 0.0
-0.003252232 0.007772794 -2.404204 -1.047384 0.8154727 0.835322 0.4759284 19.58327 0.9020767 0 0.0
0.03212272 0.01211539 -1.700062 -0.9114282 0.5712917 0.5428019 0.3104322 19.0597 1.097954 1 0.6861303
-0.007218776 0.006822684 -2.12326 0.7291184 1.524602 1.656995 0.6201827 20.2949 nan 0 0.0
0.03051591 0.01213507 -3.930236 -0.09725956 0.34765 0.3888398 0.5866011 18.09046 0.9483452 1 0.0
0.003600664 -0.01137319 1.109195 -1.749559 2.51941 2.823337 0.2816341 20.56784 0.5603065 0 0.0
-0.03262223 -0.000168133 -8.684768 -6.132068 1.977314 2.141828 0.6245141 20.48312 0.4247818 0 0.0
-0.01108421 0.001374869 -4.470195 -1.787821 1.361282 1.505271 0.5597651 20.19049 0.3855515 0 0.0
0.01361863 0.008672007 2.315732 -1.762173 0.8858333 0.9596297 0.5193575 19.89325 1.46221 0 0.0
0.04810222 -0.01092168 -10.51235 -7.566999 1.233381 1.324237 0.461231 20.21192 0.7195148 0 0.0
0.01479384 -0.01794334 -0.9142931 -6.822948 1.454001 1.5901 0.3899657 20.28555 0.9514427 1 0.001673279
-0.01552664 -0.003184407 -2.862377 0.8361988 1.224664 1.203391 0.3866901 20.00617 1.105915 0 0.0
0.005910454 -0.002370633 -3.652314 -3.11958 1.116598 1.188545 0.447013 20.07029 nan 0 0.0
0.01582786 0.008377883 -2.884429 -1.648764 0.2366352 0.2244785 0.311539 17.77309 0.9821606 1 0.996911
-0.02762352 -0.009901424 -6.960588 -3.062378 1.719084 1.802957 0.4198312 20.3696 0.7405624 0 0.0
0.03000516 -0.01166846 -3.954389 1.772728 0.223452 0.2211444 0.3447249 17.74247 0.8249283 1 0.0
0.03353497 -0.03438252 1.825225 -6.739193 1.021878 1.029599 0.2785065 19.86214 0.771843 0 0.0
-0.03473643 0.01310997 -6.923068 -12.35079 0.1192664 0.1128205 0.3577565 16.48677 1.070381 1 0.0
0.001115991 0.001306938 -2.475184 -1.004309 0.133042 0.1231311 0.4080343 16.41923 1.398642 1 0.04644362
0.01073008 -0.002260491 -6.049691 -2.93783 1.479242 1.615019 0.5038685 20.44275 0.7487183 0 0.0
0.0132135 -0.01290767 -4.897787 -2.463415 1.728348 1.920624 0.586611 20.22651 0.2621956 0 0.0
-0.01070755 0.0005356853 -2.363904 -0.8006134 0.9100196 0.9946773 0.5192941 19.75379 0.6389465 0 0.0
0.01557346 -0.009410002 -2.276164 -3.119924 1.907398 2.120202 0.5211687 20.31661 nan 0 0.0
-0.03341498 -0.02629531 -1.43876 0.7767609 1.099245 1.238095 0.5743904 19.95339 0.9259014 0 0.0
0.03067487 0.03465698 3.38793 -0.940136 0.172127 0.174139 0.4435488 17.13681 0.9368496 1 0.0
0.03062139 0.02584124 1.730823 -7.043079 0.193509 0.1813107 0.2575224 17.40098 0.9191208 1 0.0
-0.03729133 -0.0002082493 -5.584448 -14.25047 0.6551718 0.6730516 0.403081 19.03977 0.7488632 1 0.0
0.03880722 0.02528468 4.403912 -3.448346 0.4553467 0.4781606 0.5188676 18.79224 0.7638493 1 0.0
0.02434956 -0.03968937 3.910772 -12.26622 0.8751933 0.8738826 0.3552884 19.82427 1.964735 1 0.0
0.004479678 -0.001496978 -1.667439 -1.748084 0.6108033 0.6050424 0.3891095 19.26637 nan 0 0.0
0.04249681 0.02204038 -2.266417 -0.353675 0.8646175 0.9246801 0.4710098 19.87484 1.348183 1 0.652374
0.005156387 -0.01847242 -2.561213 -0.9562621 0.7226967 0.7257984 0.4219725 19.37138 0.7734718 1 0.969206
0.01976538 -0.008518257 -4.128262 -3.424832 1.708758 1.713518 0.2500469 20.44903 0.5659275 0 0.0
0.02408401 -0.003754842 9.401117 -9.67617 1.680477 1.840289 0.3851378 20.52826 1.31064 0 0.0
-0.02031951 -0.009658985 -5.262856 -5.142031 2.285862 2.269508 0.3212969 20.5937 1.302462 1 0.5576165
0.01921487 -0.00117865 -4.643186 -5.669997 2.263948 2.753263 0.7735102 20.50099 0.9043045 0 0.0
0.008095343 0.007883089 0.2220811 -13.2746 0.2196097 0.2086477 0.3951032 17.4571 0.9540215 1 0.0
0.002948281 -0.005681632 -2.854718 -1.455467 0.218704 0.2023398 0.2498008 17.63167 1.034698 0 0.0
0.01251281 0.0008596817 -3.257697 -1.797643 0.1509261 0.1403399 0.2725153 17.06853 1.349615 1 0.9961136
0.01637043 -0.04090811 -1.17866 -4.788464 0.8568236 0.7965538 0.2231881 19.59369 0.9649773 0 0.0
0.002321597 0.0244812 -3.313488 -1.928863 0.2215191 0.2113113 0.3267444 17.632 1.189188 1 0.9836416
0.00465583 0.006254477 -3.331242 -1.798591 0.2389176 0.2272114 0.4426892 17.55624 1.29002 1 0.9970233
0.009926816 -0.002229873 -2.078555 -4.69196 0.2476828 0.2346133 0.3081676 17.71056 0.7138672 0 0.0
-0.03118712 -0.01145146 -1.973618 -8.732146 0.2354054 0.2352497 0.4303296 17.73032 0.8477688 1 0.0
0.001618024 -0.0003524633 -2.206651 -0.2561548 1.140376 1.417227 0.8168903 19.49046 nan 0 0.0
-0.01055507 -0.0141051 -3.114061 -1.577959 0.243409 0.233473 0.4812662 17.59266 1.123749 1 0.9973201
0.003249592 -0.003221164 -3.114109 -1.677548 0.2087877 0.1922631 0.2673412 17.57593 1.108356 1 0.9989269
0.006659875 -0.04765496 -1.434752 -1.767394 0.5497386 0.584153 0.4532371 19.12867 0.9608154 1 0.05858303
-0.01655439 -0.01029902 -2.3633 -0.730201 2.847657 3.216934 0.5734265 20.68071 0.5700417 0 0.0
-0.01986141 -0.03592688 -4.996975 -4.354972 1.208715 1.289694 0.4577741 20.08453 1.179731 0 0.0
-0.02465876 -0.01987592 -6.678742 -9.169148 0.2263146 0.2190509 0.3798281 17.70229 1.029457 1 0.0
0.01032986 0.009042508 -3.429016 -1.743541 0.1768538 0.1718973 0.3318634 17.20516 1.357067 1 0.9883458
-0.002850279 -4.732074e-05 -0.956872 1.137637 2.2968 2.444261 0.3908545 20.29161 0.568985 0 0.0
0.004730869 0.001425066 -3.083879 -1.488162 0.1290842 0.1192568 0.2360928 16.72694 1.304823 1 0.9994079
