scripts/get_globular_clusters/output/Terzan_5_11.csv
# %ECSV 0.9
# ---
# datatype:
# - {name: x, unit: deg, datatype: float64}
# - {name: y, unit: deg, datatype: float64}
# - {name: pmx, unit: mas / yr, datatype: float64}
# - {name: pmy, unit: mas / yr, datatype: float64}
# - {name: pmx_e, unit: mas / yr, datatype: float64}
# - {name: pmy_e, unit: mas / yr, datatype: float64}
# - {name: pm_corr, datatype: float64}
# - {name: g_mag, unit: mag, datatype: float64}
# - {name: bp_rp, unit: mag, datatype: float64}
# - {name: filter, datatype: int64}
# - {name: memberprob, datatype: float64}
# meta: !!omap
# - comments: [deg deg mas/yr mas/yr mas/yr mas/yr dimless mag   mag   zeroone float]
# - __serialized_columns__:
#     bp_rp:
#       __class__: astropy.units.quantity.Quantity
#       unit: &id001 !astropy.units.Unit {unit: mag}
#       value: !astropy.table.SerializedColumn {name: bp_rp}
#     g_mag:
#       __class__: astropy.units.quantity.Quantity
#       unit: *id001
#       value: !astropy.table.SerializedColumn {name: g_mag}
#     pm_corr:
#       __class__: astropy.units.quantity.Quantity
#       unit: !astropy.units.Unit {unit: ''}
#       value: !astropy.table.SerializedColumn {name: pm_corr}
#     pmx:
#       __class__: astropy.units.quantity.Quantity
#       unit: !astropy.units.Unit {unit: mas / yr}
#       value: !astropy.table.SerializedColumn {name: pmx}
#     pmx_e:
#       __class__: astropy.units.quantity.Quantity
#       unit: !astropy.units.Unit {unit: mas / yr}
#       value: !astropy.table.SerializedColumn {name: pmx_e}
#     pmy:
#       __class__: astropy.units.quantity.Quantity
#       unit: !astropy.units.Unit {unit: mas / yr}
#       value: !astropy.table.SerializedColumn {name: pmy}
#     pmy_e:
#       __class__: astropy.units.quantity.Quantity
#       unit: !astropy.units.Unit {unit: mas / yr}
#       value: !astropy.table.SerializedColumn {name: pmy_e}
#     x:
#       __class__: astropy.units.quantity.Quantity
#       unit: &id002 !astropy.units.Unit {unit: deg}
#       value: !astropy.table.SerializedColumn {name: x}
#     y:
#       __class__: astropy.units.quantity.Quantity
#       unit: *id002
#       value: !astropy.table.SerializedColumn {name: y}
# schema: astropy-2.0
x y pmx pmy pmx_e pmy_e pm_corr g_mag bp_rp filter memberprob
[from data line 1858]
0.001181773 0.03261823 -1.801634 -4.753085 0.5604754 0.4323031 0.2701111 17.86279 4.002836 0 0.0
0.01783773 0.02677856 -2.83328 -0.1441937 2.154108 1.667401 0.6464424 20.28944 3.289595 0 0.0
-0.0199073 0.01920798 -9.572225 -8.260872 2.98565 2.421235 0.6406645 20.34347 nan 0 0.0
-0.01611114 0.02231179 3.245628 -1.397819 2.236293 1.80479 0.4959484 20.32185 nan 0 0.0
0.02274375 0.03043224 0.3924116 -3.675051 2.447219 1.926185 0.08043016 20.45868 nan 0 0.0
-0.009931718 0.02913884 -2.548389 -1.674031 1.210377 0.9917707 0.5290107 19.82234 2.530413 0 0.0
-0.01478106 0.02351358 -1.732329 -5.406537 0.4900613 0.3917136 0.4723228 18.0415 3.885935 1 0.7542968
0.003343094 0.01553026 2.329458 -6.178901 2.226237 1.849165 0.4775983 20.30286 nan 0 0.0
0.02216163 0.0298239 -2.990322 -5.668318 0.7166552 0.5574205 0.2160043 18.76635 2.3318 0 0.0
0.04167762 0.04464852 -2.102411 -3.075464 1.633335 1.298464 0.5194027 20.21837 2.095312 0 0.0
-0.02680685 0.01564185 -5.642388 -5.718452 1.219876 1.016358 0.5889799 19.82242 2.436308 0 0.0
-0.01616695 0.02526436 -1.238884 -4.906292 1.17529 0.9554213 0.4782496 19.42476 nan 0 0.0
-0.01613928 0.02560196 1.718197 -9.086968 0.32352 0.2525906 0.03950211 17.28897 4.283664 0 0.0
1.773468e-05 0.01152678 4.249912 -4.360056 2.285022 2.095433 -0.2545081 20.05162 nan 0 0.0
-0.01652729 0.02575831 -6.870613 -9.916492 0.4789807 0.3900541 0.5397984 18.02581 nan 0 0.0
-0.000370211 0.01138563 -2.551772 -4.425626 1.561743 1.352118 0.2741948 19.75597 nan 0 0.0
0.004092953 0.0657488 -2.439652 -3.980866 0.5350839 0.4196439 0.3137231 18.92776 1.957819 0 0.0
-0.02432119 0.05839367 -0.3889779 -2.108643 1.695196 1.39531 0.4644283 20.45751 2.36237 0 0.0
-0.02542118 0.0151386 -2.815689 -4.117001 0.6071518 0.4848512 0.4016837 18.61215 3.675104 0 0.0
0.007527632 0.01763388 0.2176094 -4.288487 2.124046 1.74293 0.7479422 19.82127 nan 0 0.0
-0.01741367 0.0225672 -2.006853 -4.904462 1.381018 1.127181 0.5004641 19.65182 2.986481 0 0.0
0.009412081 0.01825364 -5.352236 -6.924801 2.110896 1.569282 0.7810339 19.91997 2.866859 0 0.0
-0.02059908 0.01307765 -2.092892 -7.954273 1.250916 1.021045 0.8904742 18.34074 4.000002 0 0.0
-0.02303703 0.009811842 -0.190386 -4.901663 0.5535598 0.434891 0.3345777 17.9367 4.378309 0 0.0
-0.0204341 0.02088064 7.250239 1.093759 1.148973 0.9684171 0.2402128 19.88301 2.199829 0 0.0
-0.007576076 0.03041883 -3.233782 -7.299952 0.563696 0.4321186 0.2103835 18.70395 4.092407 0 0.0
-0.01619576 0.03373489 -1.317152 -2.750185 0.9062844 0.7806482 0.3642778 19.30549 nan 0 0.0
0.00331541 0.0165259 -1.324508 -0.2117654 1.31506 1.125388 0.2311173 19.71832 nan 0 0.0
0.03048085 0.04967954 -0.6615796 -2.17615 0.2277737 0.1764331 0.3987346 17.4844 1.796797 1 0.0
-0.02623072 0.04318027 -1.889288 -7.388551 2.002618 1.64044 0.5531054 20.42778 2.402714 0 0.0
-0.01408575 0.001623026 -2.153468 -4.640405 1.721341 1.412593 0.5565198 20.18856 nan 0 0.0
0.01284875 0.02202035 -3.015344 0.1511588 0.6548394 0.5348018 0.5614017 18.96412 3.506964 0 0.0
-0.008684596 0.02948035 -3.405646 -6.01531 0.4801568 0.3949375 0.4541459 18.02905 4.247847 1 0.0235332
0.003011775 0.06575456 -2.444142 -4.775744 0.8033948 0.6706653 0.4487987 19.12815 nan 0 0.0
0.01675662 0.02473022 -0.1312829 -5.368614 0.4798564 0.3761528 0.3188683 18.76804 3.323208 0 0.0
-0.01544962 0.05125779 1.56267 -8.458522 2.096137 1.671811 0.4959533 20.4039 1.803347 0 0.0
0.004368397 0.01506293 -5.083317 -3.496976 2.255838 1.8452 0.616788 20.08474 3.408865 0 0.0
0.001153872 0.01251097 -6.041812 -12.21218 2.307786 1.908886 0.6568176 19.90219 nan 0 0.0
-0.0138945 0.0258273 -1.78111 -4.541211 0.6154641 0.4848847 0.3301326 18.95101 3.436127 0 0.0
-0.002697922 0.01311748 0.19995 -5.219641 0.5147327 0.4006044 0.1169387 17.84253 nan 0 0.0
-0.0002316655 0.0148799 -4.653567 -7.879684 3.116646 2.477274 0.8124966 20.32993 3.487549 0 0.0
0.03654925 0.04270655 -2.861486 -13.30489 1.590631 1.305371 0.6197937 20.04136 2.729502 0 0.0
-0.02406881 0.04341531 -1.295769 -11.59286 1.81517 1.492803 0.5249051 20.10961 2.447544 0 0.0
-0.01383844 0.02010526 -4.329781 -6.230914 0.7218914 0.5634184 0.4921606 18.58602 3.380232 0 0.0
0.02462896 0.03354277 2.304315 -0.4873026 1.63459 1.30206 0.3646241 20.3625 2.719587 0 0.0
0.003205181 0.04049364 -1.433226 -2.9606 0.5328373 0.4209004 0.6079153 18.58665 3.815092 0 0.0
-0.02478738 0.03298198 -3.324974 3.159497 1.028773 0.8339418 0.4624221 19.55469 2.517632 0 0.0
-0.02977484 0.02764603 -2.616337 -16.9711 1.557938 1.277078 0.5583299 20.18394 2.261961 0 0.0
-0.03639661 0.02121077 -2.019989 -4.660068 0.6708429 0.5626845 0.467269 19.12713 3.160315 0 0.0
0.02865121 0.04883884 1.666202 2.826202 0.3006967 0.2356128 0.3113985 18.12901 1.732605 1 0.0
0.008969006 0.02262532 -1.431443 -7.964147 2.623384 2.178754 0.6275588 20.55831 nan 0 0.0
0.004257681 0.01882994 -3.743176 -5.479442 1.017394 0.7312121 -0.4626295 18.7853 nan 0 0.0
0.003869711 0.01879753 -2.944297 -4.971948 1.448946 1.184971 0.5479325 20.06781 nan 0 0.0
-0.03503851 0.0205455 -4.856028 -4.666489 1.385491 1.131359 0.6397693 20.04166 2.542013 0 0.0
-0.03127052 0.02413804 -2.951651 -0.7118177 0.8530301 0.731447 0.5901535 19.10484 3.0835 0 0.0
-0.02597806 0.02782808 -0.6335054 0.951258 0.9198907 0.7746061 0.5386139 19.38618 2.173464 0 0.0
-0.02290225 0.03029298 0.3329335 -18.64146 1.141939 0.9268335 0.4788194 19.54266 2.441593 0 0.0
-0.03448385 0.0190789 -2.057245 -4.406047 1.276996 1.063833 0.6020795 19.75928 2.434473 0 0.0
0.02588126 0.05810725 -3.811642 -3.819657 1.99782 1.615961 0.6333012 20.19016 1.853575 0 0.0
0.02055439 0.03099911 -2.202649 -4.259896 0.5150054 0.4016239 0.4781249 18.79348 2.185379 0 0.0
-0.03326468 0.01968196 -3.217464 -5.683353 1.634932 1.332401 0.6675844 20.01369 2.257246 0 0.0
-0.01082095 0.05643673 -0.5650014 -5.8673 1.690173 1.382718 0.5511602 20.27813 2.822979 0 0.0
-0.0343195 0.02602933 -5.703729 -3.213452 1.144319 0.9494945 0.5986357 19.28042 3.444254 0 0.0
0.00234618 0.05230014 -1.343264 -1.587553 1.908692 1.570999 0.6070246 20.29225 nan 0 0.0
-0.0003425054 0.0131404 3.473941 -6.022921 1.631469 1.390345 0.2651546 19.76991 nan 0 0.0
0.02000296 0.04882718 3.158361 -3.044792 0.4449869 0.353009 0.3098536 18.68719 2.265018 0 0.0
0.02327056 0.03167573 2.432766 0.7267675 2.848078 2.359239 0.5565643 20.57143 2.151691 0 0.0
-0.005165049 0.03397426 0.6288803 -3.708525 0.3599143 0.2858242 0.3720384 18.11657 2.074661 0 0.0
0.0001008676 0.01358862 -0.6933599 -4.538397 0.6665755 0.5147039 0.221635 18.59229 3.865892 0 0.0
-0.03736658 0.02130585 -4.877201 -9.388041 1.50514 1.220427 0.6063373 20.09899 3.05694 0 0.0
-0.01938192 0.02657425 -8.191411 -12.25709 2.056762 1.638569 0.6060267 20.21003 2.312706 0 0.0
0.001375579 0.01453085 -3.922618 -0.2730308 0.7615574 0.6169367 0.5775095 18.94373 3.754162 0 0.0
0.01392878 0.01520146 -6.428416 -0.9809604 1.877403 1.564904 0.5582922 19.40427 3.426748 0 0.0
-0.02478507 0.021412 1.397078 -0.6804785 2.638208 2.194035 0.5818352 20.42809 2.990843 0 0.0
0.002788893 0.01665752 -2.710491 -3.182449 0.7776957 0.576243 -0.7138404 17.75653 nan 0 0.0
-0.006218132 0.03190473 -0.5639894 -2.8248 1.087723 0.9048327 0.4138032 19.3379 nan 0 0.0
-0.01938173 0.02535545 -4.142406 -3.755673 1.287182 1.041713 0.4524967 19.76127 2.024744 0 0.0
0.001708805 0.0649535 -3.34531 -3.620379 2.283244 1.826054 0.5055658 20.44102 2.375931 0 0.0
-0.02157072 0.02319788 -0.7004513 0.4428869 0.4356419 0.3738193 0.5604367 16.79911 5.084096 0 0.0
-0.02988692 0.03272717 -2.029338 -2.572915 0.5114679 0.4014927 0.2983409 18.54512 2.359077 0 0.0
-0.0140886 0.0267161 0.9250538 -0.7936397 2.093904 1.709639 0.6274313 20.25113 nan 0 0.0
-0.02359329 0.02064357 3.074377 0.599378 1.094869 0.9325555 0.5515027 19.45222 2.33783 0 0.0
-0.03643313 0.05126867 -1.344914 0.3646283 0.934292 0.7718144 0.5138638 19.37455 1.909775 0 0.0
0.02862067 0.03656887 2.39778 1.326731 1.186503 0.9883919 0.415669 19.55261 2.807009 0 0.0
-0.02240642 0.04711588 0.8064019 -4.445808 1.653867 1.360194 0.5325521 20.07968 2.54147 0 0.0
-0.03726049 0.0371941 -0.01364382 -0.9346651 0.7537977 0.6327599 0.5091534 19.14486 2.364885 0 0.0
-0.04077675 0.02593773 -2.686921 -4.793305 1.717498 1.366132 0.6080973 20.12257 2.894112 0 0.0
-0.03454281 0.03179518 -4.007276 -0.589879 1.032483 0.847224 0.5205935 19.20786 nan 0 0.0
-0.003501543 0.01339784 -0.05230307 -5.764872 0.3983182 0.3367185 0.1692281 16.95383 5.475287 0 0.0
0.0182816 0.02978257 -4.778098 -2.843317 0.4282564 0.3312779 0.3753043 18.18785 4.491158 0 0.0
-0.03554013 0.03034341 -1.891278 -3.980602 1.179433 1.007771 0.4870589 19.44062 nan 0 0.0
-0.03761792 0.02768204 -0.3435616 0.336717 0.3631284 0.2965178 0.5225193 18.10313 1.920574 0 0.0
-0.03232581 0.03256444 0.5269403 -4.310174 1.784422 1.506668 0.5660727 19.79463 2.974749 0 0.0
7.315873e-05 0.01693602 -1.723131 -8.331244 1.368529 1.144552 0.3480344 20.0004 2.573402 0 0.0
-0.00901733 0.03169857 2.21139 0.734498 0.5496291 0.424014 0.2446109 18.7318 3.266558 0 0.0
-0.02683905 0.03643385 -2.133935 1.508203 1.589729 1.265516 0.5792515 20.02083 2.509823 0 0.0
0.001431039 0.01776189 -3.493655 -7.283036 1.308134 1.090615 0.4063044 19.99187 nan 0 0.0
0.009689647 0.02397566 -4.540892 -5.225818 1.965008 1.554003 0.5085241 20.11703 nan 0 0.0
-0.03340859 0.03957556 1.511904 -2.845204 1.554041 1.24033 0.5756973 19.98364 2.31851 0 0.0
-0.03631467 0.02532304 -3.939245 -4.292766 1.618325 1.320496 0.5037216 20.01631 2.753262 0 0.0
0.003425918 0.004271178 -2.24534 -5.611266 0.7055664 0.5396062 0.2341433 18.08812 nan 0 0.0
0.003065705 0.004347481 -1.438782 -3.822862 0.6774939 0.581716 0.3070118 18.5229 nan 0 0.0
-0.0299441 0.03997508 -2.067821 -5.521773 0.4053504 0.345285 0.5471064 17.07024 4.976293 1 0.3558387
-0.002032632 -0.0009854445 0.3581219 -6.446946 0.6410972 0.5054921 0.2610831 17.44019 nan 0 0.0
0.002567375 0.02511089 -2.301974 -3.813963 1.731819 1.404425 0.5892887 20.16378 3.029942 0 0.0
-0.01364541 0.02882759 -0.5417982 -4.798128 1.266371 1.087916 0.3685477 19.85673 nan 0 0.0
-0.04174751 0.02825293 2.678767 0.0857531 1.018391 0.8456807 0.5476114 19.58401 2.43354 0 0.0
-0.02972213 0.03899858 -1.262455 -4.517132 1.325502 1.099355 0.4661147 19.67545 nan 0 0.0
0.02751716 0.05975294 -7.188116 -9.709857 2.234851 1.780385 0.6746945 20.24694 nan 0 0.0
-0.03797921 0.03098165 -6.987943 -0.3227048 0.8614431 0.7182192 0.6043604 19.23457 3.359987 0 0.0
-0.03243764 0.03625513 -0.3696482 -2.213226 1.423982 1.168202 0.5925251 20.04344 3.427908 0 0.0
-0.001201435 0.002276132 50.27861 -5.915696 1.628043 1.415 0.4502323 18.4393 nan 0 0.0
-0.03260403 0.03664228 -2.57967 1.594509 1.286097 1.087485 0.4758527 19.90429 2.748922 0 0.0
-0.03418875 0.05449463 -3.325396 -10.39903 1.39774 1.196939 0.3798531 19.74009 2.750683 0 0.0
-0.004860296 0.03696308 0.9047026 1.228849 2.363713 2.001507 0.5674748 20.40278 nan 0 0.0
-0.03859547 0.05202714 -1.242137 -2.691554 1.608614 1.302861 0.6176586 20.12334 2.909021 0 0.0
0.01065984 0.02672598 -3.767357 -2.159099 2.581728 2.160766 0.5885887 20.59793 2.289654 0 0.0
0.004812055 0.02226315 1.03734 -3.764206 2.158727 1.744014 0.6436697 20.3817 nan 0 0.0
-0.03482668 0.0558048 -5.506463 -1.585857 1.091366 0.9397964 0.3616441 19.58481 3.087044 0 0.0
-0.04006235 0.04504196 -1.412629 -8.154772 1.396416 1.172358 0.5353763 19.54744 2.847628 0 0.0
0.005726662 0.02407128 -0.0595075 1.986065 2.456276 1.978268 0.5767784 20.57086 3.521257 0 0.0
-0.0001208126 0.006489471 -3.798996 -5.099813 0.5642372 0.4686143 0.5027474 18.28186 nan 0 0.0
-0.04388605 0.04114205 0.4456834 -1.08378 0.8843791 0.7325467 0.5892041 19.24311 1.930929 0 0.0
-0.02088248 0.05051122 -1.738159 -4.519578 1.740922 1.420143 0.6044348 20.23509 nan 0 0.0
-0.04391406 0.04199081 -2.750379 -2.605495 1.828053 1.486026 0.5982538 20.22919 nan 0 0.0
-0.04391337 0.04003959 -0.9196147 -8.155422 1.048685 0.8690234 0.5816057 19.46672 nan 0 0.0
0.004174674 0.02266753 1.493861 -3.017264 0.4027469 0.3185206 0.1624642 18.28843 2.498199 1 0.0
-0.04973187 0.03496576 2.377424 -8.784814 0.7802405 0.6444295 0.5122852 19.08843 3.058207 0 0.0
-0.04241719 0.04158316 -3.00432 -5.695576 0.8599567 0.7102641 0.6107903 19.07703 nan 0 0.0
-0.03806661 0.04485758 -1.446301 -3.408726 1.017516 0.8349919 0.5095296 19.5586 1.946808 0 0.0
-0.04302665 0.04064644 0.3547533 -4.846903 0.8421272 0.7006161 0.5929553 19.18465 3.44153 0 0.0
-0.04380233 0.039538 -4.33416 -6.809919 1.294371 1.064171 0.5411176 19.74898 nan 0 0.0
-0.04596552 0.04302957 1.595819 -4.289073 1.37251 1.149006 0.5712417 19.7285 1.648163 0 0.0
-0.0465196 0.04230839 2.032304 -6.90618 0.6629832 0.5584119 0.4119578 19.0476 2.180805 0 0.0
-0.001700695 0.03948277 -6.074138 -5.279464 0.4758025 0.3705668 0.4686492 18.50009 3.905529 0 0.0
0.00270586 0.02130573 -1.193687 -5.770698 1.693373 1.391996 0.6081423 19.92564 2.882954 0 0.0
-0.03002164 0.01677408 -0.9205034 -6.275113 1.689122 1.359398 0.3938843 19.8215 nan 0 0.0
0.01079847 0.02742215 -2.15525 -3.713317 1.485964 1.253056 0.4569869 20.08354 2.947493 0 0.0
-0.0498169 0.0396559 0.7787018 -3.46456 0.6212957 0.5025297 0.4765175 18.97837 2.189531 0 0.0
-0.02301469 0.0388436 -2.652151 -9.19397 2.122502 1.759936 0.567408 20.54146 2.04748 0 0.0
-0.04865282 0.03971549 0.4125267 -4.87874 0.9416701 0.7815575 0.6008299 19.34223 2.553236 0 0.0
-0.0508137 0.03722744 -4.179616 -1.75012 1.077455 0.9031664 0.4973479 19.67694 2.116837 0 0.0
-0.0461311 0.04106113 3.959376 -1.878893 1.246874 1.038413 0.6069355 19.46677 2.755154 0 0.0
-0.04493978 0.04248826 -1.248056 -4.814459 0.4804546 0.3818815 0.3438458 18.66835 2.310583 0 0.0
-0.04446844 0.04208789 1.090663 -2.083058 0.9522878 0.7686158 0.4956352 19.19629 nan 0 0.0
-0.04735051 0.04069827 -4.847707 0.07122679 1.402792 1.165416 0.5691151 19.86705 2.957563 0 0.0
-0.007105171 0.03469704 -3.686989 -1.311224 1.57783 1.282337 0.6108365 20.03782 nan 0 0.0
0.02973021 0.04035088 -2.290301 -7.154478 1.552871 1.271391 0.6013762 19.99034 2.74148 0 0.0
0.006061061 0.06182531 -2.87981 -7.604821 1.67015 1.358538 0.6299335 20.01767 2.147573 0 0.0
-0.03728952 0.04158481 -1.90479 -6.973948 1.078623 0.911177 0.5256141 19.53351 2.918127 0 0.0
-0.0183867 0.0433171 -1.265629 0.4362104 1.723575 1.407348 0.5702066 20.07053 0.7951927 0 0.0
-0.001700682 0.03854627 -0.4133146 -1.716157 0.5783693 0.4378795 0.32971 17.72882 5.445951 0 0.0
-0.04194433 0.03662994 -5.980091 -1.096139 0.8523613 0.7094985 0.5793879 19.28831 3.472597 0 0.0
-0.04338508 0.03525234 -4.222465 -9.590291 0.4360101 0.345052 0.2879562 17.89173 4.421783 0 0.0
-0.04241526 0.03590689 -0.3664142 -3.416634 0.3247427 0.2574526 0.2847322 17.86253 3.660883 1 0.0005526465
0.00611565 0.04444937 -3.629108 -7.379239 2.101055 1.709421 0.6327541 20.40847 3.473875 0 0.0
0.03330657 0.0436535 -0.8718998 -2.587622 0.6813661 0.5439245 0.5361176 19.01043 2.228064 0 0.0
-0.03972787 0.03919033 1.425034 -1.027291 0.2227106 0.1756288 0.3321979 17.49787 2.387398 0 0.0
-0.03942269 0.03827108 -3.464477 -2.090572 0.5875661 0.4793729 0.5200065 18.95912 2.722555 0 0.0
-0.01840862 0.004239342 -8.598711 -11.98199 2.00879 1.641606 0.563092 20.0692 2.990776 0 0.0
-0.01536367 0.02859278 3.814234 -15.8017 3.411737 3.248092 -0.3273717 20.53812 nan 0 0.0
-0.04153024 0.04155676 -7.561406 -1.962373 1.475556 1.241967 0.6276602 19.61634 2.744688 0 0.0
-0.03640352 0.04480086 -8.749947 -3.140027 1.34465 1.084404 0.4848138 19.65218 2.958057 0 0.0
-0.0422498 0.03837506 -8.135774 -5.51588 0.7507554 0.5683943 -0.3723661 18.6559 nan 0 0.0
0.02970033 0.03128145 -1.413123 -0.03659058 0.2435886 0.1894988 0.2444028 17.69008 1.957321 1 0.0
-0.04241623 0.03876219 -6.577785 -2.591631 0.287996 0.2279992 0.322153 17.48562 nan 0 0.0
0.02526913 0.04689598 -2.509692 1.67933 0.8752314 0.7272519 0.5762343 19.20107 2.30706 0 0.0
-0.003224123 0.001392994 -2.638396 -4.100816 0.5012114 0.4253811 0.5042527 16.65983 4.777511 0 0.0
-0.01567096 0.04795614 1.383385 -11.6037 1.252618 1.017081 0.4838866 20.10313 1.940657 0 0.0
