scripts/get_globular_clusters/output/Terzan_7.csv
# %ECSV 0.9
# ---
# datatype:
# - {name: x, unit: deg, datatype: float64}
# - {name: y, unit: deg, datatype: float64}
# - {name: pmx, unit: mas / yr, datatype: float64}
# - {name: pmy, unit: mas / yr, datatype: float64}
# - {name: pmx_e, unit: mas / yr, datatype: float64}
# - {name: pmy_e, unit: mas / yr, datatype: float64}
# - {name: pm_corr, datatype: float64}
# - {name: g_mag, unit: mag, datatype: float64}
# - {name: bp_rp, unit: mag, datatype: float64}
# - {name: filter, datatype: int64}
# - {name: memberprob, datatype: float64}
# meta: !!omap
# - comments: [deg deg mas/yr mas/yr mas/yr mas/yr dimless mag   mag   zeroone float]
# - __serialized_columns__:
#     bp_rp:
#       __class__: astropy.units.quantity.Quantity
#       unit: &id001 !astropy.units.Unit {unit: mag}
#       value: !astropy.table.SerializedColumn {name: bp_rp}
#     g_mag:
#       __class__: astropy.units.quantity.Quantity
#       unit: *id001
#       value: !astropy.table.SerializedColumn {name: g_mag}
#     pm_corr:
#       __class__: astropy.units.quantity.Quantity
#       unit: !astropy.units.Unit {unit: ''}
#       value: !astropy.table.SerializedColumn {name: pm_corr}
#     pmx:
#       __class__: astropy.units.quantity.Quantity
#       unit: !astropy.units.Unit {unit: mas / yr}
#       value: !astropy.table.SerializedColumn {name: pmx}
#     pmx_e:
#       __class__: astropy.units.quantity.Quantity
#       unit: !astropy.units.Unit {unit: mas / yr}
#       value: !astropy.table.SerializedColumn {name: pmx_e}
#     pmy:
#       __class__: astropy.units.quantity.Quantity
#       unit: !astropy.units.Unit {unit: mas / yr}
#       value: !astropy.table.SerializedColumn {name: pmy}
#     pmy_e:
#       __class__: astropy.units.quantity.Quantity
#       unit: !astropy.units.Unit {unit: mas / yr}
#       value: !astropy.table.SerializedColumn {name: pmy_e}
#     x:
#       __class__: astropy.units.quantity.Quantity
#       unit: &id002 !astropy.units.Unit {unit: deg}
#       value: !astropy.table.SerializedColumn {name: x}
#     y:
#       __class__: astropy.units.quantity.Quantity
#       unit: *id002
#       value: !astropy.table.SerializedColumn {name: y}
# schema: astropy-2.0
x y pmx pmy pmx_e pmy_e pm_corr g_mag bp_rp filter memberprob
[from data line 491]
0.009851762 -0.000101263 -2.29511 -2.11511 1.477043 1.477116 0.2858327 20.24175 1.204296 0 0.0
0.019283 -0.03200905 -7.954075 -8.147883 0.1833742 0.1567275 0.05830736 17.12162 0.5311928 1 0.0
-0.02312197 -0.04093642 -0.8941621 -3.222775 0.5324672 0.5155416 0.3146326 19.10412 0.5924759 1 1.29668e-06
0.01570206 0.006928322 -7.284881 -5.225074 3.606293 3.989885 0.3544051 20.90117 -0.465416 0 0.0
-0.01770975 -0.006709625 -3.179559 -1.5829 0.2209048 0.2141848 0.3839696 17.61824 1.144161 1 0.9968515
0.003274467 -0.00895084 -0.8017883 0.133475 1.867278 2.098301 0.4867058 20.51965 0.7930756 0 0.0
0.005458513 -0.003919369 -3.052774 -0.6231668 1.520338 1.73584 0.6728404 20.1531 nan 0 0.0
-0.02521746 0.001696023 -2.042933 -2.292927 2.271447 2.635175 0.763073 20.39058 0.8791027 0 0.0
0.008722067 -0.0007420056 -3.95702 -2.310415 1.211123 1.301645 0.459451 20.18296 0.9709206 0 0.0
0.002246781 0.04351272 0.8688719 -0.175067 1.759013 1.951314 0.4649952 20.40042 1.150078 0 0.0
0.008043921 -0.004602411 -3.902866 -2.882026 1.237121 1.323575 0.4747234 20.18567 0.7269516 0 0.0
0.01439002 -0.03095138 -0.7072847 -6.233277 0.3915497 0.4069306 0.3676911 18.5947 1.225019 0 0.0
0.01574485 -0.0321113 2.714622 1.435049 0.2872395 0.2935494 0.3378445 18.09246 1.083073 1 0.0
0.004429224 -0.006166164 -1.064275 -4.701207 2.13815 2.429058 0.4746993 20.72923 1.070032 0 0.0
0.012463 0.003495645 -2.657115 -10.61127 2.936807 2.991007 0.08709263 20.70009 0.5931568 0 0.0
-0.02823515 0.01722468 -3.199331 -8.224503 0.4244231 0.4581569 0.5121816 18.57378 0.8948593 1 0.0
0.01055406 -0.004644654 -3.267623 -2.493967 1.116433 1.164879 0.4324234 20.14993 0.7030315 0 0.0
-0.03158964 -0.009002572 -4.942629 -2.154661 1.627499 1.827367 0.5964849 20.3631 0.8608589 1 0.6566121
0.02072529 0.0158765 -1.856611 1.077061 0.3556444 0.3744072 0.4318843 18.37623 1.13945 1 0.0
0.01830273 -0.03941697 -0.5648746 -4.282251 0.2402858 0.2346771 0.3233122 17.87249 0.9299717 1 0.0
0.01500067 0.01551534 3.839006 -6.766469 0.3777829 0.384824 0.3898355 18.26051 0.8698406 1 0.0
-0.01417572 0.02364842 2.858193 -8.463517 2.989882 3.0379 0.03290761 20.78154 1.619696 0 0.0
-0.04043198 0.005512325 -2.892741 -7.255945 0.8872047 0.8966436 0.4385975 19.78059 1.056482 1 0.0
0.001040568 -0.007676673 1.410708 -3.615517 2.44824 1.992111 0.2453584 20.47731 0.7210598 0 0.0
-0.01306142 -0.03631463 -1.015513 -1.686262 3.489444 3.731817 0.4221555 20.72545 1.926647 0 0.0
-0.01427218 0.0005046305 0.9914324 0.1936635 0.5533757 0.6079641 0.472648 18.86 1.045433 0 0.0
-0.01346219 -0.04065963 -0.7447701 -7.83551 0.1799424 0.1670157 0.2781929 17.33238 0.9841175 1 0.0
0.03204539 0.006908356 -5.41578 -1.284813 1.486659 1.489922 0.2889416 20.36703 0.8245754 1 0.5871986
0.004077953 -0.003247903 -5.27418 -5.065718 1.407364 1.408935 0.3018401 20.22061 0.382494 0 0.0
0.014894 -0.0192022 -3.090907 -1.671632 0.2367458 0.2379367 0.3582873 17.73195 1.301867 1 0.9952922
0.001567288 -0.0283943 0.3770123 3.231562 2.244973 2.591504 0.6516709 20.53166 0.3468418 0 0.0
-0.007218914 0.008413412 0.04240575 2.004319 1.595574 1.867935 0.6505908 20.31003 0.6530418 0 0.0
-0.006262049 -0.0294016 3.191906 1.486309 3.322425 3.041146 -0.222993 20.8515 -0.327486 0 0.0
0.01587166 -0.02506176 -1.46569 -1.209935 1.461743 1.412304 -0.02937924 20.13541 nan 0 0.0
0.01281398 0.0004552777 -2.92139 -1.174512 0.6797875 0.6829479 0.4021303 19.46872 nan 0 0.0
-0.0001140498 -0.01286084 -8.643315 -4.218459 2.30335 2.406813 0.03106835 20.6361 0.5734406 0 0.0
0.0184066 -0.02364322 -4.138001 -3.647593 1.112589 1.199145 0.4615475 20.15372 1.17996 1 0.6451589
-0.03073555 -0.01086764 1.815789 -7.518143 0.3887562 0.4214026 0.6233489 18.29405 0.799284 1 0.0
0.003751551 -0.004956872 0.8463303 -2.531604 2.574299 2.576947 0.09582014 20.64088 0.6666698 0 0.0
-0.02363762 0.007571123 -2.442794 -1.581618 1.844824 2.104693 0.5470211 20.44356 1.128534 0 0.0
-0.02862064 -0.02978015 1.839528 -1.696559 0.915311 0.9858015 0.5111937 19.74956 0.8157158 1 0.0
0.007340454 -0.01165191 -1.615054 -2.317633 1.162116 1.261375 0.4862052 20.12598 1.261093 0 0.0
0.01614774 -0.0249016 -3.484818 -1.813935 0.6936224 0.7427083 0.4621524 19.51596 0.89188 0 0.0
-0.007290662 -0.03211775 0.07870397 -7.184661 0.6529383 0.610523 0.2403242 19.34251 1.233244 1 0.0
-0.001219032 0.02980272 -8.62037 -4.666096 1.399547 1.542849 0.5826609 20.20428 0.7757168 0 0.0
0.002345837 -0.006272891 -1.514082 2.032778 1.74079 1.924616 0.4335066 20.46125 0.7036724 0 0.0
0.008698713 0.01592441 -3.075695 -3.421811 2.087885 2.092169 0.3596588 20.48366 0.3448143 0 0.0
0.02363042 -0.00994978 -2.835617 -1.660909 0.2032641 0.1939129 0.3052551 17.63923 1.228148 1 0.9943958
0.01095684 0.004090951 -1.162002 -1.271864 2.301987 2.207102 -0.01078047 20.50725 0.6087437 0 0.0
-0.00146969 0.003786486 -2.862633 -1.640506 0.08419435 0.08172831 0.3613466 15.65202 1.579378 1 0.998977
0.04449788 0.007703693 1.43931 -3.507771 0.2062491 0.1976601 0.3154049 17.65182 0.8914547 1 0.0
0.0002624491 -0.00839383 -5.723624 -4.130116 1.676436 1.856094 0.4309144 20.35972 0.8058167 0 0.0
0.03713668 -0.004286092 1.826165 -2.912311 0.8703927 0.914121 0.4314588 19.8498 1.151518 1 0.0
0.02340972 0.008471456 -4.98298 -1.601886 0.5631888 0.6005969 0.4668277 19.13347 0.7537689 1 0.07694467
0.004907888 0.02331379 -6.4358 -2.878548 1.607956 1.752258 0.6065462 20.28799 0.371088 1 0.5765204
-0.03584657 -0.03231592 -3.616377 -5.782603 1.183764 1.312954 0.5792192 20.1011 1.878378 1 0.006946251
-0.001318872 -0.008359508 -3.127131 -3.265033 1.478019 1.527071 0.4048407 20.2586 0.7260017 0 0.0
0.003450497 -0.001065868 -0.02128913 -0.236334 1.634348 1.771843 0.3679032 20.43298 nan 0 0.0
-0.007295359 0.02124223 -2.99516 -1.562595 0.138155 0.1308288 0.3449031 16.78023 1.310925 0 0.0
0.0327825 -0.03361165 -5.603178 -4.087511 0.4932033 0.4733223 0.2513161 18.95525 1.069822 1 0.0
0.008769168 -0.03005796 -5.778937 -6.289953 1.167965 1.264598 0.4962077 20.18306 0.676054 1 0.02132641
-0.01063524 0.02388927 -5.124999 -0.669635 0.6248241 0.6529852 0.5024049 19.30805 1.397766 1 0.002150833
0.02365531 -0.01068602 -1.747268 -4.389049 0.7379892 0.7427623 0.3847455 19.51433 nan 0 0.0
-0.0009672597 -0.02616269 -4.647495 -4.652385 2.39567 2.780078 0.5965201 20.5462 0.4593048 0 0.0
-0.02356463 0.01575367 -4.143713 -1.776921 1.648249 1.742127 0.425398 20.41894 0.9591694 1 0.7824884
-0.02785977 0.02090218 1.374857 -2.588803 1.85877 2.087809 0.5307289 20.48651 0.5694237 0 0.0
0.009824008 -0.02245539 -3.574227 -1.966792 0.3451446 0.3523996 0.3119151 18.23397 1.2682 1 0.9661326
-0.01113037 -0.02872691 -4.083822 -2.365423 1.966415 2.033353 0.2547868 20.49107 0.6373291 1 0.6681518
0.0378276 0.02460993 -8.858513 0.9883894 1.581549 1.85197 0.7222142 20.21315 1.883888 1 0.0
-0.02248806 0.02702258 1.421067 1.07606 3.65807 3.745788 0.1093506 20.82243 0.8946915 0 0.0
-0.02434393 0.0190379 -1.433287 -1.136856 2.28602 2.099156 0.1139602 20.51638 0.6561584 0 0.0
-0.006615094 -0.00774178 0.522666 -7.634417 1.087865 1.168581 0.5859752 19.82141 nan 0 0.0
-0.0009924429 -0.01880033 -1.866697 -1.204836 0.6513461 0.6541065 0.4578502 19.20125 1.229162 0 0.0
0.0007392663 -0.01838452 -3.038872 -1.577226 0.1231476 0.1144582 0.2823562 16.65318 1.435248 1 0.999275
-0.04303828 -0.003289496 -1.343557 -6.03199 0.9046245 0.8965826 0.3874327 19.6554 1.189135 0 0.0
0.005936021 0.004125795 -0.7859416 -1.422927 1.576427 1.619851 0.4153284 20.34818 0.5698681 0 0.0
0.02275722 0.009333759 -3.29673 -1.289318 0.8209696 0.8533084 0.3771443 19.62735 0.930851 1 0.9467421
-0.02876366 0.02077598 -4.095255 -7.13425 2.387731 2.775017 0.549103 20.75234 0.4723969 0 0.0
-0.004206226 0.007673569 -2.421703 -1.620869 1.961692 2.213983 0.5037493 20.49951 0.5185146 0 0.0
0.008896644 -0.01137359 -3.925127 -2.823643 1.142786 1.254245 0.5215397 20.13142 0.504427 0 0.0
-0.007992435 -0.04076573 -0.3085107 -0.8366581 2.053285 2.281538 0.6474377 20.44112 nan 0 0.0
-0.008725645 0.0122623 -1.335298 -1.816995 0.8643235 0.8957226 0.4789105 19.75863 0.3724098 0 0.0
0.0005888033 -0.001374788 -2.518924 -1.855238 0.6749814 0.6698984 0.4757055 19.25897 0.5750332 0 0.0
0.007164677 -0.01259794 -3.655539 -1.08739 1.014668 1.05127 0.393699 19.98906 0.470602 0 0.0
0.0005385998 -0.001161165 -11.48809 -10.79772 3.089702 2.741199 0.3382005 20.33296 nan 0 0.0
-0.0267785 0.01604261 -0.09687751 -0.1771545 3.508225 3.605802 0.07947158 20.837 0.1179256 0 0.0
0.03215344 0.02659978 0.2495796 -5.244745 1.213861 1.284406 0.4285756 20.13075 1.465805 1 3.036838e-05
0.01063308 0.02432415 -5.848762 -7.712562 1.673047 1.763647 0.4445446 20.36765 0.7043839 0 0.0
-0.0004403936 -0.002126283 -5.317713 -3.127691 0.8122047 0.7948299 0.4588562 19.3039 0.7554951 0 0.0
0.009276167 0.01571835 -6.369466 -1.285892 2.137131 1.87598 0.05733876 20.38375 0.4488678 0 0.0
0.02909145 0.030984 -4.660156 -1.911185 2.912806 2.874857 0.02494183 20.7697 0.8150291 1 0.3411084
-0.002071045 -0.04182967 1.980089 -2.576954 0.1083569 0.09787749 0.2316505 16.37097 1.137309 1 0.0
0.001843974 0.0007614236 -2.979616 -1.779333 0.3432388 0.3462937 0.5157048 18.06147 1.199724 0 0.0
0.02435912 -0.007214853 -4.171831 1.037675 2.442999 2.527728 0.142305 20.4443 0.8404083 0 0.0
-0.02816181 0.0230612 -5.135563 1.502681 0.8158011 0.8453736 0.482015 19.73585 1.070282 1 3.659428e-06
0.002120061 -0.001084897 -2.323089 -2.195982 2.037624 1.971467 0.3097705 20.44967 nan 0 0.0
-0.005912409 -0.005922116 -2.911274 -3.686688 1.854025 1.96389 0.5738015 20.22016 0.4571915 0 0.0
0.02311395 0.02817445 -4.189192 -4.649656 0.2367852 0.225941 0.4024096 17.6862 1.153074 1 0.0
-0.002448432 -0.006856543 -6.842403 -2.172558 2.286039 1.842711 0.02411324 20.4587 0.4987679 0 0.0
-0.00146952 -0.005773145 -2.350155 -2.624772 2.136797 2.344935 0.6773573 20.33297 nan 0 0.0
0.007567893 0.005262441 -3.865509 -1.201246 2.07661 2.172438 0.2874926 20.49184 0.5104809 0 0.0
-0.02635311 0.02055935 -6.906788 -1.661204 1.888349 2.102834 0.4902904 20.4244 0.622633 0 0.0
0.03918202 0.02135536 -5.784055 -7.503835 1.197253 1.261409 0.4714309 20.07448 0.59231 0 0.0
0.0082203 0.002141957 -2.584865 -2.650712 0.6168351 0.6257101 0.4250018 19.35418 1.017221 0 0.0
0.01642805 -0.003417278 -1.47738 -3.59529 2.061535 2.310399 0.620892 20.46882 0.9145679 0 0.0
0.02465083 -0.03908673 -2.757669 -11.59791 1.190147 1.218776 0.3621931 20.12128 1.395594 0 0.0
-0.04122131 0.02783173 0.5557635 -4.440645 0.2980137 0.2904407 0.3571355 18.0838 0.9260159 1 0.0
0.03840717 0.02898131 2.172485 -2.324975 1.782963 1.983352 0.4153877 20.52143 1.329163 1 0.008671915
-0.04129547 0.02548566 -4.391301 -10.75633 0.8622335 0.8630505 0.4066461 19.69759 1.26438 1 0.0
0.0482555 -0.006309795 2.379017 -10.72596 0.3386119 0.3543388 0.4176974 18.44045 0.8446732 1 0.0
0.006113543 0.02844829 -6.157033 -3.224242 1.995927 2.245818 0.5074082 20.52835 0.7071877 0 0.0
0.04828153 -0.004707637 -2.718008 -6.201999 0.3230265 0.3392983 0.420383 18.37348 1.186846 1 0.0
0.003903716 0.02811273 -9.117443 -1.667716 0.6144207 0.6171868 0.4366301 19.19252 1.052702 1 0.0
-0.003099724 -0.04236758 -1.270828 -4.209421 0.7539376 0.7501811 0.3678381 19.6766 0.8995609 1 5.685901e-05
-0.001494719 -0.0003867933 -5.812276 -5.396675 3.272283 3.004942 -0.03066255 20.3264 nan 0 0.0
-0.01263423 -0.04046876 -1.754829 -13.30912 1.460865 1.623152 0.4836401 20.34353 1.669155 0 0.0
-0.00613819 -0.007661635 -3.081336 -1.474087 0.2390641 0.2188803 0.3897941 17.57481 1.141701 1 0.9982975
-0.004381423 -0.002515497 -0.3528125 2.977863 2.432052 2.82027 0.7533237 20.39234 1.068802 0 0.0
-0.03109844 0.01979858 -0.6960801 1.272592 1.648458 1.751112 0.4603635 20.38991 0.9152279 0 0.0
0.01265636 -0.04536302 -5.224694 -7.057208 3.451842 3.943219 0.1706125 20.81307 1.389509 1 0.1168327
0.0006641171 -0.0005698879 -6.346244 -4.211728 1.395178 1.371451 0.417356 20.02425 nan 0 0.0
0.001517619 -4.728562e-05 -2.812681 -1.59167 0.4906005 0.5022585 0.534173 18.74056 0.8438034 0 0.0
-0.0001140675 2.319257e-06 -5.217426 -6.798944 2.556773 2.125693 0.2888692 20.34155 nan 0 0.0
-0.01573355 0.02895819 -2.639211 -5.74823 0.5775198 0.5912408 0.4765844 19.22573 1.043562 1 0.0
-0.02298658 0.01367482 1.65772 -1.957343 2.799614 2.718988 0.009051915 20.69354 0.7690697 1 0.4115955
0.04380115 0.01948004 2.853936 -2.681786 0.629333 0.6132462 0.3272996 19.33289 0.8908482 1 0.0
0.008825631 0.02889437 -6.061773 1.368346 0.9558107 1.039647 0.5483123 19.79328 1.185036 1 2.164268e-06
0.02461168 -0.001973534 0.0261111 -7.707319 2.829841 2.903697 0.03669842 20.78534 0.8854218 1 0.152836
0.0102821 0.02882172 -1.435992 -6.364612 2.06032 2.111323 0.5068552 20.40132 1.139431 0 0.0
0.01200929 -0.00920723 -1.574687 -0.6273326 1.18723 1.289015 0.5793639 19.95179 0.8824158 0 0.0
-0.001168368 -0.001412942 -3.354686 -2.823283 0.5183102 0.5523758 0.5770658 18.71165 0.4352684 0 0.0
-0.02307585 -0.0263719 -1.738395 -6.659635 0.8574925 0.8801933 0.5744386 19.61826 1.256107 0 0.0
0.008167528 -0.02386664 -2.618989 -6.044082 0.7779375 0.7832973 0.3611385 19.6951 0.575695 0 0.0
-0.005759646 -0.03692796 -4.300042 0.4304479 3.061303 3.549682 0.4910988 20.79087 0.5138378 0 0.0
0.02243603 0.02851796 -2.736802 -8.462436 1.353887 1.465204 0.6215132 20.01809 1.249186 0 0.0
0.005233239 0.006242999 -2.442316 -1.37265 0.3495798 0.3700995 0.584657 18.19229 nan 0 0.0
0.0003628872 -1.496156e-06 -2.991877 0.8747447 1.558037 1.671866 0.5768453 20.14959 nan 0 0.0
-0.03913533 0.02415156 -7.029565 -4.496083 2.296424 2.527086 0.4047349 20.71062 0.4539318 0 0.0
0.005208088 0.005499134 -2.236987 -0.1525939 1.45015 1.553047 0.6038372 20.13746 nan 0 0.0
0.02052767 0.02896477 -1.62176 -7.954311 0.4734743 0.5106922 0.6241581 18.59498 0.7899914 1 0.0
-0.03200919 -0.02751546 1.410934 -6.421612 0.4322077 0.4685943 0.4837426 18.54419 0.956831 1 0.0
-0.007267469 -0.01046934 -4.051952 -2.705852 1.293335 1.421311 0.6330735 20.03626 0.4848461 0 0.0
0.01871504 0.008648125 -3.37062 -1.627591 0.9009459 0.943224 0.4262115 19.8584 0.7332058 0 0.0
-0.003527813 -0.005773207 -3.595366 -2.915309 0.2440688 0.2282129 0.4163825 17.6489 1.181107 0 0.0
-0.004907267 -0.02446911 -4.314337 -4.327307 1.537618 1.70892 0.4848645 20.32258 0.7722301 0 0.0
0.008398579 0.02736853 -1.774627 -6.62838 0.600989 0.6164423 0.4690799 19.3011 1.137648 1 0.0
0.0417872 0.009066951 -2.642065 -6.418939 1.103455 1.192303 0.475531 20.10338 0.6246166 1 0.0001554917
-0.02568251 -0.03671049 -5.929814 -3.672568 1.721744 1.655773 0.2948347 20.26208 0.8149738 1 0.2515983
0.003072966 -0.02782214 -10.1821 -4.551862 0.4967658 0.4939559 0.5004885 18.87262 1.293636 1 0.0
-0.01075606 -0.01253729 1.255071 -11.46056 0.5027292 0.5386046 0.597624 18.70926 1.005651 1 0.0
0.009499004 -0.01160253 -2.564343 -20.9179 0.2045041 0.188177 0.2474875 17.53058 0.8531494 1 0.0
-0.007216103 -0.02385893 -6.184005 -4.638078 0.1098432 0.09533232 0.1431183 16.22716 0.8491907 1 0.0
0.0004633074 0.0015549 -2.801319 -1.241526 0.2672976 0.2586859 0.4415393 17.61009 1.083399 0 0.0
-0.01803917 0.007576345 1.673298 -2.985342 1.038058 0.975135 0.2526956 19.783 1.355328 0 0.0
0.003877566 0.005911195 -2.630607 -1.410171 0.8042324 0.8560506 0.5970181 19.49495 0.5908031 0 0.0
-0.03213165 0.02947607 0.189534 -2.087719 1.331135 1.44471 0.5170423 20.03303 1.010914 1 0.03982745
-0.00267415 -0.01272355 -4.408927 -4.118694 2.490432 2.07209 0.2660377 20.56121 0.4953384 0 0.0
-0.0003650903 -0.001340455 -15.09877 -17.72284 2.479071 2.297035 0.2209919 20.73695 nan 0 0.0
0.000362862 -0.005742616 -1.288868 -4.583571 2.768319 2.921055 0.3295119 20.50704 nan 0 0.0
-0.01284052 -0.004568683 -4.542974 -3.074982 1.600194 1.821503 0.5240755 20.29608 1.143341 0 0.0
0.03458145 0.008009784 1.847875 -9.635953 2.72101 2.596161 -0.1008266 20.74635 0.5055428 0 0.0
-0.01494914 -0.004004461 -3.813704 -1.191343 0.5956572 0.5950661 0.5375973 19.04405 1.115417 1 0.9368096
-0.03444261 -0.02932079 -1.777225 -10.48201 0.5066829 0.511477 0.3734838 18.73059 1.869785 1 0.0
-0.02054618 -0.006569136 -2.23696 -4.304053 0.3910887 0.4258757 0.4639017 18.43262 0.8458557 1 0.0
