scripts/get_globular_clusters/output/Terzan_7.csv
# %ECSV 0.9
# ---
# datatype:
# - {name: x, unit: deg, datatype: float64}
# - {name: y, unit: deg, datatype: float64}
# - {name: pmx, unit: mas / yr, datatype: float64}
# - {name: pmy, unit: mas / yr, datatype: float64}
# - {name: pmx_e, unit: mas / yr, datatype: float64}
# - {name: pmy_e, unit: mas / yr, datatype: float64}
# - {name: pm_corr, datatype: float64}
# - {name: g_mag, unit: mag, datatype: float64}
# - {name: bp_rp, unit: mag, datatype: float64}
# - {name: filter, datatype: int64}
# - {name: memberprob, datatype: float64}
# meta: !!omap
# - comments: [deg deg mas/yr mas/yr mas/yr mas/yr dimless mag   mag   zeroone float]
# - __serialized_columns__:
#     bp_rp:
#       __class__: astropy.units.quantity.Quantity
#       unit: &id001 !astropy.units.Unit {unit: mag}
#       value: !astropy.table.SerializedColumn {name: bp_rp}
#     g_mag:
#       __class__: astropy.units.quantity.Quantity
#       unit: *id001
#       value: !astropy.table.SerializedColumn {name: g_mag}
#     pm_corr:
#       __class__: astropy.units.quantity.Quantity
#       unit: !astropy.units.Unit {unit: ''}
#       value: !astropy.table.SerializedColumn {name: pm_corr}
#     pmx:
#       __class__: astropy.units.quantity.Quantity
#       unit: !astropy.units.Unit {unit: mas / yr}
#       value: !astropy.table.SerializedColumn {name: pmx}
#     pmx_e:
#       __class__: astropy.units.quantity.Quantity
#       unit: !astropy.units.Unit {unit: mas / yr}
#       value: !astropy.table.SerializedColumn {name: pmx_e}
#     pmy:
#       __class__: astropy.units.quantity.Quantity
#       unit: !astropy.units.Unit {unit: mas / yr}
#       value: !astropy.table.SerializedColumn {name: pmy}
#     pmy_e:
#       __class__: astropy.units.quantity.Quantity
#       unit: !astropy.units.Unit {unit: mas / yr}
#       value: !astropy.table.SerializedColumn {name: pmy_e}
#     x:
#       __class__: astropy.units.quantity.Quantity
#       unit: &id002 !astropy.units.Unit {unit: deg}
#       value: !astropy.table.SerializedColumn {name: x}
#     y:
#       __class__: astropy.units.quantity.Quantity
#       unit: *id002
#       value: !astropy.table.SerializedColumn {name: y}
# schema: astropy-2.0
x y pmx pmy pmx_e pmy_e pm_corr g_mag bp_rp filter memberprob
[from data line 327]
0.002120017 -0.002797696 -1.788387 -0.9477275 0.454186 0.4443981 0.321287 18.78118 0.9941711 0 0.0
-0.002749569 -0.009061447 -2.689119 -1.06492 0.4840326 0.4804237 0.3315133 18.89155 1.035118 0 0.0
-0.007596717 0.02174575 -2.121928 -4.796498 0.7151034 0.7386262 0.4816412 19.55729 nan 0 0.0
0.01454337 -0.01504794 0.2491553 -3.023365 0.9071879 1.006443 0.4862476 19.71959 0.5511227 0 0.0
-0.003427254 -0.009500162 -1.895254 0.6229088 3.418669 3.389813 -0.1386926 20.87626 nan 0 0.0
0.01829022 0.01758987 -3.117247 -12.07278 1.484009 1.484555 0.2767352 20.00403 nan 0 0.0
-0.0003652653 0.03838961 2.075482 -10.95733 2.724573 2.890527 0.3534735 20.69656 nan 0 0.0
-0.008072957 0.01312448 -1.64483 -0.5847085 1.57079 1.657623 0.454625 20.2659 0.8916893 0 0.0
0.0289741 -0.01734817 -3.05904 -0.9260157 1.53668 1.706018 0.3617571 20.36257 0.7173557 0 0.0
-0.03304257 -0.01623581 0.1738642 -5.866011 0.5022175 0.5175791 0.4633693 19.00374 1.393871 1 0.0
0.003977636 -0.001367252 4.684573 -3.329211 1.054202 1.134723 0.4710101 19.33788 0.4540615 0 0.0
-0.007647568 0.02860075 5.462003 -9.476374 1.999156 2.05979 0.4260859 20.25286 1.914408 0 0.0
0.04124502 -0.02098878 1.929439 -6.436894 0.1981103 0.1883894 0.3015008 17.611 1.230595 1 0.0
0.003778073 0.02622828 -7.434288 -3.308343 2.206015 2.514207 0.540474 20.69041 0.7169971 0 0.0
-0.01013099 0.007158072 -5.221247 -2.669273 1.976385 2.019385 0.5009192 20.43471 0.5987206 0 0.0
-0.0003148662 -0.006398743 -2.999279 -1.566164 0.2102027 0.194559 0.2089794 17.39348 1.062727 0 0.0
0.01535354 0.02288908 0.214481 4.457279 2.285271 2.505838 0.4506497 20.60452 0.3830929 0 0.0
-0.01946033 -0.03428265 0.4000582 0.6637633 0.7807811 0.7782999 0.3638023 19.74666 2.403461 1 0.002534256
-0.01617677 -0.01608965 -5.903599 -2.016629 0.6142889 0.5871029 0.3241203 19.17362 1.045286 1 0.004905677
0.002648755 0.047171 -3.510603 -10.21867 0.6512142 0.6535932 0.4161862 19.19319 1.398426 0 0.0
-0.008599731 0.008588757 -4.56787 -1.743265 1.348894 1.499414 0.5541973 20.21113 0.8044987 0 0.0
0.005385204 0.02682709 -0.1402219 -1.806855 2.85847 2.915297 0.07184807 20.60131 0.8116016 0 0.0
0.003350172 0.001058923 -2.851671 -1.588892 0.1832083 0.1719502 0.2990408 17.21954 1.133652 0 0.0
0.0009401244 -0.01136167 -5.001354 -4.126127 0.5124917 0.4826438 0.386828 18.88653 0.4584198 0 0.0
0.003299988 0.0016235 -2.227233 -1.817165 0.2351484 0.2297272 0.4254861 17.48787 nan 0 0.0
-0.005712907 0.01302931 0.4790929 -0.8907046 2.077019 2.194451 0.4632942 20.57071 0.4000931 0 0.0
0.01560767 0.03901757 -1.198078 5.047676 1.853438 2.019517 0.4065465 20.38346 1.206095 1 0.08444108
0.006434232 -0.04569418 -4.787864 -5.652394 0.5451132 0.5780443 0.4446082 19.11262 1.218136 1 0.0
0.00688594 -0.04442774 -2.508123 -0.239934 1.577496 1.740829 0.4261359 20.41478 0.8374271 1 0.5452226
-0.01663202 0.001312906 -3.138458 -6.52344 3.119207 3.277485 0.2690493 20.87037 -0.4716721 0 0.0
-0.003979972 0.001291591 -5.990553 -7.538646 2.729854 2.896395 0.3173508 20.69797 nan 0 0.0
0.002321134 0.007948301 1.266923 0.8374506 2.185511 2.352608 0.4093659 20.63158 0.8599739 0 0.0
0.01508032 0.03934573 -0.7570695 -4.247683 0.4905961 0.5305288 0.5172296 18.78746 0.9641857 1 0.0
-0.01240739 -0.04729704 -0.8373004 -1.147602 0.1872897 0.1644345 0.2329698 17.09764 1.106071 1 0.0
-0.001845971 -0.008760061 -2.962392 -1.046324 0.3717741 0.3759244 0.4561737 18.36332 1.006073 0 0.0
0.01476824 -0.02074713 -3.553005 -1.845909 0.9708297 1.03469 0.4516776 19.85482 1.084892 0 0.0
0.001693301 -0.001901232 -2.036276 0.4859972 1.153154 1.209137 0.4897806 19.89849 nan 0 0.0
-0.02092322 -0.004474962 1.888829 -2.291721 1.811636 2.039222 0.5619242 20.32246 1.345535 0 0.0
0.03303962 -0.01808593 -2.368436 -1.423749 0.3761251 0.3924593 0.4059358 18.47661 1.354067 1 0.9053703
-0.006439024 -0.01245292 3.683023 -1.79694 0.9112833 0.9390523 0.4488014 19.87006 0.9341946 0 0.0
0.0132121 -0.02171581 -4.444371 -4.12997 2.959516 3.038271 0.4455771 20.65049 1.140303 0 0.0
0.004657452 0.03513936 -2.701592 -3.127515 2.943318 2.948699 0.1275532 20.6895 0.6018429 0 0.0
-0.003605081 0.03943095 -3.375541 -5.791082 0.4947816 0.5092531 0.4596027 18.76427 0.8658218 0 0.0
-0.03226427 -0.01690307 -3.042747 -5.538142 0.4008303 0.4382104 0.5380619 18.36417 0.9811554 1 0.0
-0.02673307 0.03088943 -2.447869 -2.832805 2.273876 2.075984 0.07987957 20.44852 0.6787167 1 0.3900537
0.04245911 -0.002545331 0.07080253 -1.649843 0.540514 0.5087629 0.2148959 19.08906 1.045818 1 8.841361e-06
0.04462134 0.00387367 -1.475218 -3.142306 1.281189 1.372793 0.4435509 20.25237 0.5667877 1 0.1565229
-0.003101719 0.01093518 -5.446499 -2.158716 1.532692 1.621918 0.4487258 20.28823 0.6470146 0 0.0
0.00312349 -0.01893008 -2.369023 -7.267751 0.2455432 0.2505556 0.3354775 17.74128 1.016016 1 0.0
0.04251167 0.002051353 1.720014 -5.700542 0.3482591 0.3629186 0.4023904 18.34617 0.995369 1 0.0
0.04153321 0.003196259 2.712935 -2.329564 1.967126 2.172813 0.3489466 20.52386 0.9434719 0 0.0
0.005334063 0.01253343 -3.881937 -2.081339 0.430218 0.4777923 0.5715065 18.6578 1.080912 1 0.9671192
0.005708251 -0.02247789 -2.836098 -7.271191 0.584992 0.5900422 0.451364 19.17508 0.799799 1 0.0
0.005959521 -0.01817874 -4.04322 -0.3279213 0.6209226 0.6116818 0.388734 19.13059 1.06959 1 0.4211364
-0.001244112 0.02766268 -4.992878 -6.162363 1.910483 1.987189 0.4243359 20.43179 0.4184246 0 0.0
-0.0004403817 -0.004361696 -9.886004 -3.229845 1.676351 1.666818 0.3537145 19.74317 0.6340351 0 0.0
-0.003829713 0.00908121 0.5545681 -3.921673 0.4067085 0.4522839 0.5822412 18.51369 0.8599472 1 0.0
-0.0002145158 0.01424258 -3.031252 -2.080441 0.4581411 0.5032624 0.5545503 18.73964 1.148581 1 0.9866762
0.01042624 -0.02304674 -2.978616 -1.266329 0.1958992 0.1795229 0.2196343 17.48742 1.178423 1 0.9896088
-0.02515486 -0.03909451 3.394803 -8.62677 0.5386639 0.5162372 0.2974939 19.11316 0.7570763 1 0.0
0.01369202 -0.002993349 0.2206895 1.391324 2.544226 2.342696 -0.05587884 20.50362 nan 0 0.0
-0.006792271 0.01023687 -1.235574 -1.915809 1.662744 1.558612 0.3436856 19.7639 0.8577652 0 0.0
0.02272349 -0.02210315 0.4191877 -5.914532 0.8459029 0.8294741 0.3316016 19.82284 1.171524 0 0.0
-0.02096589 -0.03424868 -0.04433963 -6.074397 0.6709203 0.6493215 0.3019733 19.32441 1.354116 1 0.0
0.01017864 0.004262711 -3.065133 -1.437521 0.2617411 0.2655535 0.4010218 18.04346 1.278313 1 0.9976323
0.01060387 -0.007776527 -7.143995 -1.810257 2.402605 2.770009 0.7285073 20.45725 0.7181492 0 0.0
0.0452121 -0.01764155 -8.484208 -10.18257 0.2616606 0.2559901 0.3000096 18.0037 0.7342739 1 0.0
0.005457841 -0.01412368 -1.886638 -1.140913 1.9496 2.16575 0.405264 20.63229 0.2636833 0 0.0
-0.00578747 0.002180309 -3.025331 -1.630245 0.2655283 0.2493768 0.3194325 17.86475 1.15987 0 0.0
0.01765984 0.005032024 0.408497 2.696673 2.60631 2.850025 0.3944254 20.78895 0.1297531 0 0.0
0.01790902 -0.003615949 -3.094237 -0.5410612 0.8271992 0.9451515 0.6305715 19.54883 0.3142796 0 0.0
0.00648841 0.005376974 -3.408913 0.2567377 1.355729 1.453426 0.568364 20.08902 0.870594 0 0.0
0.003275001 0.004572262 -2.548474 -1.36326 0.2366508 0.2268938 0.459581 17.64743 1.060863 1 0.9949463
0.01155833 -0.0031685 -2.853552 -1.323033 0.2099667 0.1991774 0.3057667 17.64645 1.170382 1 0.9974002
-0.007015723 -0.0193156 -2.392847 -0.2590926 0.6184013 0.6162947 0.3759126 19.40434 0.9724007 1 0.9020276
-0.006941586 -0.005533097 -3.275009 -1.880883 0.3752352 0.3963304 0.520342 18.20943 1.126366 1 0.9952271
-0.006766828 0.006101744 -4.052115 -2.012878 0.544186 0.5511421 0.4395431 19.14453 1.040705 0 0.0
-0.01836329 -0.002551748 -4.135507 -1.170702 1.053099 1.045052 0.3599987 19.94426 0.7212715 0 0.0
-0.01357543 0.03803755 -1.441506 -10.92451 0.4843018 0.5373031 0.5657612 18.69679 0.6573582 0 0.0
-0.001645388 0.002287307 -3.412407 -1.041016 0.2393888 0.233326 0.3890426 17.75814 nan 0 0.0
0.02682633 0.01547802 -0.9297436 -6.016096 0.794678 0.8269023 0.4493071 19.71888 1.297712 1 0.0
-0.03336764 -0.01919996 -1.30202 -28.16213 0.4207511 0.4619168 0.5469646 18.58051 1.261606 1 0.0
-0.01559481 -0.04106818 -6.098283 -12.14562 0.9190518 0.8292379 0.1924208 19.64346 1.720055 0 0.0
-0.0189909 -0.002296304 -4.097036 -2.85378 2.282507 2.599697 0.5860419 20.73922 0.8956947 0 0.0
0.02849661 -0.01919432 9.697219 -5.548168 0.4825984 0.4830427 0.3735471 19.10714 1.724773 1 0.0
-0.01590403 0.00130542 -0.7331639 -3.615475 1.790469 2.019506 0.5199755 20.46494 0.8894615 1 0.4281886
-0.01324527 0.01502354 -7.582462 -2.992177 0.8529991 0.882877 0.4744815 19.68941 1.614681 0 0.0
-0.02085553 0.02578323 5.851174 -9.291257 0.7903497 0.8206433 0.470307 19.44059 1.906597 0 0.0
-0.01503268 0.04139423 -4.203212 -5.311481 1.699761 1.806844 0.4582004 20.23236 0.7740154 0 0.0
0.00978134 0.04134543 -0.7775382 -6.120341 0.4598022 0.4708445 0.4511533 18.84863 1.096598 1 0.0
-0.0008168726 -0.007649967 -3.317772 -1.248246 0.4853934 0.4945126 0.3831745 18.82251 1.034769 0 0.0
0.008224392 0.04342079 -1.280788 1.507798 1.563908 1.787415 0.5780028 20.27238 0.5270576 0 0.0
0.005079439 -0.04544995 8.112226 -11.77632 1.235752 1.393916 0.5323093 20.15326 0.7307148 0 0.0
-0.01369975 0.03041195 -3.953508 -1.830317 1.903516 2.144828 0.500891 20.51297 0.5938549 1 0.6702497
0.02332649 -0.01964284 -4.000189 -6.885399 1.429057 1.422522 0.2676259 20.24458 0.8905582 0 0.0
-0.01263784 -0.0167795 -3.757412 2.632112 0.5111593 0.5238262 0.5065189 18.43505 1.16296 0 0.0
-0.03779505 0.003434559 -1.038236 -2.422207 0.2149649 0.2017305 0.336217 17.48538 0.8396721 1 0.0
0.01502312 0.0008211177 -5.402049 -5.686652 1.93122 2.110368 0.3935479 20.49592 0.5583515 0 0.0
0.02477952 -0.02830262 -4.97085 -3.783238 1.022598 1.101939 0.4642796 19.99479 1.032726 0 0.0
-0.01311617 -0.007528931 -5.436696 -1.294972 1.859343 2.11948 0.5935435 20.45959 1.143948 0 0.0
-0.03413123 0.006720603 0.9865232 -2.621238 1.480774 1.642314 0.6142336 20.35264 0.5963783 0 0.0
0.01534987 0.003071729 -2.375715 -3.44882 1.083771 1.15251 0.4636692 20.13133 1.001759 1 0.6983573
0.00656165 -0.0208033 -1.602282 -0.5211049 0.84057 0.8171249 0.3590027 19.53264 1.106361 0 0.0
-0.01170893 -0.01885837 -1.420932 -5.187168 0.2996544 0.2829144 0.2854337 18.03983 0.9289207 1 0.0
-0.008975624 0.002225802 -6.84168 -0.8985346 3.90492 4.042186 0.3748706 20.95303 nan 0 0.0
0.01095558 -0.00541909 -5.277934 -2.527941 2.668489 2.806814 0.212968 20.53106 0.9423466 0 0.0
-0.03104775 0.01854356 -0.5908004 -5.60989 1.066452 1.068942 0.3987161 20.02518 0.7932796 0 0.0
0.02548177 -0.02955787 -4.477876 -1.993448 0.6688834 0.7021329 0.4047635 19.4297 0.6744785 0 0.0
-0.01854058 0.004482515 -1.904706 -3.639194 1.761415 1.985562 0.4913824 20.41812 0.9316673 0 0.0
0.03861385 -0.012496 -10.3474 -2.779888 0.3159607 0.3322408 0.4256527 18.33793 1.067787 1 0.0
-0.003227865 0.02675473 -1.740433 -9.036497 0.6464966 0.6412162 0.3996719 19.12377 1.011446 0 0.0
-0.03656646 0.006830191 -6.579817 -6.51961 0.8919016 0.929503 0.4842103 19.7222 0.9688396 1 3.290015e-05
0.04135041 -0.01097525 -3.74984 -2.914889 0.6805721 0.6799094 0.3674745 19.58745 1.510344 0 0.0
-0.0195722 0.01440049 -4.562759 -6.166309 0.9644865 0.9566633 0.3692933 19.88904 0.9385643 0 0.0
-0.04693467 0.006599901 -8.697097 -6.182765 0.5492315 0.5540921 0.3621933 18.81564 1.484573 1 0.0
-0.02528567 -0.02157747 -3.573095 -1.516891 0.728972 0.7327669 0.4309357 19.54143 1.187458 1 0.907811
0.004856193 -0.00186321 -2.654469 -1.617723 0.2127529 0.202385 0.3047154 17.64509 1.082819 0 0.0
0.02405341 -0.02270625 -3.845558 -3.62642 1.095494 1.190858 0.4681983 20.0975 0.783041 0 0.0
0.03849213 -0.004366819 1.32561 -1.094241 0.9905379 1.026149 0.3963161 19.94913 0.6253357 1 0.001145103
0.003600846 -0.007180834 -3.504281 -1.334421 0.2293322 0.2128617 0.2542828 17.65638 1.143726 1 0.9705942
-0.01517437 -0.007754349 0.8303005 -8.717652 2.40621 2.652796 0.355761 20.68929 1.239061 1 0.013271
-0.02753166 0.01580204 -3.560356 -4.862553 1.042854 1.115319 0.5084544 19.90838 0.4584408 1 0.08731105
0.02233078 0.0106652 -6.423841 -5.231934 1.927373 2.208166 0.4869632 20.56527 0.1914711 0 0.0
0.005257326 -0.009809249 0.05208144 2.864344 2.847754 3.180817 0.6034194 20.65521 0.4203587 0 0.0
0.009021356 -0.01858338 -5.944649 -3.793826 0.3720922 0.4201691 0.6024554 18.26826 0.8969326 1 0.0
-0.03797989 0.02333194 -2.881985 -1.358392 0.7188252 0.7164016 0.3936531 19.47707 0.979475 1 0.8515571
0.01865456 -0.03693368 -2.217122 -1.916984 0.8106834 0.8497344 0.4372071 19.78406 1.588612 1 0.7067582
0.0009904338 -0.002114844 -1.993763 -0.7145746 0.6246701 0.6045317 0.3450685 19.04955 0.4414406 0 0.0
0.02957702 -0.01571951 -2.670877 -6.206321 0.6355429 0.6404817 0.387295 19.4716 0.8919449 1 0.0
0.01976304 -0.01829914 -2.402652 -1.478414 0.4454393 0.4358091 0.3174688 18.83648 1.147566 1 0.9614428
0.02257676 -0.007977288 -4.945232 -4.249573 0.4701949 0.4854491 0.4074061 18.97775 0.7874432 1 3.996534e-05
-0.0278352 0.02250817 -3.262406 -6.495485 0.8952259 0.9350988 0.4907935 19.78136 1.023687 0 0.0
0.01946341 -0.01177594 -6.697768 -3.807169 0.7145826 0.7294989 0.4001277 19.67626 0.9921322 0 0.0
0.009123628 -0.0014821 -6.37899 -0.785512 1.816679 1.968147 0.3791473 20.4548 0.4924431 0 0.0
0.001015489 -0.005933356 -0.6919033 -8.953143 2.647753 2.441509 0.0634985 20.43769 nan 0 0.0
-0.02357307 -0.0427943 0.7190655 -7.736411 0.818954 0.7909023 0.3322722 19.7382 1.153858 1 0.0
0.02722953 0.02000593 2.395313 -0.2703687 2.902986 2.843385 -0.1109349 20.73999 1.228165 0 0.0
0.03408274 0.016265 -3.453427 -7.79389 2.821431 2.872675 0.2610575 20.51493 1.044827 0 0.0
0.04943483 -0.00700858 -0.4614469 -6.708198 1.155961 1.235782 0.4440767 20.19516 1.119936 1 0.0
-0.01304173 -0.002009052 -2.372777 -1.840978 1.885004 2.041586 0.4666853 20.46108 0.5497112 0 0.0
-0.01038434 0.02551436 0.316548 0.7159541 0.4377489 0.4846779 0.5696857 18.60173 1.079618 1 0.0
0.02096151 -0.04280505 3.855304 -8.906943 0.8362717 0.8199062 0.3499899 19.72562 1.021147 1 0.0
0.007141942 0.01484118 -3.641263 -2.785708 1.056069 1.156016 0.5758539 20.02436 0.9562435 1 0.93301
0.04208709 0.00634692 -0.7067493 -0.003116514 1.422698 1.44173 0.3123657 20.30297 0.8947411 1 0.4136797
0.01725105 -0.02914376 3.224047 -8.841059 1.347416 1.391974 0.3010667 20.28604 0.9593468 1 0.0
0.005483447 -0.006456145 -3.477462 -1.987143 0.6958617 0.6532039 0.1840175 19.27377 0.9358311 0 0.0
-0.009748684 -0.0415136 -5.845681 -14.51524 2.430918 2.749619 0.7026737 20.58143 0.9127884 0 0.0
1.144917e-05 0.01637119 4.03919 -4.732288 0.7736945 0.799479 0.4815688 19.64123 0.710598 1 0.0
8.674402e-05 -0.01099927 -3.516524 -3.736508 1.731318 1.885423 0.3770891 20.50654 0.6866016 0 0.0
-0.03683373 -0.01315894 -3.893955 -7.151634 0.419835 0.4649459 0.5636423 18.49815 0.9214935 1 0.0
0.01474128 -0.03122992 -1.893946 1.75219 1.177853 1.326169 0.7247713 19.69005 nan 0 0.0
-0.03405512 0.004786583 0.1318006 1.391807 1.79152 1.906292 0.4798272 20.48002 0.9343643 0 0.0
0.006337207 -0.002149412 -3.979186 -3.755212 1.333929 1.424595 0.4478073 20.12952 0.9699154 0 0.0
-0.002323596 0.01697769 -7.796526 -1.458279 3.033743 3.234556 0.2097743 20.64174 0.9641876 0 0.0
-0.02424512 0.02459594 -11.09504 -1.316341 0.5609946 0.6392501 0.6286284 19.0218 1.659571 1 0.0
-0.00310237 0.02834546 -2.381942 -3.2273 1.849092 1.892311 0.3859398 20.452 0.3785496 0 0.0
0.005634267 -0.003297585 -4.673908 -1.591591 2.112108 2.398303 0.5521208 20.61237 nan 0 0.0
-0.02134747 -0.01408811 5.3214 -5.890441 0.5067846 0.5051313 0.3255054 18.52542 0.9489346 0 0.0
0.002019761 0.00345841 -1.911943 -2.042368 1.220652 1.280231 0.5485941 19.98347 0.6688347 0 0.0
0.003425175 -0.006375925 3.293786 2.248558 2.870716 3.115397 0.3236688 20.63225 0.3925304 0 0.0
0.009174067 0.0006312366 -1.797433 2.63252 1.801984 2.039151 0.4396206 20.44124 1.186993 0 0.0
0.01672881 -0.005709971 -3.151223 -2.182063 0.5526969 0.6591147 0.705921 18.7219 1.222181 1 0.9792262
0.02624629 0.007368159 -1.948825 -2.262669 1.667053 1.958143 0.7239153 20.2154 0.911829 0 0.0
