scripts/get_globular_clusters/output/Ton2_Pismis26.csv
# %ECSV 0.9
# ---
# datatype:
# - {name: x, unit: deg, datatype: float64}
# - {name: y, unit: deg, datatype: float64}
# - {name: pmx, unit: mas / yr, datatype: float64}
# - {name: pmy, unit: mas / yr, datatype: float64}
# - {name: pmx_e, unit: mas / yr, datatype: float64}
# - {name: pmy_e, unit: mas / yr, datatype: float64}
# - {name: pm_corr, datatype: float64}
# - {name: g_mag, unit: mag, datatype: float64}
# - {name: bp_rp, unit: mag, datatype: float64}
# - {name: filter, datatype: int64}
# - {name: memberprob, datatype: float64}
# meta: !!omap
# - comments: [deg deg mas/yr mas/yr mas/yr mas/yr dimless mag   mag   zeroone float]
# - __serialized_columns__:
#     bp_rp:
#       __class__: astropy.units.quantity.Quantity
#       unit: &id001 !astropy.units.Unit {unit: mag}
#       value: !astropy.table.SerializedColumn {name: bp_rp}
#     g_mag:
#       __class__: astropy.units.quantity.Quantity
#       unit: *id001
#       value: !astropy.table.SerializedColumn {name: g_mag}
#     pm_corr:
#       __class__: astropy.units.quantity.Quantity
#       unit: !astropy.units.Unit {unit: ''}
#       value: !astropy.table.SerializedColumn {name: pm_corr}
#     pmx:
#       __class__: astropy.units.quantity.Quantity
#       unit: !astropy.units.Unit {unit: mas / yr}
#       value: !astropy.table.SerializedColumn {name: pmx}
#     pmx_e:
#       __class__: astropy.units.quantity.Quantity
#       unit: !astropy.units.Unit {unit: mas / yr}
#       value: !astropy.table.SerializedColumn {name: pmx_e}
#     pmy:
#       __class__: astropy.units.quantity.Quantity
#       unit: !astropy.units.Unit {unit: mas / yr}
#       value: !astropy.table.SerializedColumn {name: pmy}
#     pmy_e:
#       __class__: astropy.units.quantity.Quantity
#       unit: !astropy.units.Unit {unit: mas / yr}
#       value: !astropy.table.SerializedColumn {name: pmy_e}
#     x:
#       __class__: astropy.units.quantity.Quantity
#       unit: &id002 !astropy.units.Unit {unit: deg}
#       value: !astropy.table.SerializedColumn {name: x}
#     y:
#       __class__: astropy.units.quantity.Quantity
#       unit: *id002
#       value: !astropy.table.SerializedColumn {name: y}
# schema: astropy-2.0
x y pmx pmy pmx_e pmy_e pm_corr g_mag bp_rp filter memberprob
[from data line 332]
0.02099374 -0.0257346 -3.902881 -9.098453 0.348324 0.2774798 0.1173732 18.03942 nan 0 0.0
-0.01924069 0.01624663 -5.292863 -0.3170325 0.5380313 0.4292669 0.120108 18.81609 nan 0 0.0
0.0387648 0.01380498 -5.758324 -1.196359 0.4321441 0.3638359 0.1919401 18.22921 2.519682 0 0.0
-0.009882002 0.007421318 -0.0805965 -5.602232 0.9346863 0.7384564 0.5448432 19.20775 2.51055 0 0.0
-0.02999782 -0.00469974 -4.772297 -3.422416 1.619451 1.290582 0.5921125 19.87455 1.599001 0 0.0
0.005415884 -0.0140931 -5.661621 -1.690034 0.4289807 0.2971198 0.3453536 17.83648 2.342228 0 0.0
0.02008298 0.04473837 -3.064109 -1.420095 0.8759381 0.7635564 0.3163457 19.192 1.676327 0 0.0
-0.02491386 -0.007295607 -7.805586 0.08646699 1.280669 1.019171 0.5780537 19.64841 2.051348 0 0.0
-0.009523311 0.002378337 0.3603261 -4.826164 1.114799 0.7664924 0.4526411 19.24485 nan 0 0.0
-0.00453436 -0.01109469 -9.273532 1.481294 1.962235 1.471171 0.7344348 19.56946 nan 0 0.0
-0.001765532 -0.04489659 -6.091633 -4.70562 0.1642185 0.1304516 0.08883351 15.24632 3.415161 1 0.0
0.005420602 0.04854041 0.3314109 -5.403021 1.181817 1.204773 0.3604712 19.59754 2.434555 0 0.0
0.01532602 0.02251131 -1.674346 -2.049905 1.180841 0.9731793 0.4256729 19.57625 1.866486 0 0.0
0.005248324 -0.02138679 -4.090055 -2.575333 0.9467559 0.7250583 0.5147785 19.26679 2.334841 0 0.0
0.004750332 0.02462994 -5.110452 -0.8003834 0.4700033 0.3935674 -0.01962148 18.4599 2.538549 0 0.0
-0.008759517 0.001836747 -3.79263 0.8173675 2.47496 1.790526 0.7004984 20.11335 nan 0 0.0
0.005489547 0.01314383 -1.943219 -6.993622 1.434417 1.218844 -0.07472701 19.42662 nan 0 0.0
0.01200121 -0.01599743 -4.501861 -9.748437 0.9138567 0.7107747 0.5510742 19.38243 2.359772 0 0.0
0.009383266 0.0353526 1.103187 -5.298016 0.3682937 0.3071517 0.2400408 17.95617 2.930946 1 0.0
-0.001980177 -0.04536199 -7.014619 -4.022212 0.3142877 0.2508025 0.1194479 17.99191 nan 0 0.0
0.005823749 0.01340702 -5.404094 -0.8119187 0.326193 0.2779954 0.02698067 17.97996 2.447977 0 0.0
0.009575412 0.0438212 -4.005305 -3.930456 0.6096361 0.4932444 0.08371888 19.13246 2.403152 0 0.0
-0.02049184 -0.03290227 2.346098 -3.917132 1.358561 1.084245 0.6399806 19.77309 1.891363 0 0.0
0.01191171 0.01984929 -6.084913 -5.838075 0.4182727 0.3442199 -0.1507645 18.52451 2.385962 0 0.0
-0.03998738 -0.02181734 -9.394117 -8.301184 1.391969 1.123135 0.5339541 19.71547 nan 0 0.0
0.01060269 0.04672404 -4.507565 -7.398367 0.399529 0.3310646 -0.006608323 18.46405 2.404512 0 0.0
0.02184782 0.03708176 -6.157438 -0.5931921 0.3089114 0.2570246 0.1065861 18.05609 2.4921 1 0.9953936
0.006778624 0.0141241 -7.258873 0.7111983 1.308092 1.058443 0.5023827 19.33815 nan 0 0.0
0.01067221 0.03236932 -1.513874 -4.790931 0.6620209 0.5532245 0.04693678 19.11386 2.335735 0 0.0
0.02478316 0.03225903 -1.23628 -0.5628148 0.3736153 0.3004079 0.03320671 18.41064 2.450045 0 0.0
0.001073709 0.02174236 -0.722118 -2.795482 0.9278856 0.7291501 0.2754233 19.18544 nan 0 0.0
0.02506263 0.01202578 -7.81598 0.07872252 1.469456 1.122306 0.0100998 20.08579 nan 0 0.0
0.00864016 0.0111637 -3.077817 -4.884929 0.4431831 0.3711817 -0.01735771 18.35933 2.543518 0 0.0
-0.04430042 0.008217066 0.3512101 3.039413 0.2286516 0.176507 0.2835025 17.15969 2.774137 1 0.0
0.009022595 0.01534074 -6.216595 -0.9857512 0.4578537 0.3825468 -0.001178082 18.5663 2.306517 0 0.0
0.008686066 -0.004007361 -6.336172 -1.090127 0.3545244 0.2657247 0.5105936 17.54427 2.611982 0 0.0
0.03032402 0.03588469 -2.820017 -3.575925 0.4560299 0.3743502 0.1176779 18.62794 2.475346 1 0.0
0.006943728 -0.006463836 -3.270729 -6.324537 0.3391951 0.2669681 0.1541565 18.20055 2.546061 0 0.0
-0.01114236 -0.02262342 -2.73456 -7.680923 1.143753 0.9145852 0.4720321 19.4354 nan 0 0.0
0.003460791 0.01732868 -7.812495 -0.2229114 1.490873 1.236107 0.3647827 19.84664 nan 0 0.0
0.006940695 -0.03784353 -6.210312 -0.7782233 0.3479204 0.2629885 0.5142072 17.65478 2.490387 1 0.9957603
-0.01068899 -0.02301245 0.05291622 -0.6740461 0.3033851 0.2415749 0.2632884 18.07487 1.96452 0 0.0
0.007709179 0.01048097 -5.44247 0.7812105 0.3941166 0.3317569 0.3823795 17.88024 2.486626 1 0.7294707
-0.009522772 -0.001688131 -1.242506 -2.181395 0.3545298 0.2833094 0.05807155 18.48648 2.248121 0 0.0
0.0166628 0.02202273 0.2761567 -4.162543 0.4729298 0.3920842 0.07609535 18.60787 2.173538 0 0.0
-0.04428117 0.0157244 -4.045846 -4.521875 1.793551 1.375671 0.6944287 20.03328 1.62849 0 0.0
0.0008110261 0.01457455 -4.702168 -3.709675 1.299298 1.077002 0.4251999 19.47305 2.057615 0 0.0
0.01905703 -0.04185116 -1.935625 -2.513363 0.6998121 0.5587647 0.06667528 18.66659 1.951653 0 0.0
-0.01719398 0.0422405 -2.651859 -6.203595 1.00167 0.7845805 0.5475446 19.49781 2.110052 0 0.0
0.01880724 0.006195019 -1.095953 -3.694619 1.926741 1.511251 0.3624488 19.97044 1.916433 0 0.0
0.007900664 0.01531417 0.2632073 -3.878327 1.332546 1.096428 0.4131738 19.77081 1.959795 0 0.0
0.0191932 0.02149185 -3.900788 -6.547436 0.9623389 0.8252022 0.4796756 19.31961 2.47735 0 0.0
0.004247433 -0.001573185 -4.055497 0.5008995 1.352335 1.054865 0.2786402 19.72663 nan 0 0.0
-0.002672959 -0.01545098 -3.30768 -1.863755 0.6595369 0.5120202 0.1295489 19.05241 2.222399 0 0.0
0.01660905 -0.00399731 -4.770172 0.3957007 0.454755 0.3831674 0.4149444 17.96764 2.519819 0 0.0
0.0224222 0.0412892 -3.268387 -5.17383 0.7106331 0.5786075 -0.0943538 19.08091 2.241899 0 0.0
0.03751679 0.0008509291 -6.697748 -0.3394676 0.5691104 0.4433845 0.2244727 18.60232 2.651413 1 0.9875522
0.02408139 0.004335689 -1.349352 -6.405828 0.2041381 0.1669661 -0.03870488 16.66993 2.905931 1 0.0
0.003700766 0.04184954 -6.045733 -0.6338053 0.4374832 0.3714748 -0.1177483 18.67996 2.65328 0 0.0
0.01469694 -0.01842026 1.846536 -1.419236 0.2956724 0.2209639 0.5167089 17.56848 1.885275 1 0.0
-0.03640861 -0.02182688 -0.5742543 -4.209106 1.273491 1.003663 0.4448294 20.02471 1.330521 0 0.0
-0.001480501 0.01231624 -6.074904 -1.641505 0.4463984 0.3558631 0.09873403 18.44979 2.701889 0 0.0
0.009780061 -0.03167168 1.046756 -7.651313 0.1594223 0.1263182 0.2384452 15.57623 3.274159 1 0.0
0.01203505 0.04364154 -3.039136 -4.202632 0.8168226 0.6641787 0.4558178 19.21324 2.387011 0 0.0
0.04099218 -0.01500104 -3.920166 -8.805418 0.5378043 0.4398635 -0.03301205 18.94247 2.031067 0 0.0
0.03277903 -0.0260747 -2.868915 -3.18053 1.468236 1.245126 0.3252229 19.7931 1.45693 0 0.0
-0.0288461 -0.02026323 -0.862235 -7.826615 0.9398028 0.7416879 0.2962245 19.29492 2.687746 0 0.0
0.01377762 0.04009356 -2.946873 -10.49172 0.4351838 0.3570201 0.04504389 18.44933 2.640062 0 0.0
0.005560108 -0.0004174208 -6.147186 -0.3219087 0.1529939 0.1160222 0.001153638 15.20143 3.187117 1 0.9992426
-0.02489195 -0.001642218 -5.646631 -0.9151135 0.3289187 0.2614242 0.1203891 18.37154 2.556322 0 0.0
0.01403769 0.02674207 -5.312086 -0.3051817 0.3121249 0.2628934 -0.06028162 18.1128 2.61471 1 0.9821027
-0.01117037 0.004144304 -0.4384644 -5.119564 1.025618 0.7115103 0.3801612 19.21694 2.546848 0 0.0
-0.02757773 0.03195284 -4.889564 -7.710311 0.8824999 0.6853138 0.5497195 19.20025 2.299253 0 0.0
-0.0283929 -0.0199388 -0.05630129 -3.211342 0.4878881 0.3914964 0.1073441 18.81929 2.16527 0 0.0
0.01389328 0.02069962 -5.982005 0.8130867 0.6390406 0.529164 0.1072728 19.07122 2.215279 0 0.0
0.0270439 0.01225395 -7.2885 -5.184503 0.6350787 0.5251187 0.04227383 18.96581 2.253088 0 0.0
0.02659472 0.02400338 -4.210189 -6.477108 1.127717 0.9268429 0.5213509 19.4165 2.379528 0 0.0
0.004485812 -0.005937213 -3.164198 -1.069883 2.913189 1.984635 0.7821635 19.94397 nan 0 0.0
0.003696365 -0.04369504 1.194857 -1.281079 0.9594472 0.7367969 0.5495506 19.37219 1.261324 0 0.0
0.03007186 0.003890928 -3.339844 -4.564602 1.38544 1.116176 0.6682625 19.5617 2.370157 0 0.0
-0.01145686 0.004670688 -5.52451 -0.5695079 0.2798569 0.2023641 0.1303102 17.41347 3.014729 1 0.9985589
-0.006421156 0.007879474 -7.276837 -0.1034982 0.4942875 0.3912395 0.103313 18.78302 2.490437 0 0.0
0.03258336 -0.03669855 -0.6047918 1.427044 0.3022907 0.2572869 0.1457461 17.91644 1.702486 0 0.0
0.02838583 0.02549424 -3.906006 -6.56102 1.001286 0.8475619 0.4906343 19.24082 2.391731 0 0.0
0.02595467 -0.02951277 -5.558973 -0.115309 0.4059338 0.3425047 -0.06359152 18.50461 2.030706 0 0.0
0.02149148 -0.03662571 -2.309679 -4.272346 0.3988504 0.317449 0.1818326 18.45325 1.778376 0 0.0
0.01665956 0.00800753 -6.477815 -0.1649643 0.2112065 0.1706574 -0.1300743 14.46977 3.893016 1 0.9868763
-0.03213689 -0.02416325 -16.98343 -8.48546 2.683386 1.931213 0.7107413 20.11938 nan 0 0.0
-0.01355657 0.0014202 -5.619656 -0.795159 0.4566233 0.3689959 0.00575486 18.62203 2.816343 0 0.0
-0.01076873 0.031511 -0.8548378 -3.273098 1.283869 0.9918237 0.5557029 19.75334 2.144846 0 0.0
0.03315837 0.02050639 -1.017044 -6.421322 1.3931 1.217141 0.1078484 19.94447 1.788124 0 0.0
0.02539255 -1.733215e-05 -1.113316 -5.857309 0.4624136 0.3868926 -0.01524332 18.56215 2.584818 0 0.0
0.02395006 0.04001841 -2.895857 -7.674178 0.3673128 0.3022302 0.1083166 17.86969 2.720545 1 0.0
0.02618661 0.01780083 -2.509616 -8.34137 0.353903 0.2920364 0.04264059 18.36683 2.416988 0 0.0
0.02464346 -0.02699843 -5.995085 0.1016156 0.4924121 0.4123846 -0.110437 18.85692 1.992594 0 0.0
0.02714434 0.02541462 0.6973082 -3.289637 0.9951388 0.8200601 0.2382439 19.08526 2.081343 0 0.0
0.02648234 -0.02179965 -6.61 -4.249785 0.3692633 0.3180525 -0.242812 18.13869 2.378359 0 0.0
0.03841301 0.02553918 -3.021139 -4.766696 1.235794 1.000835 0.464392 19.58167 1.778912 0 0.0
0.02570776 0.01384517 1.795075 -0.2319125 1.114006 1.093735 0.3760088 19.51615 1.637037 0 0.0
-0.009238501 0.01474562 -5.359438 -0.6090062 0.4092198 0.3190005 0.1714491 18.28774 2.749533 0 0.0
0.03479756 0.003942202 -0.6244224 -2.834974 0.363494 0.3014427 0.07629619 18.36222 2.661985 1 0.0
0.02448978 0.01209846 -0.5559144 -3.457184 1.168256 0.9591257 0.505992 19.48699 2.045296 0 0.0
-0.01853409 -0.03931806 -3.120617 -2.856184 0.3559301 0.2837982 0.1656106 18.36564 2.240685 0 0.0
0.006368101 -0.03917862 -4.047742 -3.351516 0.3056642 0.2337829 0.5176027 17.4652 2.933823 1 0.0
-0.006539926 0.001596657 -5.798107 0.2343726 0.2852293 0.2194201 0.3234218 17.43394 2.841068 0 0.0
0.002027901 -0.00399542 -6.44532 -0.3904446 0.3424305 0.2686391 0.3029484 17.88126 nan 0 0.0
0.03333519 -0.01003034 -6.001467 -6.351057 0.8272826 0.694877 -0.02525169 19.08315 2.079563 0 0.0
-0.02263583 0.03353004 -1.609997 -0.7140141 1.704936 1.43598 0.2588256 19.93288 1.861231 0 0.0
0.03431537 -0.006223736 -6.807496 0.1895175 0.432263 0.3558986 0.04734339 18.68516 2.40176 0 0.0
0.02108257 0.03313759 -4.151107 -8.605906 1.285623 1.028514 0.4668296 19.72397 2.303955 0 0.0
-0.02895572 0.01496545 -3.713448 -7.266817 1.297246 0.9238136 0.3668532 19.43232 nan 0 0.0
0.002051162 -0.02512121 -7.727982 -1.86732 1.099545 0.8692176 0.5883397 19.40689 2.423378 0 0.0
0.03119925 0.01687568 -2.811895 -3.483571 0.5140281 0.4150108 0.01702981 18.7976 2.130474 0 0.0
-0.01667617 -0.02820539 -2.553294 -0.2406881 1.30021 1.046065 0.3285086 19.92331 2.068264 0 0.0
-0.0003345182 -0.03749988 -5.804615 -0.5403876 0.1558728 0.1212292 0.138775 16.16376 3.023137 1 0.9990261
0.02979181 -0.0383491 -7.853221 -0.6577295 1.41134 1.014591 0.1392374 19.60577 1.767672 0 0.0
0.03074078 0.005378377 -6.13299 -0.4635101 0.4845508 0.4043013 -0.04846326 18.74784 2.399412 0 0.0
0.02657451 -0.03062308 -3.211598 -7.372681 0.3002081 0.2557415 -0.04711449 18.05659 1.953382 0 0.0
0.02831042 0.01586598 -4.885053 0.03339904 1.630358 1.441448 0.4343643 19.91341 1.78788 0 0.0
-0.001241544 -0.002660259 -6.345908 0.4671681 0.3886468 0.2922569 0.5125599 17.75287 2.32277 0 0.0
0.0003096317 -0.01157901 -7.01711 -2.021593 1.397134 1.095279 0.5486696 19.60941 nan 0 0.0
0.03261259 0.02777364 -4.377193 -6.326407 0.6892227 0.5994555 -0.2173482 18.81101 2.576218 0 0.0
0.03144214 0.02644665 0.3367703 -1.266385 0.3891534 0.3176176 -0.09178462 18.19957 2.158094 0 0.0
0.03905943 -0.01505337 -5.976825 -1.608114 0.3258941 0.272605 -0.01893966 18.20244 2.56262 0 0.0
-0.02553315 -0.0105345 3.181255 -1.250349 1.463603 1.147986 0.5636521 19.91829 2.032845 0 0.0
-0.02460872 0.007562744 -3.795497 -2.296365 0.3636558 0.2740782 0.2371044 17.91855 2.864569 1 0.0
0.00140743 -0.003816115 -7.396576 -2.466013 0.3898338 0.2928563 0.365703 16.75853 2.733372 0 0.0
0.007113527 0.02138344 0.9490289 0.3152168 0.9292937 0.7860123 0.3821789 19.19003 nan 0 0.0
0.0376626 0.005848107 -2.434245 -11.03042 0.4098836 0.3313636 -0.04338241 18.60069 2.647135 1 0.0
-0.0008119564 -0.004510381 -5.691157 0.4502441 2.69058 2.042154 0.8662828 19.73202 nan 0 0.0
0.03737199 -0.002231271 -6.256399 -0.5735012 0.4562178 0.3837023 0.01298041 18.6148 2.529825 0 0.0
0.04040241 -0.002992035 -6.183011 0.1355682 0.6608929 0.5507894 0.06265668 19.04639 2.206367 0 0.0
0.005417267 0.004263224 1.825178 0.4687315 1.764212 1.363852 0.6656794 19.11995 nan 0 0.0
0.0005960326 -0.004544711 -5.206961 -1.016137 0.3821455 0.3002312 0.1992988 18.30784 nan 0 0.0
0.03803454 -0.01293948 -3.831167 -7.295121 1.174673 0.9475709 0.4924408 19.47245 1.393234 0 0.0
0.006081244 -0.04655622 -0.1543457 -2.19742 1.296417 1.007214 0.5652787 19.8085 1.49234 0 0.0
0.02038478 0.01420164 -6.987631 3.068651 1.117883 0.9613292 0.3884498 19.40501 2.901239 0 0.0
-0.01460545 -0.004645374 -7.96139 -6.913662 1.536005 1.183627 0.5189039 19.5333 2.016914 0 0.0
0.03821207 0.006812936 -0.3684434 -6.372567 0.5275971 0.4215821 0.007651222 18.95144 2.82439 1 0.0
0.04618499 0.008395171 -5.236726 -3.190268 0.4019182 0.339175 -0.007182654 18.50078 2.362066 1 0.0
0.03638063 0.01945579 -4.849103 -7.460489 1.153317 0.980614 0.3858082 19.4808 2.187769 0 0.0
0.02674305 -0.02647656 -2.849096 -8.408913 1.586078 1.310286 0.3660973 19.89455 0.7985497 0 0.0
-0.0005255857 -0.004514193 -4.790921 -2.222079 1.876579 1.370445 0.2503055 19.76616 nan 0 0.0
0.008664692 0.0166683 -1.872658 -4.573801 1.778726 1.492828 0.4221684 19.82438 nan 0 0.0
0.0123426 0.02678434 1.079345 -2.469738 1.106791 0.9140344 0.3640577 19.52118 2.084637 0 0.0
0.02067532 0.02845708 0.2988105 -7.091827 1.323563 0.9777242 0.299553 19.59519 1.897762 0 0.0
-0.006942236 -0.03375418 -5.017861 -6.571985 0.5138639 0.3952044 0.11605 18.72384 2.2502 0 0.0
-0.03790176 0.004589131 -3.580299 -5.46192 0.3485224 0.2799767 0.1301967 18.38675 2.798594 1 0.0
-0.01329509 0.007058372 -2.054462 -1.919854 0.8574983 0.6113231 0.1147908 19.10944 2.27223 0 0.0
0.03728576 0.01556815 -4.491911 -5.403345 0.360447 0.2989412 -0.1162159 18.2216 2.596956 0 0.0
-0.00728039 0.007619993 -6.157194 -0.8367724 0.4664525 0.3711168 0.05629583 18.76284 2.89012 0 0.0
0.03686616 -0.01133288 -5.092179 -1.597776 0.7266362 0.5977718 0.2820695 19.10477 1.809847 0 0.0
0.03701497 -0.0003656994 -5.976885 -0.5693262 0.5155781 0.4265219 -0.03064923 18.70162 2.85924 1 0.9917179
0.01302838 -0.009543142 1.910643 -5.652816 0.5427546 0.4120814 0.2082472 16.1775 2.019379 0 0.0
0.009212004 0.003187093 -5.904392 -0.4316031 0.1646366 0.1367411 0.1584792 16.39831 2.796026 1 0.9997705
-0.002005475 0.006502627 -5.299117 1.132304 2.388067 1.921144 0.7956331 19.93878 1.642717 0 0.0
-0.0490189 -0.002745624 -0.8189747 -2.397212 0.1714092 0.135825 0.1428808 16.66015 2.858553 1 0.0
0.002816263 0.01738212 -7.529684 2.577969 1.549867 1.313698 0.3396492 19.81174 2.002617 0 0.0
-0.02856743 -0.001048492 0.6647772 1.107174 0.5875685 0.4605779 0.3355165 18.91486 2.478594 0 0.0
-0.02834437 -0.02199872 -2.078408 -5.054319 0.5300314 0.4181341 0.2115226 19.01303 2.815681 1 0.0
0.02530882 0.03334604 -6.396733 -5.921976 1.262105 1.14797 0.3063258 19.55185 0.788044 0 0.0
-0.001456276 -0.005235183 -4.770254 -2.614133 1.155383 0.9888747 -0.05672048 19.21243 nan 0 0.0
-0.03037306 -0.02029057 -5.755806 -7.775809 0.4664868 0.3743548 0.08485296 18.63029 2.804434 1 0.0
0.01440537 -0.04465387 -4.57044 -7.744054 0.4532886 0.3661187 0.1665728 18.80812 2.246956 0 0.0
-0.03024814 0.02307115 -4.362803 -5.715913 1.287116 0.9138198 0.3440443 19.41826 2.869919 0 0.0
