scripts/get_globular_clusters/output/Ton2_Pismis26.csv
# %ECSV 0.9
# ---
# datatype:
# - {name: x, unit: deg, datatype: float64}
# - {name: y, unit: deg, datatype: float64}
# - {name: pmx, unit: mas / yr, datatype: float64}
# - {name: pmy, unit: mas / yr, datatype: float64}
# - {name: pmx_e, unit: mas / yr, datatype: float64}
# - {name: pmy_e, unit: mas / yr, datatype: float64}
# - {name: pm_corr, datatype: float64}
# - {name: g_mag, unit: mag, datatype: float64}
# - {name: bp_rp, unit: mag, datatype: float64}
# - {name: filter, datatype: int64}
# - {name: memberprob, datatype: float64}
# meta: !!omap
# - comments: [deg deg mas/yr mas/yr mas/yr mas/yr dimless mag   mag   zeroone float]
# - __serialized_columns__:
#     bp_rp:
#       __class__: astropy.units.quantity.Quantity
#       unit: &id001 !astropy.units.Unit {unit: mag}
#       value: !astropy.table.SerializedColumn {name: bp_rp}
#     g_mag:
#       __class__: astropy.units.quantity.Quantity
#       unit: *id001
#       value: !astropy.table.SerializedColumn {name: g_mag}
#     pm_corr:
#       __class__: astropy.units.quantity.Quantity
#       unit: !astropy.units.Unit {unit: ''}
#       value: !astropy.table.SerializedColumn {name: pm_corr}
#     pmx:
#       __class__: astropy.units.quantity.Quantity
#       unit: !astropy.units.Unit {unit: mas / yr}
#       value: !astropy.table.SerializedColumn {name: pmx}
#     pmx_e:
#       __class__: astropy.units.quantity.Quantity
#       unit: !astropy.units.Unit {unit: mas / yr}
#       value: !astropy.table.SerializedColumn {name: pmx_e}
#     pmy:
#       __class__: astropy.units.quantity.Quantity
#       unit: !astropy.units.Unit {unit: mas / yr}
#       value: !astropy.table.SerializedColumn {name: pmy}
#     pmy_e:
#       __class__: astropy.units.quantity.Quantity
#       unit: !astropy.units.Unit {unit: mas / yr}
#       value: !astropy.table.SerializedColumn {name: pmy_e}
#     x:
#       __class__: astropy.units.quantity.Quantity
#       unit: &id002 !astropy.units.Unit {unit: deg}
#       value: !astropy.table.SerializedColumn {name: x}
#     y:
#       __class__: astropy.units.quantity.Quantity
#       unit: *id002
#       value: !astropy.table.SerializedColumn {name: y}
# schema: astropy-2.0
x y pmx pmy pmx_e pmy_e pm_corr g_mag bp_rp filter memberprob
0.02824444 -0.03053598 3.936569 -3.750699 1.507638 1.284541 0.5105593 19.66041 1.239124 0 0.0
-0.002865278 0.02054068 -5.883888 -0.01540379 0.4454264 0.3770558 0.1207419 18.31817 2.6572 0 0.0
0.004939949 0.004625654 -5.99324 -0.341874 0.1441814 0.1111039 0.2114836 15.29573 3.227761 1 0.9995896
0.005272862 -0.01212471 -1.666447 -6.081903 0.342088 0.2520013 -0.05420142 18.0399 2.412382 0 0.0
0.0001902499 -0.03893802 -8.323223 -1.327856 2.106445 1.528893 0.7856879 19.75779 1.350767 0 0.0
-0.01954145 -0.01894022 -1.445615 -7.297766 1.196346 0.9805187 0.57392 19.68128 1.77895 0 0.0
0.007088337 0.008020555 -5.797661 0.4515476 0.6484746 0.5374747 0.7750222 17.80454 2.47057 0 0.0
-0.01081296 0.00810783 1.658414 -1.035195 0.34606 0.2667296 0.4356156 17.87593 2.019733 1 0.0
0.004317049 -0.03450928 2.104891 0.7225701 1.382854 1.059657 0.7992169 19.36508 1.436052 0 0.0
-0.002053967 0.03299951 -2.596306 -2.717999 1.961192 1.563797 0.4450499 20.15237 1.825083 0 0.0
0.01643591 -0.03057427 -4.352997 -1.679575 0.9628119 0.7410754 0.5602849 19.36154 1.248184 0 0.0
-0.01086527 0.03835074 -6.280953 -0.3163784 0.4615476 0.3895173 -0.1161909 18.56373 2.572124 0 0.0
0.01355034 -0.02553063 -4.534337 0.1192076 1.829681 1.334796 0.801638 19.69594 nan 0 0.0
-0.01941472 0.04195383 0.7859189 0.07030592 1.193018 0.9292301 0.5732946 19.50555 nan 0 0.0
0.03849425 -0.001091269 -0.8566233 -9.982551 2.093631 1.881722 0.7709023 19.78704 1.736563 0 0.0
-0.00570407 -0.00517436 -4.233398 -1.973408 0.5424988 0.4397979 0.117919 18.78484 2.471287 0 0.0
-0.0267415 -0.03371304 -0.3215631 -7.055118 0.3539574 0.2752302 0.50333 17.72303 2.778851 1 0.0
0.003628056 0.02060168 -5.069441 -0.2155377 0.4255581 0.3547096 -0.1406997 18.45912 2.549294 0 0.0
0.01718657 0.01601064 -5.605757 1.308411 1.870685 1.50336 0.3411129 19.85512 2.385624 0 0.0
0.01402763 -0.02477923 -6.899318 -2.266768 1.241238 0.9488091 0.7887124 19.17057 1.702065 0 0.0
-0.02847042 -0.00494326 1.266213 -0.3682493 0.4814113 0.3836733 0.1521725 18.87379 1.911076 1 0.0
-0.000883524 -0.006551244 -5.220749 -0.7696347 0.3847323 0.2848429 -0.05117572 18.11121 2.368149 0 0.0
0.005512284 -0.001630491 -2.405101 1.988346 0.6036145 0.449329 0.5116756 17.554 2.438583 0 0.0
0.01935744 0.01082592 -5.093231 -4.031471 0.3581437 0.2979025 -0.04485908 18.03919 nan 0 0.0
0.01976571 0.01990478 -2.534151 -4.44346 1.303633 1.111957 0.2426754 19.90717 2.106085 0 0.0
0.004865225 -0.04146732 -2.961433 -3.611799 1.766355 1.388492 0.5454039 19.96124 1.064413 0 0.0
0.01518323 0.02463994 -6.12534 -6.430386 1.259486 1.061378 0.2704549 19.86712 2.230196 0 0.0
-0.004583099 0.004831672 -6.174418 -0.1128016 0.3322475 0.2562788 0.3478273 17.89548 2.438917 0 0.0
0.004917662 0.02773509 -2.741848 -4.975631 0.5001942 0.4156355 -0.0791318 18.59715 2.66662 0 0.0
0.0001187567 0.0005517272 -3.099439 -3.223168 2.171508 1.7672 0.5847525 19.67563 nan 0 0.0
-0.02053682 0.04109902 -0.4157567 -4.56941 1.401809 1.095305 0.5709319 19.47876 1.894625 0 0.0
-0.02595492 -0.03198851 -1.074681 -0.9168314 0.1467139 0.1135004 0.191322 14.642 2.480264 0 0.0
-0.01553105 -0.02823566 -1.758554 -3.142336 1.193351 0.9597179 0.4539599 19.83214 1.658195 0 0.0
-0.01238843 0.008969697 -5.633787 -1.202099 0.597818 0.4699741 0.1523547 18.7832 2.638174 0 0.0
0.04309944 -0.002474803 -6.179106 -3.043177 3.042472 2.305507 0.754964 20.14848 1.271275 0 0.0
0.01472607 0.007306048 -6.293328 -0.5422312 0.3459236 0.2937757 0.3965666 17.85392 2.718262 1 0.9987495
-0.002052768 -0.008996489 -6.574143 -0.4820314 0.5414907 0.4299188 -0.3135328 18.41809 nan 0 0.0
-0.0004062981 0.001417662 -6.051436 -0.7560878 0.3613949 0.2847104 0.1659972 18.05338 2.542255 0 0.0
0.003435904 -0.003922995 -2.885004 -1.638161 1.6859 1.548274 0.4475863 19.60046 nan 0 0.0
0.03870212 0.03040276 -6.337481 -5.434338 1.445473 1.131089 0.4342747 19.58942 1.853779 0 0.0
0.003889355 -0.003423292 -7.516734 -2.032558 0.7070708 0.5574475 0.1643908 18.67429 nan 0 0.0
0.002433103 -0.01854087 -6.137535 -0.6311321 0.147298 0.109934 -0.07426609 15.96372 2.883348 1 0.9994632
0.03520864 0.01485585 -5.449086 -1.97887 0.433572 0.3474478 -0.1565554 18.24764 2.737783 1 0.04899479
0.004438764 0.005064377 -7.538258 -1.558985 0.6355159 0.4708621 0.8056956 17.59554 nan 0 0.0
0.002004847 0.02507639 -6.755686 0.2267392 1.168043 0.9990594 0.4100298 19.40835 2.140913 0 0.0
-0.004033241 -0.01138457 -6.717823 0.0339135 0.4002828 0.2935574 0.4575576 17.91056 2.529619 0 0.0
0.003006659 0.003603422 -5.224724 -0.08289618 0.4600868 0.3633681 0.1582339 18.78276 2.379345 0 0.0
-0.02345048 0.04225017 0.7403949 -2.561477 0.3997938 0.3191361 0.07899353 18.67813 2.054644 0 0.0
0.03480717 -0.02549201 -6.716006 -2.22848 1.061576 0.9549033 0.396241 19.03927 1.675137 0 0.0
0.001789919 0.02259303 -5.101167 -0.3058181 0.2837876 0.2404085 0.3050568 17.41202 3.009983 1 0.9621598
-0.01116901 -0.004637129 -5.346064 -0.4241284 0.4385475 0.3395175 -0.009687291 18.17322 nan 0 0.0
-0.03493363 -0.01308286 -5.780752 -0.4870285 0.1927986 0.1518789 0.1814977 17.03536 2.821256 1 0.9985287
-0.01943885 0.04286935 -4.495154 -4.160652 0.433365 0.3444397 0.09201768 18.75095 2.626127 1 0.0
0.02542538 0.02534658 -4.829146 -5.983051 1.746035 1.323703 0.3748033 20.0219 1.864506 0 0.0
-0.04062015 0.0002007441 -2.753524 -5.439798 0.9188736 0.7899585 0.4403828 19.13424 2.129332 0 0.0
0.02893427 0.02383845 -4.804262 -5.876383 1.161541 0.9871523 0.4729851 19.46303 2.226236 0 0.0
0.04091781 -0.01989907 -0.303589 -4.159717 1.327831 1.177231 0.1394056 19.6047 1.224607 0 0.0
0.01086008 0.01158301 -5.085133 0.3440258 0.5513707 0.4523934 -0.02191741 18.95054 2.582397 0 0.0
0.009258159 -0.009069535 -7.131486 -0.4658758 0.4127983 0.3248609 0.155441 18.66153 2.393898 0 0.0
0.0319429 -0.02862255 -4.965585 -4.303868 0.4901323 0.4094643 -0.1261165 18.77781 2.095137 0 0.0
0.01011836 -0.0009252726 -6.688804 -2.901939 1.799431 1.581276 0.570903 19.43095 nan 0 0.0
0.0127831 -0.04692331 0.9482108 -2.095212 1.010369 0.8141152 0.2677919 18.90339 2.460939 0 0.0
-0.0007640816 -0.01826999 -1.680872 -2.819687 0.2452816 0.1715971 0.3330364 17.18122 2.072125 0 0.0
0.007683051 -0.01065245 -7.239692 -3.306894 0.6868064 0.5303221 0.3555102 18.99548 2.160501 0 0.0
0.01002204 -0.007085995 -5.624204 -1.221313 0.4367253 0.3384363 0.2169279 18.23017 2.380934 0 0.0
0.04093066 0.002668677 -3.723052 -6.510746 1.239422 0.990211 0.09941422 19.94004 2.084167 0 0.0
-0.01093015 -0.00604853 -3.406128 -2.299243 0.5326481 0.4158231 0.001992093 18.26232 2.676334 0 0.0
0.009425313 -0.008192177 -6.124835 -0.8721565 0.150149 0.1154796 0.1832344 16.4278 2.834594 1 0.9970716
-0.00844813 -0.007730477 -6.239232 -0.9112769 0.2812241 0.2010336 0.3825732 17.37285 2.880733 1 0.9984189
0.01224162 -0.005434575 -7.063937 -1.914028 1.062004 0.8989531 0.4200968 19.31681 2.639576 0 0.0
-0.001838221 -0.0004706351 -1.98177 -7.21896 0.4052 0.2910913 0.4826219 17.60431 nan 0 0.0
-0.01980416 -0.01800187 -3.238682 -5.250939 1.451829 1.158613 0.5886873 19.77305 2.405033 0 0.0
-0.02834602 -0.01782926 0.6858531 -2.151173 2.088258 1.555346 0.4564088 20.372 1.772415 0 0.0
0.009379214 0.004278075 -6.567946 -0.6593028 0.345595 0.2928037 0.4127891 17.77468 2.341682 0 0.0
-0.007919178 -0.04366486 -3.444502 -6.746925 0.3662867 0.2795636 0.4667376 17.8407 2.575922 0 0.0
0.005988915 -0.009706243 -6.19526 -0.4136941 0.1930932 0.1507373 0.200858 16.54185 2.833158 1 0.9993333
-0.002243934 -0.0005316817 -5.392802 -0.1155897 0.2296843 0.1753234 0.09605897 16.63488 2.768698 0 0.0
0.0212667 0.009860258 -8.064849 -0.3565076 1.627404 1.390106 0.3684383 19.93296 1.494349 0 0.0
0.002887096 -0.002080472 -4.324744 -0.2415401 1.346372 1.0962 0.5818327 19.28569 nan 0 0.0
0.01875859 0.002716028 -5.507023 -0.4647507 0.3509858 0.2975387 0.4075976 17.83205 2.300253 0 0.0
-0.02197709 -0.01246356 4.420106 1.795406 2.738379 1.805194 0.7408564 19.92689 1.789454 0 0.0
0.04257116 -0.007956209 -4.658427 -4.281063 1.866442 1.598946 0.2640411 20.01788 0.9297428 0 0.0
0.002863581 0.006697148 -5.352568 -2.267926 0.9915108 0.7490394 0.5208657 19.25809 nan 0 0.0
0.01221795 -0.004271088 -1.205686 -4.306398 0.3232061 0.2723557 0.3914375 17.47923 2.321478 0 0.0
0.03358862 0.02166968 0.6497796 -5.234419 1.398271 1.242825 0.3518293 19.65192 1.63271 0 0.0
0.01042966 0.006280646 -5.275493 -0.7834122 0.2007013 0.1679244 -0.03550352 16.93188 2.732862 1 0.9571012
0.005869334 -0.01298687 -5.298187 -0.07505889 0.2973115 0.2046267 0.3429993 17.28061 2.621218 1 0.9893897
-0.04572902 0.002707747 -1.815544 -1.681816 1.23322 0.9669482 0.5834971 19.78492 1.526279 0 0.0
-0.03889317 0.0283618 -1.412554 -5.360139 0.4351742 0.3534686 0.05566165 18.62068 nan 0 0.0
-0.01078555 -0.01552422 -5.121499 -4.950064 1.488242 1.077518 0.3373414 19.50278 nan 0 0.0
-0.004106619 0.01999894 -3.122064 -7.983435 1.034032 0.7933368 0.5657608 19.4928 1.948563 0 0.0
0.02187567 -0.02832886 3.180749 -0.1167733 1.242462 0.8926879 0.2933079 19.79586 1.49667 0 0.0
0.00637081 -0.008634346 -6.308704 -0.612434 0.3570257 0.2683384 0.5212053 17.67711 2.607323 0 0.0
0.01083976 0.03513877 1.82753 -0.5874985 0.5673439 0.4768182 -0.04004001 18.96423 nan 0 0.0
-0.00789943 -0.00633805 -4.99857 -0.7640764 0.3934229 0.3101166 0.1023004 18.07484 2.521175 0 0.0
-0.004059288 0.0273346 -2.654298 -5.650825 0.314833 0.266134 0.1571801 17.59713 3.159878 1 0.0
-0.01706477 0.000877766 -2.739714 -6.355106 1.112845 0.8952426 0.4528798 19.34389 2.056969 0 0.0
0.007353313 0.03174031 -3.129077 -5.897371 1.486873 1.247976 0.4237389 19.81446 1.680124 0 0.0
-0.02278117 -0.03521467 -0.3767446 -1.422249 0.5196243 0.3991411 -0.1916864 17.82924 2.145535 0 0.0
-0.01611002 0.000378261 -3.895574 -5.031778 0.8193119 0.655888 0.164283 19.02204 2.415035 0 0.0
-0.01515469 -0.002936503 -5.863362 -0.463627 0.2035271 0.1560229 -0.001010797 16.48816 3.432186 1 0.9996276
0.026351 0.01040789 -3.680616 -4.117461 0.1557365 0.1285503 0.1109155 16.37246 2.772843 1 0.0
0.008711316 0.007432913 -6.331152 1.443842 1.840523 1.494031 0.3590851 19.85651 nan 0 0.0
0.009734217 -0.01790444 -5.697459 -0.9871941 0.3142074 0.2322557 -0.1316073 18.0249 2.679615 1 0.9937477
0.04178343 -0.008382993 -6.109435 -0.4598194 0.5375763 0.4520063 0.001388112 18.67728 2.192993 0 0.0
0.02575005 -0.001364048 -6.36972 -1.324004 0.2095232 0.1816551 0.3287927 16.47153 2.940738 1 0.4845164
0.0009537686 -0.02166126 -5.91425 -0.6809795 0.4223796 0.3316759 0.00964454 18.43501 2.733498 0 0.0
-0.01011275 -0.04889127 2.100787 -4.192046 0.1256928 0.0977714 0.1923126 15.71222 2.724708 1 0.0
-0.03759742 0.01594946 -7.458474 2.955773 1.001953 0.8347498 0.1317071 18.58057 2.704025 0 0.0
-0.02059812 0.00497764 2.153816 -0.9091661 0.42436 0.3332671 -0.0212635 18.66391 1.761646 0 0.0
-0.0297486 -0.03026192 -6.586787 -0.1580996 1.130213 0.941019 0.5595317 19.65477 2.094084 0 0.0
-0.002196039 -0.005910403 -1.369294 -5.771713 1.162894 0.8183692 0.4129362 19.18196 1.907078 0 0.0
-0.007038869 -0.02135261 -5.620986 -0.1749951 0.2866195 0.2271628 0.2249884 17.97495 nan 0 0.0
0.0411825 0.02567498 -2.993622 -5.028717 0.3310126 0.273718 0.0929997 18.11773 2.393549 0 0.0
-0.006895768 -0.02082998 -5.897497 -0.6193727 0.148625 0.1129865 0.170251 15.68274 3.184937 1 0.9996873
-0.01875974 0.002723657 -3.957428 -3.903936 0.1909657 0.1436224 0.04709664 15.43509 3.803146 1 0.0
-0.009597807 0.02409158 1.747941 1.478635 1.432521 1.074275 0.4755117 19.82837 2.108854 0 0.0
0.02466802 -0.02494231 -2.681534 -0.7736819 1.444972 1.18965 0.3542537 19.89163 0.8367748 0 0.0
0.001097076 -0.01145313 -5.850586 -0.9239874 0.3192454 0.231677 0.4662202 17.36134 2.604496 1 0.9971498
0.004843577 -0.008775371 -6.505701 -0.7634365 1.719396 1.281099 0.5127773 19.78248 nan 0 0.0
0.02371625 -0.01729734 -6.587305 0.1042148 1.365782 1.118173 0.4267274 19.73926 nan 0 0.0
0.01918881 0.00504288 -6.048965 -0.8128625 0.445401 0.3731521 0.004208014 18.37122 2.135767 0 0.0
0.005440192 -0.008191765 -6.360508 -0.608161 0.3940061 0.2966227 0.503311 17.8022 2.44114 0 0.0
-0.04742863 0.01041615 0.2431504 0.05622379 0.116137 0.0922355 0.08578744 15.80889 2.658655 1 0.0
-0.02508505 0.004606189 -5.222568 -2.000366 0.1651929 0.1260049 0.1270829 16.03855 3.14222 1 0.0
-0.01011625 -0.02408811 -4.972402 -7.817426 0.171491 0.1335715 0.1661854 16.71754 2.996093 1 0.0
-0.02030221 -0.02862213 1.757487 0.3016315 0.3472528 0.2680014 0.08468468 18.20193 1.705742 0 0.0
-0.0006922023 -0.04942462 -6.597958 -6.891307 1.477319 1.129091 0.5861158 19.96083 1.464989 0 0.0
0.005515144 0.03568869 -1.995997 -8.696972 0.4835507 0.4100483 -0.01228357 18.3399 2.015316 0 0.0
0.02452952 -0.01133524 -0.06532159 -0.811071 1.946126 1.462713 0.6797261 19.77218 1.253771 0 0.0
0.001670083 0.002390392 -5.919679 -0.554512 0.1638809 0.1273094 0.1578582 16.04455 2.840136 0 0.0
0.01253556 0.03805674 -3.453322 -1.300387 0.8190971 0.6579441 0.4448521 19.20085 2.302824 0 0.0
0.02304378 0.04350152 -2.615599 -6.73656 0.4091421 0.3355707 -0.1108885 18.21298 2.426687 0 0.0
0.02324793 0.01016482 -5.792367 -0.0875782 0.3354753 0.2734016 0.1522109 14.71607 5.529086 0 0.0
-0.002769697 0.01820228 -1.728152 -4.164196 0.6755899 0.5292798 0.2874083 19.0819 2.299017 0 0.0
-0.02747411 0.01071646 2.52784 -6.833714 1.761379 1.244582 -0.1240255 19.71497 2.218605 0 0.0
0.02784257 -0.0210563 -0.2723606 -1.644219 1.107222 0.9253458 0.3686098 19.38712 nan 0 0.0
-0.03413161 0.006429704 -2.284012 -2.845804 1.933595 1.401871 0.6083205 20.03156 1.805752 0 0.0
0.0009779554 0.002466699 -8.485352 -1.996492 1.422962 1.072835 0.09242658 19.83312 nan 0 0.0
-0.0006210706 -0.001267886 8.163695 4.657065 3.634485 2.704486 0.3100795 19.78379 nan 0 0.0
-0.0384235 -0.001651992 1.532394 -3.40997 0.5526634 0.4399533 0.1781311 19.11697 2.428934 0 0.0
0.00448776 0.02528227 -1.014029 -2.483576 1.362327 1.132856 0.3143503 19.75698 2.130833 0 0.0
0.01668232 0.003258227 -6.024162 -0.7908373 0.3057872 0.2580599 0.3817525 17.43186 2.663437 1 0.9988349
-0.02909644 0.008789401 0.1848776 -5.846981 0.1916452 0.1478421 0.07151268 16.38487 3.016956 1 0.0
-0.03915509 0.02706847 -6.775622 -0.3715161 0.5624117 0.4468993 0.1364374 18.9186 2.387278 0 0.0
0.01395446 -0.03303422 -0.3985995 -4.990677 1.097585 0.8680872 -0.1846691 12.41161 0.9059935 0 0.0
-0.005943574 0.005274077 -10.43585 -2.902705 2.810648 2.040076 0.7765241 19.97552 2.204891 0 0.0
-0.002886584 -0.04332879 -0.8918792 -2.554559 0.5673738 0.4506674 0.2511438 19.03116 1.818295 0 0.0
0.02989205 -0.02674865 -3.200245 -4.486735 0.2400488 0.2035167 0.2033506 17.28933 2.959364 1 0.0
-0.01948697 0.04418922 -0.8434375 -1.454448 1.308569 1.023747 0.5715958 19.6748 2.531969 0 0.0
-0.03881988 0.02527956 -3.02257 -2.910064 1.369526 1.0592 0.5310916 19.8057 2.482718 0 0.0
0.007731866 -0.0005168037 -9.49299 -1.984792 1.826845 1.541964 0.2659046 19.66738 1.991623 0 0.0
-0.03535299 0.01482145 -6.479248 -0.4501848 0.4120369 0.3237672 0.005323229 18.67763 2.683084 0 0.0
-0.03280499 0.02831906 -1.649281 -8.70348 1.004428 0.7494881 0.5654598 19.39925 2.626581 0 0.0
-0.01748798 -0.02534838 -3.410625 -4.230761 2.402439 1.800911 0.7759599 20.14629 1.394159 0 0.0
0.00809319 0.0291882 -1.512525 -6.395547 1.019721 0.8645702 0.4176009 19.25501 nan 0 0.0
-0.01806778 0.003387592 -10.62186 2.926026 0.8730134 0.6741652 0.07539634 18.162 2.613279 0 0.0
0.001598275 -0.007001391 3.352591 -3.004751 1.376188 0.9669829 0.3989294 19.40834 2.11252 0 0.0
0.003982983 -0.03642043 -3.280134 -6.031866 1.288008 1.049939 0.5566826 19.54128 1.280344 0 0.0
-0.04055558 0.01266721 -3.292061 -4.577456 0.3801275 0.3068363 0.07225912 18.61843 2.641579 1 0.0
-0.001122243 -0.001180154 -6.225923 -0.5112917 0.6288104 0.3739239 0.02961448 17.82485 nan 0 0.0
-0.04040427 -0.001733186 -7.989713 0.4543256 1.321001 1.064406 0.5774062 19.52324 2.188637 0 0.0
0.01286917 0.03418857 2.691884 -2.806173 1.559863 1.258985 0.5135571 19.90091 2.042273 0 0.0
0.03197751 -0.004456453 -4.763306 -10.08795 1.632037 1.369344 0.767122 19.51993 1.545006 0 0.0
-0.005655746 -0.0127389 -6.492919 0.3685621 1.300426 1.03229 0.2273215 19.76403 nan 0 0.0
