scripts/get_globular_clusters/output/Ton2_Pismis26.csv
# %ECSV 0.9
# ---
# datatype:
# - {name: x, unit: deg, datatype: float64}
# - {name: y, unit: deg, datatype: float64}
# - {name: pmx, unit: mas / yr, datatype: float64}
# - {name: pmy, unit: mas / yr, datatype: float64}
# - {name: pmx_e, unit: mas / yr, datatype: float64}
# - {name: pmy_e, unit: mas / yr, datatype: float64}
# - {name: pm_corr, datatype: float64}
# - {name: g_mag, unit: mag, datatype: float64}
# - {name: bp_rp, unit: mag, datatype: float64}
# - {name: filter, datatype: int64}
# - {name: memberprob, datatype: float64}
# meta: !!omap
# - comments: [deg deg mas/yr mas/yr mas/yr mas/yr dimless mag   mag   zeroone float]
# - __serialized_columns__:
#     bp_rp:
#       __class__: astropy.units.quantity.Quantity
#       unit: &id001 !astropy.units.Unit {unit: mag}
#       value: !astropy.table.SerializedColumn {name: bp_rp}
#     g_mag:
#       __class__: astropy.units.quantity.Quantity
#       unit: *id001
#       value: !astropy.table.SerializedColumn {name: g_mag}
#     pm_corr:
#       __class__: astropy.units.quantity.Quantity
#       unit: !astropy.units.Unit {unit: ''}
#       value: !astropy.table.SerializedColumn {name: pm_corr}
#     pmx:
#       __class__: astropy.units.quantity.Quantity
#       unit: !astropy.units.Unit {unit: mas / yr}
#       value: !astropy.table.SerializedColumn {name: pmx}
#     pmx_e:
#       __class__: astropy.units.quantity.Quantity
#       unit: !astropy.units.Unit {unit: mas / yr}
#       value: !astropy.table.SerializedColumn {name: pmx_e}
#     pmy:
#       __class__: astropy.units.quantity.Quantity
#       unit: !astropy.units.Unit {unit: mas / yr}
#       value: !astropy.table.SerializedColumn {name: pmy}
#     pmy_e:
#       __class__: astropy.units.quantity.Quantity
#       unit: !astropy.units.Unit {unit: mas / yr}
#       value: !astropy.table.SerializedColumn {name: pmy_e}
#     x:
#       __class__: astropy.units.quantity.Quantity
#       unit: &id002 !astropy.units.Unit {unit: deg}
#       value: !astropy.table.SerializedColumn {name: x}
#     y:
#       __class__: astropy.units.quantity.Quantity
#       unit: *id002
#       value: !astropy.table.SerializedColumn {name: y}
# schema: astropy-2.0
x y pmx pmy pmx_e pmy_e pm_corr g_mag bp_rp filter memberprob
[from data line 498]
-0.03003473 0.02654262 -0.9435058 -5.747818 1.046853 0.8046293 0.6254778 19.31738 2.734869 0 0.0
-0.007709955 0.007032485 -6.1293 0.1086587 1.313642 0.9966188 0.5400593 19.7318 2.115091 0 0.0
-0.03158675 -0.02738643 -5.905477 -0.701219 0.6660079 0.5271663 0.2358542 19.06649 2.134445 0 0.0
-0.005844975 -0.03317806 -5.014245 -7.457685 0.5229153 0.4136947 0.1461211 18.78146 2.252504 0 0.0
-0.03213709 -0.02372075 -0.1891759 -0.7824608 0.9465582 0.7592714 0.5814724 19.2361 2.117949 0 0.0
-0.03141792 0.02303632 -6.515805 -6.059565 1.773708 1.250256 0.3292356 19.81429 2.453695 0 0.0
-0.004272788 0.004228968 -5.326615 -0.8346574 0.4297809 0.3440913 0.07200869 18.49889 2.212429 0 0.0
-0.01281647 5.083198e-06 -3.030046 0.4051574 1.723852 1.252024 0.2862661 19.85147 nan 0 0.0
-0.03283156 0.03422801 -3.627432 -2.338374 0.4607565 0.366616 0.1319377 18.76869 2.280878 0 0.0
-0.03761693 0.007602892 -4.802731 -5.602445 0.6867985 0.5491329 0.3915526 18.85274 2.563059 0 0.0
0.03986092 0.01035589 -1.149412 0.6074843 0.3608486 0.3060189 0.2310503 18.03561 2.97806 1 0.0
0.0005960297 -0.004888033 -6.486097 -0.4858366 0.3546787 0.2638834 0.5008019 17.64965 2.48905 0 0.0
-0.02302855 -0.007630672 -1.696871 -6.920952 0.6254097 0.4960024 0.2431339 18.84103 nan 0 0.0
-0.02295149 -0.02474719 -5.949538 0.4970687 0.9803814 0.7956354 0.6044638 19.37826 2.251553 0 0.0
-0.02488828 -0.01225089 -2.157214 -2.601587 0.3299238 0.2546687 0.308648 17.80911 2.847345 0 0.0
-0.004676516 -0.02670062 -2.153256 -2.463326 0.3556488 0.2662034 0.5126235 17.54961 2.881907 1 0.0
-0.02263313 0.0249546 -8.783743 -2.137879 0.1578439 0.1245044 0.1285701 16.73503 2.929872 1 0.0
-0.03879227 -0.02586408 -3.16495 -7.588228 1.120024 0.8988535 0.5563515 19.54281 2.413727 0 0.0
0.01308624 0.04620101 -0.2324708 -2.172191 1.178763 0.960987 0.472426 19.5621 1.999237 0 0.0
-0.04103229 0.0114615 0.06383046 -0.2269492 0.3890556 0.3212132 0.07752558 18.28599 2.157444 0 0.0
-0.0130518 -0.01827117 -6.975638 -0.7854779 1.324314 1.052205 0.4614807 19.98204 1.493921 0 0.0
-0.02250703 0.003451189 -5.985893 -0.2736277 0.2630784 0.1966978 0.3056724 17.35755 2.133244 0 0.0
-0.02509517 0.03362459 -6.95896 -3.076013 0.9065348 0.7048835 0.5747448 19.31744 2.582829 0 0.0
0.02447496 0.03871742 -2.939099 -3.069205 1.230949 1.136976 0.2539331 19.41235 1.766279 0 0.0
-0.006274811 -0.028013 0.1381911 -7.313704 0.8917547 0.7063912 0.241531 18.76023 2.11923 0 0.0
0.0420358 0.01511921 2.438339 -1.403084 0.6108251 0.4969723 0.3023495 18.87619 1.937496 0 0.0
-0.005132208 0.007078491 4.208746 4.228818 1.29733 0.9927608 0.5716418 19.77411 nan 0 0.0
-0.008739972 0.03742406 -4.852294 -8.61425 0.5672257 0.4829428 -0.1462426 18.97754 2.592878 1 0.0
0.002648487 -0.0009551269 -4.620688 -0.8526681 0.7671095 0.6102071 0.4200121 18.99941 nan 0 0.0
-0.02375142 0.01348726 -1.834699 -5.050154 0.5338428 0.4311223 -0.09939361 18.92291 2.403166 0 0.0
-0.02383183 -0.03195726 -6.550313 -10.18174 0.4412083 0.3485311 0.2192491 18.34459 2.39616 1 0.0
0.04760804 -0.005292894 -1.35514 -4.737461 1.469465 1.265329 0.1277572 19.9367 1.36482 0 0.0
-0.02602168 0.02063521 -2.628032 -5.52677 0.6022347 0.4507926 -0.05879539 18.6347 1.184202 0 0.0
0.006820718 -0.04533559 -5.003246 -11.09192 0.9244529 0.7293261 0.5285141 19.39207 1.9002 0 0.0
-0.0241857 0.02720858 -5.692406 -7.616969 0.3052085 0.2442226 0.2020178 17.98843 2.880051 1 0.0
0.004532809 -0.01751864 -6.389506 -0.4929182 0.2822536 0.2228158 0.2511759 17.98254 2.527899 0 0.0
-0.007304309 0.00812353 -5.217259 -0.1041411 0.476062 0.3727645 0.1349551 18.68178 2.351555 0 0.0
-0.02545767 -0.02153606 -0.4055818 -6.445541 0.9991607 0.7883892 0.6026528 19.40563 2.449787 0 0.0
0.003723307 0.01597827 -5.530182 -0.6128117 1.106398 0.9355729 0.4036268 19.3954 nan 0 0.0
-0.01666109 0.009670738 -0.6462093 -2.411113 1.773872 1.190182 0.417848 19.79474 2.829472 0 0.0
-0.02768254 -0.005904256 -5.092222 -5.103603 0.9098996 0.7205896 0.5617612 19.26876 2.198462 0 0.0
-0.004320932 0.01104964 1.646168 -0.965436 1.175265 0.9409807 0.3637384 19.86652 1.783943 0 0.0
-0.02742976 0.01958565 -4.937325 -2.345366 0.5030523 0.3853241 -0.2208023 18.64733 2.601221 0 0.0
0.02224221 -0.0002337262 -5.29911 -2.865688 1.252391 1.154429 0.07370186 19.77399 nan 0 0.0
-0.02052825 0.01104303 -7.674391 1.275862 0.6824372 0.5606475 0.1683522 19.12739 2.405243 0 0.0
-0.01503605 0.0003632348 2.172974 1.726048 2.39792 1.878667 0.8143697 19.89792 2.100471 0 0.0
-0.03838825 -0.02297232 -0.5076818 -0.5844045 2.791422 1.939149 0.7689504 20.0669 nan 0 0.0
-0.02350487 -0.01052237 -1.107897 1.547057 1.529667 1.115687 0.3080663 19.7871 nan 0 0.0
0.02184063 0.01338868 -4.201973 -5.778843 0.5257563 0.4370129 0.2198917 12.97504 7.088604 0 0.0
-0.01933656 0.01769238 -3.429956 -5.258956 0.8658518 0.6771013 0.5140413 19.26211 2.221069 0 0.0
0.01637844 0.03131921 -4.107177 -1.439374 0.9286467 0.7977224 0.4679679 19.16496 1.827444 0 0.0
0.02948005 0.01575488 -4.015356 -3.315105 0.360348 0.29634 0.08557677 18.37244 2.484793 1 0.0
-0.01879389 0.04208369 -2.347665 -6.706274 0.4361624 0.3471879 0.08115685 18.64294 2.683865 0 0.0
-0.02050945 0.02885767 -1.328522 -3.593451 0.5655724 0.4424445 0.1975217 19.0986 2.359568 0 0.0
-0.01975745 -0.01431686 -5.775518 -0.8093285 0.3477497 0.280219 0.2356208 18.03451 2.683292 0 0.0
0.005630466 -0.01623698 -2.191432 -11.04348 0.4907441 0.3843483 0.1202515 18.84356 1.75317 0 0.0
0.01523152 0.02719577 1.340755 0.6260997 0.4845853 0.4078314 -0.08053061 18.80455 2.050285 1 0.0
-0.02110026 0.00812462 -6.554624 -0.06647581 0.5625893 0.4599568 0.105415 18.88454 2.619024 0 0.0
-0.0005495738 0.01169827 -6.6805 -1.024936 0.3294294 0.2626807 0.1793059 17.96725 2.521069 0 0.0
-0.02043342 0.01333187 -2.599368 -7.036908 0.4768543 0.3598317 -0.1646263 18.76804 2.178551 0 0.0
0.03623518 0.01504989 -3.844813 -8.228307 0.5294964 0.4349572 -0.1092675 18.53375 2.791437 0 0.0
0.004606831 0.02060544 -4.857442 -8.132287 1.306543 1.092171 0.3989453 19.57511 2.341219 0 0.0
-0.02200287 -0.006211283 -5.789887 -0.8957736 0.9487817 0.745821 0.5771761 19.3482 2.636221 0 0.0
0.008662373 -0.002580661 -6.114565 -0.7686041 0.1545696 0.1185894 0.2018676 15.90165 2.996578 1 0.9993673
-0.02192007 -0.04290864 0.6157833 -1.088609 0.1823479 0.1414269 0.1989661 16.39966 3.139858 1 0.0
0.01543768 -0.01335069 2.690793 -4.000946 1.472722 1.15253 0.6874872 19.54682 1.715429 0 0.0
0.001335488 -0.02255772 -7.332426 2.886508 1.852769 1.522614 0.4126822 19.6204 nan 0 0.0
0.0006437452 -0.006310916 -6.795865 0.222039 0.415298 0.3270135 0.1244174 16.04831 2.789582 0 0.0
-0.02468197 0.01236924 -2.645654 -2.428528 1.501893 1.241312 0.4722748 19.88656 1.955441 0 0.0
-0.004106131 0.01145401 -6.861597 -0.9354908 1.14827 0.919051 0.0501539 19.90309 2.468678 0 0.0
0.009545587 -0.0009709706 -5.681815 -0.5657768 0.2066439 0.1725694 0.05634343 14.38432 3.99653 1 0.9994446
-0.0151146 0.03343283 -0.03782513 -1.67754 0.3572473 0.2784335 0.1361659 15.48605 5.769189 0 0.0
0.002242117 -0.02204276 -1.088158 -3.146157 0.4730971 0.3703549 -0.01362621 18.7674 2.220684 0 0.0
-0.01436965 0.009564421 -5.481242 -0.1788314 0.9976585 0.7800856 0.6207608 19.25061 2.551165 0 0.0
-0.01544772 0.02805785 -2.486435 -3.292187 1.104822 0.8796975 0.5421494 19.34845 2.475916 0 0.0
-0.003724232 0.01170962 -4.341534 -1.095514 1.272699 0.9931425 0.2264133 20.00708 1.811813 0 0.0
-0.01525198 0.005726654 -4.370264 -0.08990631 0.4394276 0.3459249 0.1310274 18.73336 2.347805 0 0.0
-0.04738113 0.01077095 -6.928922 -7.132743 1.679567 1.313283 0.5199931 19.67635 nan 0 0.0
-0.01766458 0.01372171 -2.192752 -4.481697 0.9533401 0.7516274 0.5517075 19.33185 2.411772 0 0.0
-0.02520774 0.01415815 -6.749696 -1.374919 0.9911584 0.8145298 0.502091 19.47551 2.44816 0 0.0
0.007544073 0.02935229 -3.878163 -5.269542 0.3032 0.2511638 0.3100637 17.19652 3.331598 1 0.0
-0.0157557 0.01713249 -5.776137 -1.451021 0.3954901 0.3160861 0.1550162 18.34296 2.671104 0 0.0
-0.03106292 0.03021573 0.9745708 -1.442668 0.2967514 0.230345 0.3951432 17.65679 2.845991 1 0.0
-0.01054767 -0.01055363 -4.914859 -1.014362 0.5532565 0.4241216 0.1103801 18.607 2.558464 0 0.0
-0.01012147 0.01298311 -5.277469 -0.9413902 0.3891188 0.3076506 0.221829 18.25081 2.657772 0 0.0
-0.01000344 0.02248935 -5.619477 -1.087722 0.3259848 0.2601707 0.1452755 18.24058 2.612864 1 0.9773458
0.01341458 0.01404306 -6.782173 -2.109081 0.3812458 0.3245687 0.4199026 17.96381 2.56464 1 0.05337618
-0.01071948 0.02147836 -6.370844 -1.071855 0.2519319 0.1951745 0.4136793 17.29538 2.884611 1 0.9860285
-0.02693033 0.02463268 -2.961684 -4.951127 0.382268 0.3116202 0.07601521 18.33718 nan 0 0.0
-0.004509583 -0.02566301 -1.118996 -3.415309 0.4301254 0.3404939 0.189859 18.50417 2.609049 0 0.0
-0.01067274 0.02822656 -4.621566 -4.888822 0.6446953 0.5065098 0.2085052 19.11793 2.628103 0 0.0
0.04676544 -0.01659911 -6.079428 -5.694354 0.3763966 0.3076359 -0.08923095 18.32946 2.487747 0 0.0
-0.01376215 -0.04669461 -1.283744 2.066618 0.3361 0.2682074 0.1528342 18.20299 1.818792 0 0.0
0.04173463 -0.01024835 0.1332689 -0.8734188 0.4437921 0.367464 -0.04927904 18.58719 0.4616814 0 0.0
-0.03268816 -0.01857878 -4.773169 -5.086607 0.3639887 0.2925864 0.09188869 18.47422 2.601927 1 0.0
0.001168489 -0.02206944 -2.336122 -5.280252 0.4230576 0.3568203 0.06482058 18.50257 nan 0 0.0
0.03963134 -0.01641934 -1.307126 -4.086235 0.473701 0.3951861 -0.004995971 18.51107 2.384121 0 0.0
-0.01245785 -0.003656963 -6.397222 -0.1534667 0.3997963 0.3170804 -0.06000686 18.43109 2.717865 1 0.9981667
0.002458852 0.03674935 -1.755513 -2.71064 0.325926 0.2943703 -0.06271624 17.66702 2.002897 0 0.0
-0.04181257 -0.001291486 -0.4084542 -1.432753 1.468576 1.143386 0.6093301 19.90594 1.789188 0 0.0
0.006083887 -0.01534819 -1.504471 -2.598246 0.7780529 0.5762201 -0.1871849 19.07635 1.95734 0 0.0
-0.01415558 0.01336772 -5.061848 -0.141655 0.383754 0.3036731 0.1838975 18.40075 2.686657 0 0.0
-0.002578497 0.01187752 -3.897031 -7.447466 1.062349 0.7787032 0.5058856 19.21452 nan 0 0.0
-0.00157521 -0.0228095 -1.187049 -4.151931 0.9668256 0.7535052 0.4336446 18.8614 1.979387 0 0.0
-0.01403145 -0.01107684 -3.709192 -5.988866 0.3603613 0.2870998 0.07797555 18.17309 2.700214 0 0.0
-0.006180858 -0.01089644 -5.250612 -0.4544233 0.2677403 0.2010994 0.08132399 16.09277 2.911906 0 0.0
-0.002626226 0.01161049 -6.260398 -2.136932 0.4951877 0.3858486 0.2182638 18.18854 nan 0 0.0
-0.01376854 -0.01330839 -2.942212 1.486567 1.391385 1.056076 0.8026613 19.3941 2.494022 0 0.0
0.02293472 0.001051609 -11.67975 -3.249846 2.337797 2.16273 0.6134488 20.11154 2.076389 0 0.0
-0.005868265 -0.04008648 -1.125625 -7.331854 1.956829 1.409606 0.3356121 19.77869 2.21785 0 0.0
-0.006017884 0.03765703 -7.505209 -1.333165 0.9521679 0.8097629 0.3753966 19.22178 2.623491 0 0.0
0.04104149 -0.01222397 -4.445351 -3.396131 0.4177432 0.3464699 -0.04457912 18.60449 1.696825 0 0.0
0.01207395 -0.009096656 -0.5575086 -4.218501 0.5750865 0.4508521 0.1952653 18.89042 nan 0 0.0
-0.008308421 0.02231409 -2.805641 -8.215716 0.418809 0.3332724 0.08473402 18.51532 2.751551 1 0.0
-0.006799693 -0.0275858 -7.017995 -0.4497847 1.572598 1.121428 0.8027356 19.26629 2.398312 0 0.0
-0.006869417 -0.04687291 3.910686 -2.147139 0.6783756 0.5399863 0.3387594 19.13527 1.932837 0 0.0
0.04454915 -0.01223368 -1.48606 -2.187284 0.5597678 0.475342 -0.06114051 18.84372 2.101439 0 0.0
-0.03046691 -0.02402519 0.6831998 -0.4324915 0.4042828 0.3198226 0.2389262 18.40765 2.113705 0 0.0
0.01503174 -0.01476585 -6.379554 -1.465225 0.5687923 0.4319607 0.3574164 18.72623 2.286694 0 0.0
-0.007471764 0.01173985 -6.745952 0.1880689 0.4469928 0.3854156 -0.2331237 18.19345 nan 0 0.0
0.03020445 -0.02136243 3.471996 0.5722117 2.665055 2.050096 0.7452872 19.91628 0.9392834 0 0.0
-0.0133092 -0.04556156 -3.530231 -7.296531 0.1902413 0.1484291 0.1846294 16.95779 3.051292 1 0.0
-0.01360109 -0.01553614 -5.309416 -0.5477796 0.3101419 0.2457655 0.176848 18.16838 2.632349 1 0.9927839
0.02247642 -0.01445118 -3.146197 -6.132677 0.3990245 0.3351384 0.2672466 17.99746 2.54051 0 0.0
-0.006447202 0.03219054 -6.103441 -7.793327 0.4259298 0.3561051 -0.1062154 18.52345 2.807449 0 0.0
-0.02870437 -0.01669644 -6.396976 0.2193564 0.3481058 0.2784764 0.1123596 18.33047 2.636614 0 0.0
-0.008071741 0.04060559 -2.561422 -2.639185 0.4457095 0.3726559 -0.1906309 18.48165 2.639595 1 0.0
0.03622045 -0.01418213 -5.143103 -4.901767 0.8826883 0.7282455 0.4100461 19.16577 1.888834 0 0.0
-0.00756429 -0.01630963 -3.052156 -5.037353 1.311626 1.001521 0.4979815 19.63577 1.999228 0 0.0
0.01595684 -0.03939755 -1.231038 -5.241324 1.337631 1.099895 0.5186286 19.73123 1.663109 0 0.0
0.0179796 0.03715531 1.738895 -4.188496 1.073303 0.8551416 0.5194169 19.46968 1.967428 0 0.0
-0.00439167 -0.003205884 -7.352695 -1.300753 0.3779786 0.2467906 0.4291271 17.58924 2.571048 0 0.0
0.03586412 -0.01099286 -4.237133 -5.495232 0.3181354 0.2631577 0.05643823 18.04957 2.665268 0 0.0
0.007995839 0.01254469 -5.518039 -0.6934211 0.1479765 0.1235551 0.03015208 15.31522 3.230868 1 0.9940545
-0.03215816 -0.02995397 -3.412458 -5.42063 1.011013 0.8076034 0.6077984 19.32647 2.708405 0 0.0
0.0001425821 -0.01987216 -0.2035733 -3.558127 1.064448 0.8024823 0.3380557 19.08282 nan 0 0.0
-0.004297965 0.02615585 -6.179401 0.3030481 0.4532109 0.3796654 -0.4438355 18.23413 2.674019 0 0.0
-0.01895514 0.01967231 -6.337549 0.4556582 1.228312 0.9661492 0.5186504 19.76147 2.833933 0 0.0
-0.02258927 -0.03860206 -3.325824 -5.833378 0.3989376 0.3185234 0.1511326 18.32235 2.724581 0 0.0
-0.007323519 -0.03757273 -0.6791387 0.2720983 0.4119697 0.3283607 0.1552372 18.59715 2.38987 1 0.0
0.01107789 0.03098453 -4.217432 -7.629687 0.4271248 0.3607553 -0.1089014 18.49978 2.713938 1 0.0
0.01873068 -0.0128136 0.9244142 0.002340728 1.680794 1.362794 0.4678012 19.72663 2.242516 0 0.0
-0.007251832 -0.03882394 -5.69443 0.2217172 0.4709499 0.3780408 0.1389779 18.69654 2.458866 0 0.0
-0.01422568 0.005726864 -5.386664 -0.7145008 0.1944733 0.1416819 -0.04672228 16.63186 3.20029 1 0.9892653
0.02450996 0.001287601 -2.463483 -7.349775 0.3265662 0.2747049 0.5596571 16.74049 nan 0 0.0
0.02853232 0.03368816 -2.162823 -10.48798 0.5588532 0.4561993 -0.05012088 18.48757 nan 0 0.0
-0.006084345 -0.02346205 -4.386259 -2.377367 0.1456438 0.1124855 0.1879064 15.93667 2.809754 1 0.0
0.007036643 -0.0323809 -2.91634 -2.088978 0.4221525 0.336117 0.1547246 18.5451 1.958305 0 0.0
-9.607564e-05 0.02993252 3.248623 -1.10645 1.529658 1.287916 0.3946562 19.7278 1.700478 0 0.0
0.002957356 -0.03450921 -6.050467 -0.1666475 0.4430446 0.3503323 0.242354 18.68961 2.294985 0 0.0
4.7136e-05 -0.0345473 -4.647915 -1.118241 0.5045663 0.3897062 0.3664065 17.94914 2.408854 0 0.0
-0.02533905 -0.01963249 -6.239479 -7.717984 1.4758 1.187042 0.6074644 19.64408 2.237886 0 0.0
0.0149376 -0.008502101 -1.787547 1.271376 0.9905271 0.8476561 0.3931866 19.36096 2.35438 0 0.0
-0.01009514 -0.004541602 -6.613426 -0.5109362 0.4197574 0.3307893 0.10209 18.18297 nan 0 0.0
-0.0002632295 0.03656628 -6.658295 -7.228973 0.5920803 0.4877938 -0.183682 18.87413 2.474537 0 0.0
-0.01362148 -0.03385432 -5.581139 -0.1484336 0.3946426 0.2987145 0.5305322 17.8694 2.728867 0 0.0
0.02424747 0.001379242 -2.461131 -5.543283 0.3647693 0.3103172 0.05757639 16.24667 2.887206 0 0.0
0.01290892 -0.01038617 -4.523039 -4.412457 0.2338626 0.1860506 0.1719461 15.47859 4.186286 1 0.0
0.02208347 0.02688882 -1.745314 -0.7510254 1.863521 1.468974 0.391812 20.05212 2.151415 0 0.0
0.009567767 -0.01363195 -3.230365 -4.41767 0.1939679 0.1585953 0.1515469 16.61389 2.950184 1 0.0
-0.03636309 0.02972115 -6.346209 -5.745251 0.3486398 0.2669476 -0.2143169 18.11354 2.872942 1 0.0
-0.02182806 -0.031743 -1.874806 -4.123481 0.4521813 0.3591269 0.20752 18.75562 2.434542 1 0.0
0.02483927 -0.01264379 -0.124278 -3.083825 0.4009837 0.3362608 0.4076532 17.81977 2.590322 1 0.0
-0.03497885 0.03084718 -6.872569 -0.1224258 0.4117719 0.3283665 0.1121342 18.52787 2.182953 0 0.0
